1
154.6744,60.0813,55.6245,181.6069
153.4954,59.7000,63.3523,182.4002
155.0365,59.6846,58.9926,184.0482
152.4323,56.2179,73.0477,183.4481
153.9628,58.8026,70.0285,183.2305
154.3882,56.4270,78.0808,180.6230
154.5233,58.5024,80.8961,178.7213
152.5289,55.7727,84.0978,176.2248
153.3072,55.0258,82.5779,177.8805
152.2152,56.2292,52.9630,180.4543
152.0578,54.4600,74.7354,176.6710
151.6326,54.6072,57.8688,176.3295
150.7228,55.4223,80.5573,173.7215
147.8145,57.2074,72.5071,172.6490
145.8067,57.5420,72.4855,173.4190
142.6731,57.4471,60.5395,174.1082
143.8324,55.7073,75.7896,172.2160
136.8671,54.9329,90.3042,173.0031
137.2232,55.0775,87.4756,172.0090
133.5670,54.9290,95.9819,167.8964
131.9348,57.0582,97.3095,165.7861
132.2203,56.0936,91.9811,167.3636
131.3081,55.7387,90.4746,167.7793
130.5734,60.5439,88.6432,163.8089
133.5927,60.5364,87.4904,163.3786
138.2134,60.5948,70.6051,163.6041
137.1006,63.0562,70.4426,163.1374
143.3996,66.1439,49.4887,160.1455
141.9774,64.7488,50.5815,161.8919
142.3006,66.2133,47.1471,160.5309
142.3554,67.0939,48.6819,160.4272
139.4426,68.3537,52.5715,159.0025
139.5403,68.0513,53.2965,160.2308
134.7557,67.4023,55.1133,157.7014
135.1527,68.0613,55.7097,157.7172
129.2270,70.4255,59.6275,156.3590
129.0177,69.7289,59.7891,154.1827
124.0368,70.9402,66.4523,154.2500
123.6484,69.6726,65.6326,152.6704
121.5851,71.6006,68.3342,152.6791
121.7281,72.2019,66.8500,150.3733
122.5036,73.7095,66.9766,151.4294
123.2132,73.2539,66.8173,150.9912
126.3658,70.8419,62.7192,153.5809
126.3065,70.7741,62.6698,153.6454
125.9570,73.1357,62.0152,151.8629
126.5501,73.3488,61.5356,150.3721
127.0358,76.7803,61.2361,148.7226
127.2086,76.7148,60.4949,147.6956
129.5367,77.4094,60.1657,150.1558
129.8331,77.6886,60.2950,150.6511
133.5027,75.8965,65.6482,150.8268
134.1293,77.8967,65.5391,150.3203
130.8161,72.2798,72.0722,154.6040
129.4882,72.6377,75.6558,154.1728
132.8307,68.7948,78.6899,158.5697
130.4950,69.9930,85.6627,155.8345
130.8032,68.4190,87.6377,161.1186
130.5184,69.1268,89.7120,158.4859
129.9990,64.5860,96.1825,166.8132
132.2909,66.7976,96.1681,164.3739
128.3877,66.5117,100.2307,166.9663
129.9967,66.8282,99.9550,165.8485
129.5200,66.6039,106.8561,166.0779
132.0741,67.8889,107.3034,166.3172
129.7191,68.5872,113.1246,169.4273
132.2234,68.6429,111.7034,170.1072
135.0898,66.8117,112.2355,170.2027
136.9839,67.9547,113.0577,168.2922
139.1367,67.9101,110.3937,174.9636
138.8967,67.4616,109.6202,176.5047
137.0197,68.7302,123.0245,176.5408
147.3289,68.6851,107.3014,174.2712
167.0779,69.1103,88.4451,178.6331
169.9065,69.3503,87.1754,178.2531
184.1892,71.7740,77.4824,178.1004
185.8029,68.7091,78.6706,177.4905
194.0447,64.2143,78.3306,182.0004
195.5680,62.4290,78.8173,184.7862
200.2884,54.6247,79.5738,188.8451
198.4305,56.9463,83.3086,188.6786
198.9554,55.2164,88.2951,189.1401
200.4973,56.0706,87.2580,187.2388
203.4208,52.6729,86.3667,189.5041
203.9599,53.2116,79.3396,188.6114
200.4859,52.3133,99.3278,187.1592
201.2946,45.1652,97.3434,195.0293
203.5616,49.0960,95.3692,188.8244
202.4868,48.5218,104.0476,189.3860
203.4816,53.3181,104.5943,183.3098
201.3603,54.1365,101.8503,184.3558
190.7961,60.1033,111.9235,175.6120
193.6422,60.8801,113.8335,174.7069
194.1469,67.4209,106.3893,164.9008
196.4952,67.9981,108.0836,168.0393
185.8560,73.6582,110.4254,161.5894
185.6865,75.7545,116.3978,159.4217
160.5742,85.4385,131.1872,150.5197
159.6132,86.1455,131.3856,149.0081
151.3016,92.5011,140.8781,142.0354
149.0894,91.2320,154.2510,144.6505
149.6680,97.1747,134.3302,135.5990
143.4228,104.2434,151.3067,131.1113
143.3571,114.7281,162.2477,119.5585
144.0950,107.8959,159.6794,126.5487
149.5794,106.7556,155.3026,129.3074
154.0805,103.2083,135.0832,129.6398
161.2072,104.2203,120.1268,128.9071
165.1092,102.2842,109.0260,129.6107
166.0728,100.7689,107.4640,133.3560
169.5146,99.5843,104.0369,133.4108
170.6052,96.6129,105.3786,134.7381
182.8237,93.1097,95.6435,135.3544
186.9851,90.3677,102.0156,137.7856
195.4986,92.6455,96.3202,140.8284
203.0949,88.3415,91.6015,142.9369
200.4621,86.6895,93.5017,143.3194
200.5966,87.4461,99.0800,144.6207
196.3751,84.7010,95.4073,142.3135
183.0576,80.2987,103.4424,149.1953
172.9666,73.2770,89.9825,152.7130
160.6938,64.3325,77.7297,154.6405
151.3024,55.2869,79.7828,159.1429
147.5682,43.2933,75.4792,161.0226
149.4332,32.7644,70.2526,158.2550
150.3281,32.3061,70.9681,148.7617
148.9154,26.3662,72.4464,145.2235
139.9336,27.3202,78.0506,144.4316
142.0361,14.3375,72.1099,157.3821
133.2549,20.9060,77.7217,153.1890
138.5707,13.2664,75.8417,154.6169
136.3007,14.1884,77.4062,156.6847
140.1335,15.9039,76.2155,161.8193
143.9400,19.2168,73.3205,154.7976
146.4528,18.5830,73.6097,164.4966
153.2001,20.1302,69.5943,165.7056
159.0354,22.4520,67.4541,170.6530
161.6387,30.9065,72.3461,171.4819
167.2597,30.3173,73.8090,180.0183
174.4655,53.6795,75.4676,161.5963
185.6107,69.2121,71.0182,154.7195
193.2971,72.9637,70.5338,153.2524
200.2550,74.4655,68.0903,151.1018
207.2712,78.2950,67.7369,145.7676
214.3892,80.5421,68.2021,142.1928
212.4606,81.9635,72.5940,141.1099
208.8986,79.9483,84.1933,141.6081
214.0884,84.1493,81.7478,135.3228
218.4639,87.4465,81.5391,131.5376
226.9409,86.8358,78.3196,130.4461
227.2970,87.6204,101.3003,131.1649
228.6043,86.6295,105.6522,133.6519
235.4020,86.5959,109.4945,135.2635
234.0649,84.9978,113.6929,138.8821
232.7003,82.7583,114.2022,140.6153
235.0788,79.3067,108.6350,142.2209
234.9868,78.4399,97.1661,146.7531
236.1523,81.2258,84.0004,144.9465
235.9096,80.9209,81.2603,143.9589
235.8717,81.9196,70.3624,145.4920
221.6886,81.7356,86.3390,143.2328
224.2108,78.5046,82.7930,148.3963
218.8630,78.1917,87.5530,150.5271
219.0565,77.0756,87.4058,151.3477
211.9868,73.6456,94.3521,153.5842
195.2677,67.4166,104.2119,160.1593
186.9924,65.4518,101.7468,160.2929
179.1317,61.5320,97.7337,165.5791
175.7766,57.3442,96.6519,167.9308
170.5995,57.8749,90.2858,166.2962
168.4269,53.8591,90.7236,173.5999
170.2235,48.9324,94.1634,177.7764
165.9050,47.2597,96.3787,177.7258
166.7582,49.1343,85.7606,178.7851
162.7099,54.0176,85.0021,175.9586
162.2786,59.8306,74.8241,175.2115
158.7547,63.4539,87.8017,171.5175
160.1908,62.7140,86.0867,176.1419
159.0439,67.6283,87.0976,170.5617
156.5105,77.5632,89.1582,161.9385
153.1418,80.0087,93.7504,158.6286
149.0683,87.8978,91.7538,151.4414
146.1265,87.3979,96.8788,154.9976
140.0944,86.4636,106.8832,155.0123
135.4852,91.8873,113.3978,150.9990
133.3205,91.8014,118.1286,152.3783
132.8669,91.1914,127.7823,150.7145
129.7797,92.7245,132.0684,147.5790
130.2402,94.1801,143.3945,146.1646
133.9239,91.8374,142.3575,151.3670
137.2905,93.1484,142.7998,148.9225
141.9944,91.0117,124.2150,150.9311
145.6679,92.5821,117.6333,150.9846
156.8318,89.5999,120.2128,152.4654
162.1273,90.3327,110.8559,151.9807
164.2916,88.4582,107.2820,152.0318
168.3082,88.0410,106.5027,152.1979
165.7363,85.8707,104.5634,153.8128
165.3107,85.7218,112.6213,151.1544
163.7666,84.8488,112.9024,153.0956
163.0594,85.9938,108.9358,152.0478
160.8922,85.5657,111.0635,154.6624
159.4350,88.4867,111.6818,155.6762
160.4257,88.6851,115.7215,154.3976
158.8747,88.2997,120.9508,156.7071
156.5996,84.2654,128.1850,158.3068
152.6413,82.0526,144.0067,162.3889
151.2791,83.3176,149.0623,162.1470
154.1492,84.1466,152.4537,160.2296
158.0858,83.8906,150.6657,161.1168
162.1049,78.3877,154.4195,164.2236
167.6786,77.3075,158.9897,166.5549
170.8242,76.4419,158.7596,167.5516
173.1754,73.7202,159.4954,169.2795
178.7889,68.5077,158.3831,172.4554
184.1474,63.7543,149.7793,176.0490
189.4626,58.7156,145.8108,177.5784
190.8513,57.8709,138.8226,176.4816
196.6498,65.0963,125.6728,172.4995
197.4646,58.0355,120.7918,178.9280
195.4504,57.7260,105.6894,180.6969
192.4392,56.3350,118.9978,177.1330
194.1522,57.7376,110.7217,176.9018
192.9543,52.8807,117.8903,181.9801
197.8575,55.8436,113.2890,177.1806
197.8430,62.1445,118.1960,172.6501
200.4430,58.4985,114.5592,174.4875
200.6006,60.8756,112.8697,173.0718
193.6322,64.0509,123.7071,171.3396
178.4975,68.2899,151.4883,165.7504
196.9383,63.4822,133.2576,172.8463
192.6078,69.2980,139.3409,167.9666
197.0737,70.6686,136.7392,165.3114
193.9470,75.9254,149.7011,161.0727
191.4968,75.9947,154.8103,160.5752
185.8221,78.6113,168.5796,159.8020
187.5050,80.4437,160.9711,158.8558
181.5438,84.3412,160.2324,155.6630
189.9891,83.5453,139.5588,152.8890
185.3034,83.7593,134.4622,155.1785
186.0368,80.6901,132.4148,158.5446
187.1245,84.4728,123.5176,157.2276
196.8341,81.0462,114.0043,156.4994
197.7241,81.8429,112.8345,157.2773
191.0356,84.4104,120.6703,158.6055
205.6082,85.8825,108.9509,157.8924
199.7323,85.4513,108.6891,157.5576
197.9607,83.9835,107.7041,157.5251
200.5354,83.2843,103.1874,158.1001
194.4580,82.6720,101.2242,158.4933
193.1809,82.3685,98.6904,157.8398
193.9397,82.7675,100.1400,158.2053
193.4608,79.5831,101.5323,160.5323
189.8194,78.9206,102.7687,162.7627
189.6761,78.0294,105.1185,164.1389
186.1560,75.8582,109.2558,163.7283
187.5076,68.7225,100.0897,169.7280
188.2941,68.8989,100.8942,171.8549
185.7033,67.3515,102.2695,172.4363
185.1179,67.2111,101.6191,170.6849
170.9742,64.1852,115.3932,173.3692
158.3976,67.5712,134.6805,172.7306
159.8096,62.7141,115.0589,174.1109
160.9725,60.3380,110.5083,178.7722
166.5538,60.4207,102.4496,178.8098
169.3661,60.1329,92.5674,179.1770
169.5032,58.9472,90.9982,177.1974
172.8143,60.1623,87.3690,178.7998
176.6060,58.8707,85.2404,179.7884
174.1171,60.6218,91.3333,176.8119
172.0961,62.4607,98.4716,175.7983
174.4880,60.5910,102.3120,176.3994
180.9631,68.5542,82.3219,166.4415
181.1220,68.5460,77.7501,168.9601
180.4807,73.2000,77.4874,165.4662
178.5095,79.7257,81.0818,160.7038
179.6763,81.3712,80.9396,156.0921
180.6795,84.7635,81.6902,153.6777
180.6721,85.1291,82.7849,151.0920
179.2708,87.4108,90.1486,149.9299
177.5771,85.5331,99.0053,150.1087
182.9340,86.4382,83.2886,150.1638
183.5490,88.6447,83.3371,150.6098
181.3990,87.0174,86.0013,152.7640
182.3270,88.1011,84.7334,152.7074
184.7020,85.6769,84.9403,155.0692
184.6561,86.0177,86.1343,155.1717
186.7117,83.8875,89.5380,155.5293
182.9063,84.0347,105.5533,155.4447
183.0909,82.3248,101.8112,158.8246
183.1101,77.9751,100.6550,162.0364
186.1704,78.0507,101.6487,161.7641
190.1885,75.7433,100.7760,163.6563
186.5025,73.4042,105.6628,166.8641
185.5052,71.2985,103.7056,169.2679
184.0874,70.5932,101.3527,170.3457
188.9112,67.5458,100.7417,173.8338
185.2278,67.5365,103.0206,174.4156
189.3663,66.6109,97.5427,175.7917
189.6629,65.4477,90.9840,174.3714
191.4846,63.6334,91.1549,176.3242
195.3328,61.0095,85.0970,180.3772
197.6423,60.8627,82.0449,181.0462
186.6862,61.9936,94.1120,178.9671
189.8689,61.1708,87.5043,180.1978
188.4187,64.3939,87.1682,175.5347
187.8112,58.9614,86.9318,180.5207
185.4008,59.0461,88.7008,183.6236
184.1073,59.0657,89.4203,182.8308
183.5112,58.4425,91.1238,184.2942
183.4443,56.9847,90.7439,185.2813
186.8371,56.6350,87.3242,185.8136
187.5042,53.1205,87.1982,186.2464
188.1932,56.2030,88.6941,184.2185
189.8875,56.7994,86.0871,185.0324
194.9940,56.4139,79.8866,186.0592
192.5599,58.6859,83.7636,183.1432
196.1230,60.3900,80.0889,182.3088
196.5176,61.8195,79.1232,181.2053
198.2159,63.8302,77.2292,179.4516
198.2797,62.9833,77.9596,180.4316
198.3849,64.7651,80.4529,180.4122
195.9430,64.1812,83.2293,181.1656
192.6767,64.3698,86.6756,179.3560
191.5907,66.0329,87.2267,179.2486
192.2370,68.2106,89.6888,178.5874
192.1139,69.3567,84.4520,177.1785
193.1929,72.6917,91.5324,173.4775
191.5369,71.3916,92.5240,175.5618
189.4601,70.7770,91.3879,176.1652
188.5193,72.0379,95.7217,174.3179
188.3413,73.1708,88.1226,174.5674
186.7536,73.4522,90.1519,173.8673
184.3526,74.6614,90.5342,172.6591
182.8733,74.0297,93.9766,172.2054
184.0146,77.1981,89.7709,171.3809
185.9318,77.3985,86.2115,171.4927
187.4440,77.1691,85.9486,170.4025
188.8141,78.3411,87.8236,169.9919
193.4217,72.6228,85.0423,175.9047
193.0399,67.6057,91.6434,183.8262
194.3418,57.4632,94.7605,195.4672
196.3006,55.5717,95.4208,198.6234
201.8853,51.7494,92.2447,202.5263
204.8619,49.9330,93.4342,202.3730
209.7222,46.5626,91.8419,206.9420
212.8698,47.2343,93.3881,207.2468
214.7254,51.4088,94.1643,201.3606
217.4476,49.7769,94.3597,203.7592
221.3272,48.2008,89.9032,206.9347
225.5097,52.2497,95.5426,201.4635
228.7018,51.7105,88.3428,205.6861
230.8185,49.3858,92.1336,205.9231
236.0489,52.4009,87.8749,205.2118
242.4384,50.3568,86.3317,208.2700
242.5736,49.2136,87.1920,210.3223
243.2828,39.8203,87.1034,218.6562
245.8500,38.0510,95.8390,221.5905
248.4388,36.2645,97.9271,226.2789
251.7539,33.2453,105.9157,226.4474
250.0187,27.2461,127.9351,230.5614
242.9800,25.6662,126.2275,229.2435
240.3948,29.7816,121.8115,227.9888
241.0649,30.7575,118.4353,228.1976
235.9530,26.0902,103.3065,230.0445
233.7744,24.4949,97.8170,235.6498
228.1948,25.4444,102.4049,234.7795
222.7919,25.2558,93.1198,234.0333
220.7201,31.0455,90.9220,226.5455
213.5674,32.3840,97.8002,222.2545
202.2800,33.3639,100.8026,221.2069
193.8518,33.7525,112.2607,220.3868
183.3268,37.9491,115.9154,217.2197
175.8731,41.8203,116.7901,211.6140
171.5054,43.8838,116.2494,208.7037
161.8755,46.8144,114.4288,204.3782
154.8138,47.8480,116.8881,205.9155
147.5007,45.2294,126.9867,207.4054
139.5537,50.2476,127.1674,205.2321
132.0206,43.3619,138.4999,208.2150
127.2056,48.6890,140.3173,201.9059
129.9223,50.6990,133.0282,200.1583
125.3257,52.8391,141.9336,197.2436
124.4029,52.4635,139.7018,196.3927
120.7334,54.8015,132.4868,194.5162
115.9346,49.9620,142.4848,195.3847
119.8931,51.5462,141.7007,196.1433
113.9226,54.4275,144.6855,193.7586
110.2658,57.5970,148.6278,189.0230
113.9413,54.6316,144.6309,187.4781
105.8682,54.5600,147.4003,188.3029
111.6834,48.2424,140.0278,191.2611
114.4136,51.7740,121.4692,186.1042
127.4118,55.7417,109.7437,188.0915
123.8148,54.0982,116.5285,189.0171
124.8031,54.5725,109.7622,188.9073
147.5383,50.8805,72.9955,191.8761
145.0052,57.3690,85.2423,184.7839
137.1857,57.4312,110.9240,186.8169
123.6796,56.1008,124.5167,185.1630
128.5779,53.6300,128.4230,190.0690
118.4424,54.6233,139.4797,187.1698
114.1380,52.9739,141.3231,190.0509
113.8706,48.5228,146.1367,196.5637
115.2689,47.9774,127.7648,193.8994
116.8925,51.1965,131.8715,193.5432
114.9531,46.6394,133.3684,198.3951
120.3608,45.2402,119.9611,199.5814
120.4147,42.7685,119.2046,205.1586
119.0536,40.8638,117.2906,207.5864
126.6280,36.6721,109.3649,211.3994
127.2561,35.1389,106.8747,213.6977
128.6739,33.2699,109.0009,216.4010
135.2701,36.1606,102.0413,212.3964
137.9539,37.0533,92.0273,212.8565
142.5875,49.4886,80.7852,204.5649
145.0471,57.6593,79.5260,193.5648
145.2738,68.6949,76.2117,182.4923
146.4802,75.5779,76.7528,175.8193
144.0249,80.4131,84.3288,170.4861
144.6626,87.3497,86.2429,162.2134
143.8962,93.9188,89.4644,157.9642
142.3577,96.4836,97.6017,155.8512
151.1726,100.0865,83.8595,152.6445
145.7760,99.6069,93.0204,155.0880
143.0515,103.5433,97.9003,151.5249
140.7318,104.2836,99.9940,152.6190
136.6652,101.2874,101.2330,152.6776
136.1051,103.9697,100.9653,151.7530
134.6035,102.2979,98.9956,152.3531
134.2178,97.8011,94.6656,157.4322
135.1364,97.2256,91.4144,159.1504
142.2505,97.6595,81.7106,158.8402
143.5897,102.6089,77.4258,151.5211
149.7591,95.4485,68.3639,158.3390
154.9489,89.6330,64.2308,162.7350
159.1308,88.1848,63.6655,163.6721
163.5583,85.6735,63.0053,162.3130
166.1310,83.7521,62.1783,162.7932
174.7081,82.9236,61.4401,164.6006
178.1764,79.5099,68.1272,165.0570
175.3630,77.0548,85.7819,166.6209
183.7807,81.3639,79.8326,163.8575
185.7860,88.1532,69.9652,156.9512
181.2084,96.1455,70.0744,149.1996
178.7094,91.3948,77.5645,152.6843
175.7301,92.9272,82.5444,148.8770
177.5165,95.6400,82.0641,144.4503
183.8334,95.2564,72.5863,145.9618
189.3035,96.5626,64.5308,143.4123
195.7759,98.2709,56.5521,141.8607
199.3210,97.3532,54.7738,141.5821
201.5825,97.1023,67.1832,139.8135
209.4645,93.8959,58.4019,143.0469
213.7971,96.6745,54.5253,139.0908
210.3318,93.1947,62.4596,141.9854
216.3742,91.9393,62.1694,144.4839
221.6982,87.9531,68.4963,146.2613
212.7437,85.1434,84.2218,147.8756
214.6820,82.7401,85.1972,150.9042
219.1165,83.2309,86.1000,150.4811
221.4733,81.7827,83.8898,151.1500
222.2957,79.3746,79.3037,152.0789
223.6559,75.5600,73.4624,153.1185
219.7712,74.2956,71.0504,152.9792
218.8206,75.6960,65.2923,151.2246
219.3885,77.0886,59.1691,150.1093
209.2630,72.8873,63.9050,150.9588
202.6026,76.6393,65.6306,146.1143
200.3717,80.0251,62.7945,141.5703
196.2437,83.8694,62.2882,137.4847
192.4474,89.0957,61.7999,131.5736
190.5815,92.0592,58.1308,128.9161
188.0504,94.2959,57.4058,125.4800
189.0405,100.1166,59.9001,119.3427
189.6918,104.6133,59.8133,115.6058
188.2689,103.7083,58.6737,115.6232
189.0233,106.7330,54.0653,112.0307
187.6668,108.3105,55.5955,111.0983
178.5396,105.7754,66.6593,111.5835
177.5607,107.2136,71.8718,110.1172
183.3702,106.5451,76.3595,107.8821
184.8416,105.5870,87.4734,111.8530
180.9464,103.4485,82.9172,112.8066
181.0703,105.9979,75.2385,112.5714
180.2165,105.4288,77.1788,111.9659
169.4263,106.5089,82.1198,110.1122
172.7416,107.1716,76.3562,108.2887
176.3299,107.6905,67.3741,109.5839
176.4880,107.2048,66.1762,110.2494
175.7056,108.7959,67.9014,110.5147
176.7569,109.1996,66.2706,110.2914
178.0805,109.0771,62.5768,112.4611
177.0914,108.8054,63.2162,111.7945
177.1054,108.1391,64.0119,112.1182
175.7581,107.8812,64.9286,112.8427
171.4583,108.0136,69.7906,113.1411
168.3955,108.5406,76.7669,109.0564
168.0129,111.6699,82.6905,107.0159
172.6263,115.4634,73.1901,105.6326
181.4792,112.9815,63.5495,109.0747
181.2709,114.8342,68.5168,106.8647
185.4023,120.8533,68.0480,102.5333
188.1291,118.4459,70.0226,105.6182
178.9884,118.4319,81.6589,106.9660
177.7489,117.0796,82.5986,106.6477
186.7553,119.0721,72.6791,104.8668
190.6609,117.6621,78.5578,107.6547
192.6817,112.5371,79.6400,114.8810
191.2658,116.5170,81.2748,107.9757
190.8311,113.5847,77.5834,110.0622
188.0297,113.1423,77.0290,111.2308
186.1949,102.1748,70.6945,122.4189
184.9897,96.5074,66.3947,128.8303
185.3073,95.0252,63.7909,130.7072
185.7430,81.5352,60.6544,143.1732
186.8107,72.3266,56.1386,148.3426
182.8595,73.5579,53.2899,147.8827
181.8201,71.9568,54.2951,147.5680
177.5206,74.0735,58.1753,145.3409
179.5961,69.0653,54.7524,150.7748
178.0369,67.7071,56.2326,149.7783
177.4708,67.3898,61.6177,147.4408
179.8616,66.8744,64.8054,147.6341
178.2233,69.6216,68.4668,145.0432
184.9905,69.9198,60.9312,145.7723
185.5110,71.4971,64.4539,144.0894
189.3107,72.3704,62.1598,145.1150
192.7639,73.4958,62.1368,145.4631
192.0205,73.3657,71.3096,143.1689
191.1721,71.9403,77.3407,144.9384
190.3481,73.2278,86.0947,143.6857
193.0179,75.1809,89.3567,141.3593
196.7713,72.7085,92.0562,142.5808
201.5262,77.9730,96.1327,133.5988
205.9706,79.1530,100.3305,129.8518
213.1228,78.6684,100.3716,129.0715
221.7727,78.6697,98.6265,128.3074
223.0343,73.1416,97.1372,133.3670
229.4232,69.8295,92.3671,138.2104
232.6902,67.4404,91.6411,141.7911
232.1373,64.7889,95.4547,146.3260
241.3645,66.0630,84.4273,145.1469
244.8215,64.3203,79.4418,146.2812
247.9984,63.8733,78.3754,145.8932
249.3980,64.8383,80.3554,143.0421
253.9325,64.9859,76.0488,138.0091
252.4400,65.3878,78.7835,138.0116
253.5139,65.5582,79.4155,141.3139
254.0984,63.2875,81.2106,143.0445
258.1728,61.9325,80.1750,143.5795
263.0854,62.3811,77.4559,143.8303
265.0338,57.7699,77.9759,151.2107
266.8182,50.1064,77.3186,162.6546
265.5017,43.5029,81.4877,171.2821
262.6978,39.2158,83.0485,175.8762
259.7209,33.2651,83.4529,183.9316
257.8387,28.8266,81.1044,191.9080
256.1208,27.8082,79.0382,195.4541
253.3173,25.9684,77.0804,198.9603
243.7161,20.9654,83.6594,205.4195
230.8055,14.0562,96.5747,214.5022
225.3362,16.0174,101.1988,214.1678
213.8306,14.9928,113.8003,215.3048
207.7942,15.6410,119.7071,217.6454
213.9017,27.4050,114.5080,211.4750
209.2608,33.8572,120.9989,208.9876
205.1082,40.4561,128.7535,206.6206
205.1375,45.5338,135.8046,206.2173
196.4910,48.5004,148.3611,209.2466
189.3386,50.8155,161.2377,213.3038
184.1134,48.8794,168.1640,221.5293
185.5663,45.2569,168.8439,231.3243
180.5108,41.9663,167.1429,238.4235
177.0137,34.3851,157.3085,246.3226
164.8750,31.0519,146.5962,251.6921
154.1684,23.2679,138.5675,261.4945
137.6448,22.5398,150.4930,260.3867
131.6599,17.0559,144.9914,270.0000
120.3731,8.9424,139.6876,270.0000
102.7633,6.5779,142.2291,270.0000
107.4407,6.6744,122.7256,270.0000
93.4431,4.8276,119.2426,270.0000
81.8709,0.7011,139.8321,270.0000
59.2650,-1.1833,142.5101,270.0000
43.8942,-4.5764,189.0417,270.0000
43.4364,-2.0306,204.8376,270.0000
33.9756,11.2521,237.9065,265.3317
22.4225,5.2272,241.0442,269.2556
31.4943,20.4170,225.2083,256.3022
36.7379,38.4487,150.4275,233.3230
47.1463,39.5938,140.6291,238.2009
43.5079,41.3813,166.4303,235.0405
32.5368,53.5170,176.9521,227.4832
26.4274,55.0627,161.1640,226.8617
21.0548,62.6462,178.0746,220.3482
23.4746,67.8157,157.3181,212.7129
26.0986,74.6491,148.6857,208.0663
33.2952,79.2196,135.3168,203.3059
40.9489,85.7621,129.3002,194.6227
38.4276,87.4664,135.4570,192.0632
54.0488,93.5766,120.1264,176.0454
54.9117,92.5817,118.3306,179.8217
51.8687,100.1741,118.8865,162.8806
52.1599,100.7090,118.0072,163.0655
51.3118,100.4857,119.2622,155.6246
50.3154,101.7112,119.1475,153.6642
54.9972,96.3626,116.5325,147.7455
56.9925,97.2081,116.6233,149.3616
66.3083,93.3489,109.1664,145.7609
69.3158,94.3827,108.2376,144.2809
81.5524,86.6771,97.9656,144.5267
84.4801,88.5954,96.9301,143.1000
93.8731,89.1003,89.8180,136.2900
96.6663,86.7100,87.0537,140.1490
92.6589,89.0603,87.8503,132.1282
91.5686,87.1313,86.8098,132.8769
88.8526,92.0808,95.8518,126.9195
88.7365,90.1361,96.9112,128.8268
88.3284,89.6664,100.1924,127.9954
89.2477,89.5041,99.7857,127.4080
88.8461,86.6503,100.2270,126.9954
88.7401,86.0619,98.3607,128.7501
91.3545,85.7770,99.9634,126.0280
92.1758,83.6593,99.0906,129.8416
100.0086,85.5865,90.1931,126.0494
98.7883,86.6318,92.5343,125.0294
106.0255,88.8762,85.9611,119.2469
105.1663,87.9257,86.5939,120.3034
107.3526,86.4023,84.1813,120.4381
108.3288,88.8134,82.7849,116.6925
110.0573,84.2146,78.4642,123.7626
109.8820,84.9349,77.8723,122.6034
112.7254,80.6817,78.7650,126.7133
114.2312,82.7711,78.8756,122.1375
129.5871,84.8365,72.5911,118.0453
132.8463,83.0667,71.0788,121.1919
138.1159,81.1208,65.0412,123.0242
138.8476,80.9832,63.9608,123.6648
123.6633,80.1337,86.6547,122.4707
130.0817,79.2032,79.1717,123.3077
131.1543,82.0847,77.7730,123.3256
133.4842,84.0682,75.8161,121.8603
139.7645,91.6660,77.9950,115.0962
138.1225,87.3474,79.9198,119.3636
141.0179,92.3421,81.9741,115.8062
139.4126,91.5318,81.7508,117.7796
136.5710,90.0195,93.2213,122.0366
137.6747,88.1556,92.7883,123.2203
131.7488,89.8607,105.2398,124.9609
132.9789,87.1312,103.9637,125.3354
131.5688,89.1002,116.2761,125.6645
131.8905,90.2909,116.6707,125.3881
134.0196,84.5645,107.7264,130.4026
134.4602,86.6201,105.5685,126.1890
137.9610,77.7508,103.1789,138.3265
137.5672,77.5456,103.5971,139.1184
144.1353,77.8476,93.0102,140.9706
144.4239,76.2042,91.9097,143.1952
155.2368,59.7124,75.1506,162.6099
