1
537.0775,240.8243,41.4442,14.4271
540.2369,240.7091,42.2818,19.6327
538.2208,240.7724,47.5348,26.1119
537.3040,244.8152,48.9952,30.2194
540.2623,249.8082,48.6851,26.2138
545.3779,260.9065,47.6757,21.9864
548.4670,265.4555,44.0450,18.2202
549.8044,270.4944,42.2562,16.5877
551.6392,273.4887,41.8245,17.8574
555.9250,276.9851,39.0876,15.8394
559.9184,276.1957,34.1996,24.1812
560.6292,279.1640,36.2276,24.3883
556.7708,277.9813,44.0193,27.2721
557.3370,279.1823,46.1837,30.1523
559.5363,282.3130,57.9334,30.3573
561.1983,301.7069,52.6563,16.6054
562.0704,301.5896,41.9893,18.4534
564.3443,302.9646,40.9234,19.1895
558.7501,305.2976,42.2700,22.1454
544.2350,307.2255,54.1129,23.9521
546.2802,317.6709,61.2082,20.2293
553.4517,325.6728,59.2861,16.8269
561.7780,328.5300,45.9662,19.0667
565.3777,327.2314,39.5696,23.2759
564.9563,330.5364,36.8685,26.9449
552.7975,345.8597,56.6673,15.5748
556.7319,352.5047,49.1877,15.9275
561.4706,344.2123,46.4636,27.3865
560.1121,341.0155,36.1931,41.8667
554.7112,337.3611,44.7765,59.4404
548.6180,358.4788,71.5468,37.1065
559.0678,356.1343,56.9127,66.9779
545.3177,343.4077,66.0095,75.2087
545.7921,336.7687,63.2636,70.2214
538.1783,353.6505,88.3160,40.9303
552.6344,351.2011,55.1103,78.0117
545.3438,339.5581,65.3010,70.5602
551.0161,337.2201,53.0126,76.2258
543.8770,343.8028,75.7412,45.8616
553.9802,348.6637,58.1008,30.5435
554.8269,332.9506,43.0100,49.4989
551.2407,330.9054,45.1387,47.7462
556.2348,335.3001,39.1753,34.4386
557.5438,333.2333,40.8066,29.3362
555.7479,332.0375,44.7575,26.3464
546.1688,316.1981,43.5366,33.8187
542.1210,301.9389,41.0527,44.9415
542.3460,298.7116,47.9815,41.3860
543.1482,296.8904,57.1547,39.8699
531.7030,302.2324,66.2193,29.4292
529.1580,312.3723,59.9296,21.0941
538.9807,309.0707,49.5059,26.7798
536.7337,304.8627,56.0051,26.1772
535.1363,293.5596,44.6762,34.2772
535.7170,288.7672,46.7132,40.7255
526.4739,314.3931,57.2804,14.3216
527.4003,318.5332,52.5521,23.4042
532.5355,314.4327,50.4239,25.2743
531.9229,309.3222,52.5504,28.5037
533.9644,299.9005,43.8582,41.1708
527.8057,313.7829,59.6244,29.7604
524.2152,329.9908,70.0723,24.6474
537.1821,337.9776,53.6753,30.7489
539.6916,333.3619,54.2908,29.5752
536.2247,323.6610,43.4939,46.7818
570.8360,328.4867,51.4849,24.4225
2
0
0
0
0
1
551.0602,352.6053,32.6753,27.2663
551.3854,346.4954,29.6214,35.8555
550.4117,356.4059,30.0832,28.4182
554.0604,349.4225,30.1333,19.4492
547.2515,353.9345,33.1897,14.1278
553.8265,350.5306,29.4970,15.3219
552.0575,347.2851,27.0027,17.2487
550.5512,335.4873,25.8873,27.3161
553.0470,339.9131,32.7384,23.2205
558.4630,344.2160,33.1274,17.1861
554.6932,349.6321,40.9662,16.1939
560.5958,347.6033,38.9341,17.9620
569.3036,344.0598,32.2605,16.7970
568.8376,346.7593,29.4520,18.6382
570.0053,351.0980,30.0929,16.2733
572.8109,350.8361,29.3941,19.1367
566.4819,353.4217,38.2981,21.1926
566.9970,356.5299,42.5488,29.4307
572.0740,353.0918,41.8514,31.9573
579.2379,342.0818,37.8998,47.5377
575.5207,343.6492,51.8552,51.0614
589.3939,356.8688,70.7132,34.8949
589.2692,371.2483,54.2614,31.0441
603.2032,365.7852,40.2949,44.0678
629.2222,345.5235,42.8500,51.0843
611.8212,345.9991,61.0188,38.6161
2
0
0
0
0
1
603.4930,374.5658,38.4211,37.3346
609.6837,358.8179,36.0295,45.5172
2
0
0
0
0
1
606.1430,347.4973,76.1196,23.7993
618.6534,336.3515,70.1580,34.9103
614.4736,316.3617,59.0140,51.1555
616.3547,306.0023,47.1073,53.5934
611.2094,314.3628,49.5109,41.3927
606.2132,315.9783,55.5095,29.9792
613.9821,313.9753,51.1828,24.7138
611.1557,303.9774,41.6616,31.7560
604.3073,287.7293,39.4147,39.6867
601.9330,277.3928,43.1961,43.0325
599.3749,282.2846,50.1222,37.4708
599.0343,284.9587,53.0412,29.5768
603.3999,283.2547,51.1296,24.8504
597.5527,262.9602,41.1716,39.5129
596.5873,256.1672,42.1723,47.0696
596.4820,263.6067,41.7491,38.1652
598.5931,252.5854,40.9057,50.4576
598.1243,261.6215,53.4752,35.5373
598.2292,249.3867,43.8900,40.5544
588.9031,238.1978,39.9688,54.5756
592.2626,244.7474,37.6573,45.2037
590.3213,235.6756,35.8633,50.4801
580.0778,243.3048,51.2375,38.8936
587.7031,261.9720,44.7521,19.5559
594.9834,256.0393,45.9412,18.4210
590.0883,255.2082,36.8317,19.2351
593.0536,244.0070,32.8549,32.9047
585.1512,240.4374,42.8025,35.9811
573.8400,256.8700,72.9079,22.7386
584.2542,260.1631,57.3914,29.9248
592.8574,259.2335,51.5605,22.6888
597.6909,254.9501,44.9651,22.2286
593.2656,251.8740,43.7735,25.0245
595.8179,256.0472,45.8757,24.9253
597.4699,256.7803,50.2002,27.7874
583.7188,261.0784,63.8694,23.8650
580.4608,266.0407,65.7556,25.3288
584.0013,270.8292,59.9302,27.2022
586.3521,277.2635,48.7800,32.9903
590.1200,278.7479,52.6276,27.5361
589.1172,279.0775,51.1924,34.5685
588.3105,283.1888,52.6136,37.1988
582.5103,294.1346,64.0267,31.6029
586.5950,320.4065,58.8828,26.9819
595.4749,327.3177,61.4585,20.0454
597.6580,327.5557,49.4040,27.1963
588.4310,331.3232,60.6664,28.7104
586.7845,335.8531,70.9115,28.7277
606.7025,354.2194,59.5022,26.1837
619.5729,359.3476,42.1372,23.2131
618.0724,362.3063,43.5266,25.5970
616.7404,366.4412,54.1377,24.7552
624.9955,372.7731,40.5483,31.3508
627.3077,366.5551,36.9726,35.4001
627.9889,364.4984,41.8654,44.0298
614.1052,377.7137,67.1699,36.6738
621.4395,380.6465,65.6073,35.0582
625.3483,370.9220,49.7333,43.7342
631.0745,370.7185,40.1393,56.6970
626.3347,375.0561,51.4195,52.3411
618.5114,385.0595,68.1334,44.1003
614.1830,397.1794,69.3274,30.9641
619.1735,380.2359,52.5401,43.1905
620.1178,379.6425,42.9801,38.4762
616.7684,389.4246,56.8327,25.2651
617.0486,389.6958,60.9512,23.6002
611.4338,388.9477,52.9381,25.9076
611.1393,367.3384,50.4558,37.2806
615.2216,363.3471,43.5713,40.3685
610.3384,370.3668,49.1707,32.9879
608.9255,371.2127,49.4288,23.6990
606.2563,367.7931,47.6786,23.5923
605.8044,346.9163,36.3807,33.7067
604.8832,340.6546,38.3986,37.8548
601.2990,336.8808,46.0403,38.4794
596.3198,340.6796,48.8442,29.4204
586.5719,341.0280,56.2526,19.7318
599.6562,327.9091,51.6613,23.2023
593.7521,312.2991,47.0806,35.6384
595.5547,298.9240,37.8803,44.7165
592.3464,301.5200,45.9649,41.9401
591.3522,308.9900,53.1049,31.8088
591.0281,309.6916,50.0166,20.3770
598.3062,306.9232,44.2790,20.3025
597.7675,299.0248,42.3964,22.1347
594.8825,291.0909,37.7323,27.0429
595.3134,284.3362,40.4470,34.0331
586.6914,292.7517,55.2389,31.4042
581.4754,302.6470,72.6793,17.9491
592.8673,304.7014,52.7856,17.4529
597.4922,300.8178,47.6656,20.5858
596.1257,295.5904,41.5120,23.3319
592.4940,288.0900,41.2534,32.1065
584.3743,299.6530,51.2850,25.0737
585.1286,310.6634,61.8037,16.2908
588.0054,314.3651,45.7663,23.5796
591.8260,315.8030,43.3492,24.5501
583.6021,314.4306,43.8395,19.9879
586.6396,311.6733,39.8601,26.4117
585.9567,312.6114,42.8441,28.2659
577.6178,321.6501,59.4652,24.2061
588.5063,331.8152,50.4348,24.6127
594.6054,326.1317,33.7918,27.6880
591.3771,324.1118,34.1652,33.0406
586.9839,326.0920,48.3898,36.1988
578.6385,336.9662,59.7024,32.0253
592.7249,346.3115,41.8627,48.0190
594.9830,350.7090,43.0826,28.6986
598.1790,346.2931,40.9779,36.5027
593.4128,354.0277,54.9947,32.1286
590.6519,362.0154,68.2323,27.0825
601.9203,375.1821,54.2590,27.8931
613.4540,375.1875,45.4685,26.3862
613.3698,373.0554,48.3030,35.6661
609.6890,381.4155,60.8541,32.4325
601.9144,389.8594,69.9072,28.8251
610.6183,391.8458,56.8237,33.5963
612.7114,377.3542,50.5688,49.7886
614.7484,387.4999,59.9747,47.2468
614.5739,392.7564,66.4702,44.6745
619.6803,391.2182,56.8751,35.6532
616.3806,384.9789,55.2728,34.1935
621.5117,384.2554,52.4551,32.5677
614.0509,386.9239,68.7520,27.8789
622.7451,386.7156,52.0402,24.8091
629.9675,379.8237,45.1099,23.0286
620.2015,369.0676,44.4753,32.5746
616.8490,363.3059,46.1012,38.9476
614.7770,369.1284,53.0142,30.5977
618.1569,371.1290,50.6030,21.2304
617.9119,366.2921,38.6664,23.2932
618.5349,360.0073,44.1924,27.4342
611.7299,345.1107,38.6909,40.4239
606.1398,346.3864,50.0371,37.6416
609.5610,344.4798,49.1848,27.8554
610.7817,345.1515,40.9620,23.2938
615.2997,340.0811,39.7577,25.0601
609.5914,319.9707,37.3290,33.8460
609.1871,307.9830,36.8772,42.9748
604.8729,311.4225,48.6214,38.7063
586.8207,313.8617,58.9855,24.5889
597.4921,307.5765,50.7467,37.6949
583.3094,289.9677,42.6947,34.6661
607.8539,292.2935,38.3327,30.5452
613.8127,283.2547,32.8269,39.3431
617.1588,269.6022,33.0826,49.8769
606.4804,283.4110,55.3820,31.0353
616.1247,291.2598,42.9383,31.3023
613.4456,287.3175,47.0981,24.3001
613.0980,279.9812,38.1385,30.5316
614.4558,265.1580,32.1933,46.4291
605.9830,262.5190,41.2138,44.7420
592.4606,275.4876,63.7403,30.9764
600.4240,281.2086,63.9904,34.5351
605.6938,286.2351,50.5701,35.4821
607.9717,286.4897,50.1578,27.2618
602.9150,282.2282,46.4038,27.3168
600.4536,282.4365,47.3804,34.2181
589.7151,297.0592,71.3997,25.4036
595.5672,301.0735,50.8079,42.3938
603.7055,310.0243,44.9659,39.8320
598.4214,313.8505,51.4519,21.2689
597.0312,310.8218,49.7219,37.9972
587.7335,322.9972,65.6012,28.2718
590.9496,336.0133,68.9373,22.1540
593.1664,337.9231,48.9800,38.0436
598.9325,346.6467,50.5087,25.4464
603.8414,353.1513,43.3354,28.1448
603.0835,360.5228,47.4523,28.0637
592.3865,364.1476,49.6680,27.6788
589.2748,382.0444,53.9650,18.4085
607.1219,379.0054,40.1489,22.8924
601.5445,375.0630,44.2416,38.1891
596.5214,383.6291,58.0389,33.7845
601.2973,397.0139,60.3037,22.1791
612.5527,395.4412,46.2836,27.7907
611.2305,388.3592,40.7691,36.7382
613.2877,395.9438,61.0947,29.3986
616.5504,403.9217,54.0700,29.4551
621.7272,394.3976,46.8149,34.1366
625.8575,380.1027,38.9599,45.0706
619.7040,385.7553,55.1517,41.2897
611.1014,416.3179,62.5103,22.5247
633.0456,406.3472,45.8590,36.2880
633.7714,405.9171,55.6993,29.0658
640.0709,392.4946,45.8208,45.2813
637.0495,390.9734,60.1561,44.6023
628.0804,411.5867,57.3843,34.2454
652.8682,408.7449,47.5661,34.7334
641.2829,404.2893,48.0140,30.7774
652.3806,390.9144,49.1989,37.8780
638.6910,391.2682,61.7509,38.6968
650.2986,409.0108,66.7378,37.5341
659.7013,407.6118,56.4892,29.0916
656.7307,402.1497,46.4351,30.4638
657.1317,395.0865,40.7241,28.3402
643.0488,387.7679,46.9898,38.0654
629.9808,397.0368,63.3104,34.2282
645.0445,400.6217,68.4539,30.3994
635.5996,398.1932,48.6686,44.2245
610.4241,392.7920,51.1889,32.8836
616.7817,377.9624,49.8470,40.2224
586.1960,382.3750,65.4636,40.6537
581.4542,390.2869,62.6040,39.0009
572.1608,397.0433,57.5399,45.5479
555.0610,388.3903,60.0716,46.7914
542.5891,374.4642,65.2596,35.6016
521.8086,356.5886,58.9681,60.0690
502.2213,357.1334,59.1495,56.7057
480.8490,383.8649,65.4858,29.2602
463.0350,383.6415,56.3599,48.9172
447.1205,370.1859,58.7661,51.1517
422.0435,336.3631,54.6627,69.0911
394.3346,363.7477,64.0178,40.1136
366.7469,373.2985,65.1617,26.3402
351.5269,372.4769,56.4163,32.5602
321.6741,370.5481,58.3677,43.3910
288.1267,325.4872,56.6366,58.2509
263.7711,332.0568,59.5253,48.3426
242.8654,319.7689,54.2275,58.3286
212.0854,339.0419,60.9227,40.0461
180.5062,349.9021,63.8311,25.1250
135.0260,338.8293,58.8773,30.9610
109.0563,327.2013,56.9751,29.4342
84.9105,335.7405,58.1317,24.4722
59.5498,332.2377,54.3873,26.4218
