1
120.4099,321.7003,63.1301,135.1452
118.3174,320.7048,57.4602,142.4688
113.0571,322.5085,62.1395,137.8739
110.9946,332.7706,71.2407,121.1587
116.6987,349.3699,76.4562,96.9996
118.2728,350.6145,86.9266,76.2725
118.4282,337.6278,93.4464,72.1854
114.0858,314.3445,74.7591,81.3348
109.0534,267.0461,76.7410,121.5580
118.8281,235.5884,71.1869,151.3664
127.5369,229.3334,68.3185,148.8768
129.7778,225.3672,63.6781,143.1511
130.9370,215.9128,66.6787,147.9026
124.7144,212.5091,61.6189,137.0712
120.1497,226.2268,63.6691,106.8621
127.3675,249.1433,73.9285,70.6187
130.8388,267.6711,117.2255,51.8847
145.9728,253.1898,103.6225,89.4559
151.0889,238.2722,98.4389,99.3027
149.3642,222.5800,99.5228,90.9340
139.8657,204.5868,109.4350,65.3803
136.0668,173.4324,77.7924,85.2542
139.2287,143.7953,68.4805,112.5298
151.2948,123.0567,61.7119,133.2965
156.7182,117.3561,66.3467,136.7797
160.8393,117.6929,66.2418,134.9975
163.4156,119.1344,67.2350,130.6127
163.7006,117.8619,73.2165,134.2022
165.3949,118.0157,76.2732,134.5932
168.7452,123.8391,73.4598,128.7872
170.2782,124.5024,62.7361,122.4122
169.4938,118.4363,52.7590,124.6286
172.3414,116.5127,52.8293,121.7414
170.4400,120.9228,53.3924,117.5780
169.4668,123.5174,47.3228,116.4140
169.2298,130.9207,60.2405,114.6896
167.9392,142.1457,66.2781,104.0531
171.2677,155.0377,78.0076,89.2492
176.6779,176.7279,101.1219,71.8382
183.2850,190.3893,97.9354,69.5799
193.4424,178.3018,102.6517,85.0953
203.0144,169.8173,99.0516,98.8835
203.6463,157.1844,98.1818,100.7013
202.8949,143.5887,104.9647,100.2999
196.2518,114.9965,106.7163,104.8586
197.3193,77.4484,88.8940,121.8499
215.3711,49.9158,67.9860,142.7998
232.3899,39.5687,59.9761,148.0645
242.8634,39.2442,58.8798,138.5326
246.6035,36.4879,61.0937,138.9406
228.2156,51.4048,97.1700,116.4913
241.1325,50.5959,115.3978,102.6252
322.8106,75.8817,91.3067,103.2228
283.3216,82.0206,79.0296,100.5223
281.7595,67.4600,73.1393,110.6920
278.0751,51.8532,73.5597,113.7553
257.2107,32.0335,97.8712,90.1230
304.6241,10.5644,88.0826,88.1819
299.2989,6.7297,60.8962,77.8167
272.7693,-1.9304,45.4657,74.7953
271.4789,-1.6170,41.3116,67.8455
268.9931,0.0212,42.3777,65.5507
267.7115,0.1723,44.7023,66.4144
267.1871,-0.2363,46.2830,66.6074
264.5399,0.4044,47.7389,68.2252
264.1600,0.3274,47.4674,70.3259
262.8408,1.8615,50.7362,75.4155
260.9420,0.8960,51.7654,79.9825
259.3351,2.2072,53.7836,82.4028
251.4975,1.3321,61.2734,85.8340
249.4688,0.4531,62.5191,89.4458
248.7703,0.7091,64.1875,92.3321
249.0107,1.2175,63.8734,92.3028
249.0972,2.4773,64.0252,96.3350
249.4077,0.3270,61.7579,97.5956
247.4370,0.8012,67.9976,93.9494
246.0910,4.1590,62.9690,90.6056
244.3777,3.2840,61.8968,92.1810
244.3400,4.4309,61.9087,93.5854
242.3451,5.8084,61.4931,94.0262
241.8611,4.4860,60.3170,92.0919
240.5960,5.9915,65.0680,90.4870
239.9215,7.8961,68.0134,92.0234
239.9951,9.1840,66.2414,91.1850
239.5495,10.4194,67.7484,87.3967
237.9493,16.7643,72.3968,80.2692
238.2286,28.7236,81.5623,68.0359
242.7710,37.0571,113.5014,57.5237
237.6962,43.3418,132.2649,53.6201
248.5619,45.9297,120.9310,56.9049
251.2996,45.6758,107.3107,59.8567
243.8674,40.8710,112.3587,77.2908
259.9153,41.0348,108.8425,84.7786
290.9210,35.0612,89.4942,96.2268
287.9418,31.4359,89.2437,93.3685
276.0340,27.8493,98.3372,88.0902
277.6725,30.2769,101.0725,80.6761
281.1249,27.5743,100.7629,74.1953
351.4789,21.7752,75.2022,72.0318
320.6199,12.9493,68.6842,62.2112
261.1070,2.2252,71.4938,62.8906
251.2043,1.1021,79.5505,61.2398
261.8521,-0.0838,74.0277,61.5876
265.6360,0.4655,67.9889,62.2640
267.3690,-2.0309,55.6961,64.8122
272.1897,-0.6176,48.3828,65.0380
272.9307,-1.2307,42.8503,69.8872
273.5166,-0.4819,42.5532,71.8834
273.3941,-0.3935,44.7641,75.7647
273.0423,-0.8075,48.1426,79.7054
270.7624,-2.5487,49.9042,83.2898
271.7090,-0.6593,50.1347,86.9120
270.1622,1.7440,52.0526,88.7491
271.3723,1.5011,50.9366,94.9188
269.9962,1.1489,52.4832,98.8717
269.3146,2.3533,53.6918,101.3109
270.4688,3.6479,54.0379,104.6276
270.4051,3.8819,56.8621,108.1538
267.8734,5.5219,56.7258,110.8787
265.7251,5.4967,57.4895,111.8148
267.6697,3.5733,50.3243,116.5485
264.4824,2.7851,44.4546,114.4781
262.1856,6.0200,42.8790,110.7215
260.1634,6.9563,48.4570,120.0164
255.6820,13.8069,52.8593,120.2617
256.8116,17.5790,54.4166,121.6280
253.1022,22.6528,59.0100,120.5975
255.5332,30.0148,60.1836,118.0976
254.2640,32.5254,60.7152,113.8894
254.7060,39.5279,63.1505,114.0998
255.7034,43.3037,51.7568,116.1884
256.5643,59.0292,60.1871,106.1506
259.5674,76.8369,65.9451,91.6357
263.2498,94.1807,80.0623,86.0699
271.2367,99.0693,88.3938,97.0448
285.4879,66.8022,62.3597,113.4066
295.1986,53.8500,55.6257,130.6881
305.7736,63.5263,58.5578,132.7451
307.6323,69.5259,55.7840,138.2941
310.7217,69.2640,54.1529,143.2848
323.5944,78.4560,48.3897,143.4144
313.6278,86.7833,40.8601,130.8540
313.7200,99.8398,44.8513,132.0610
311.2949,115.8629,55.3839,124.8697
309.1603,125.0982,54.9762,122.8138
312.3530,130.2386,58.5057,121.3421
312.8242,132.2281,58.3469,128.7188
311.9115,134.7883,57.3251,121.8128
312.2434,133.4664,52.9034,121.7765
316.4692,132.9376,63.1519,133.9417
