1
644.9255,280.1516,33.2072,133.9227
643.6366,281.9845,35.1818,134.1248
646.4540,282.7918,35.9543,135.6734
644.0202,283.9731,39.4162,136.2962
637.6572,286.8842,43.1896,135.9986
629.8782,289.4220,45.3196,136.0837
624.3340,289.2950,54.5428,136.7254
631.4524,287.9567,48.2291,139.2123
630.9229,287.5595,49.8023,142.2477
625.6193,287.1607,55.5566,142.1985
621.7888,293.7272,58.4697,138.9796
622.6189,301.0254,52.2703,139.9899
621.2396,310.2194,50.2281,139.0436
612.3994,318.1265,55.2839,136.4198
607.0677,318.6400,64.7474,134.6752
610.3367,321.9411,67.3230,131.3481
617.7629,313.6671,63.2788,135.0942
624.6107,307.9114,60.9397,137.3061
628.3581,302.7325,56.1944,138.0043
623.8768,306.5641,54.2111,134.3500
618.2598,304.0249,49.8053,138.8628
619.7717,307.7047,52.6671,132.6263
632.8173,305.2227,51.3795,132.4774
640.0845,304.2308,43.7746,136.6311
639.8305,303.4588,42.8275,136.3438
639.7103,302.7252,43.5052,135.9563
643.4152,302.2342,39.8896,135.0562
646.7628,298.5308,38.5566,135.4688
647.8574,292.8937,42.7295,135.7961
649.0669,288.7526,44.8360,133.2782
648.5800,284.8103,47.3754,134.0271
652.0936,280.4258,45.2825,131.4018
657.0424,273.6580,42.1578,132.8574
650.9122,268.5258,50.3078,134.3376
645.1351,264.4020,46.7799,134.7674
641.2933,261.2683,43.9329,137.9740
639.8329,259.2629,39.8608,140.2568
639.0405,258.2110,39.1150,137.8758
639.0017,254.8874,37.2487,139.3657
635.9183,253.2008,34.2217,139.9363
630.9274,251.2773,35.1845,141.0705
621.8564,250.6924,38.1296,143.1054
614.1738,250.8815,36.8422,142.8714
617.4977,246.1326,38.1788,142.3210
629.2839,242.9704,38.4092,139.2228
631.0645,242.3218,35.6055,136.8987
627.1705,241.2095,35.3683,135.3721
623.3193,240.8244,37.8296,135.8547
622.2599,241.3509,42.1170,135.5898
628.1818,239.9927,46.0182,136.9537
631.3224,243.4656,47.4188,133.5041
631.4781,240.8339,49.9778,135.5402
628.9877,241.9141,59.0065,132.4583
623.7938,242.4303,68.1050,128.9036
622.1147,244.2508,74.9656,124.7201
621.9202,241.6117,84.2030,127.0349
629.3146,242.3921,84.3233,125.6134
629.0428,240.5469,90.8673,125.5212
627.6271,239.6422,97.1931,127.3348
625.7419,239.8281,89.2178,122.4078
636.0708,239.5970,77.4625,126.9995
638.3665,235.5016,83.7025,128.1450
643.2677,235.6422,78.2595,128.4626
650.1566,230.7358,67.1632,134.9590
655.0302,232.1077,61.5988,132.6619
667.0302,228.8511,50.3397,135.8077
682.8363,225.8972,41.6831,137.4957
685.5201,225.7168,41.6864,138.8454
688.3934,225.1417,41.2445,136.9968
689.2272,224.4808,41.3972,134.2442
687.0568,220.1581,41.8800,135.4461
687.1288,217.7656,40.9186,135.6756
691.3439,214.0728,38.9330,137.9262
691.8337,210.8809,38.7670,136.3900
692.1653,207.4917,40.9106,137.8823
691.9531,207.2093,42.5360,135.1557
692.6833,205.1974,40.0019,132.5168
693.8557,200.9547,40.6888,133.6120
695.4476,198.8551,42.3693,134.0261
702.9493,201.5521,55.0388,129.3456
721.4354,196.2646,51.3114,132.6748
733.8222,193.7162,51.2161,136.2124
742.9428,187.2381,43.7949,133.8393
732.3144,190.9577,46.9133,141.5023
730.6346,201.9922,42.6058,137.0913
731.9780,204.3935,48.8546,140.0269
741.5753,210.5623,43.9282,135.8400
734.9490,214.8545,51.3524,138.3763
735.1410,219.3882,45.1963,134.0979
735.1548,219.8838,45.5959,133.5146
729.0920,218.7136,46.3160,136.4927
727.1881,226.9895,45.1568,133.9215
727.1052,228.5353,43.3584,132.2055
725.5587,228.3609,43.6302,130.8067
729.7501,222.6597,43.5825,132.8895
725.1417,217.8381,50.0272,133.9400
718.5699,215.4078,44.8301,133.8211
717.8796,214.3793,44.7375,132.8363
724.5241,209.7115,43.4301,133.6010
728.5674,206.3578,42.4955,135.1144
731.2366,203.5694,42.0340,136.0932
731.2150,200.2290,41.7961,134.0491
729.3267,197.5329,42.4327,132.7600
732.3488,190.2225,46.4970,139.4835
741.5576,191.8326,44.1148,135.5910
743.3231,193.2469,43.2943,135.5563
742.3069,195.9123,43.0588,132.0337
743.6685,193.7073,42.3896,133.8841
746.1483,190.7290,42.5042,133.0067
750.2559,192.6539,42.8309,129.9147
752.0026,195.5104,41.7407,128.9614
753.3299,200.0017,39.4661,125.1713
754.5125,203.0718,39.8967,122.2297
757.9323,202.0623,41.3827,120.1651
759.7640,201.3441,39.6789,119.7515
754.7502,198.3662,40.8449,122.4029
752.9090,198.0496,41.6178,125.2657
753.5195,201.7617,43.3296,127.1932
754.0894,203.2491,42.5833,129.1937
752.2840,202.4862,44.6511,125.9331
752.1384,196.3295,47.1845,127.2685
755.7443,191.9717,50.7800,127.6192
758.3886,192.2602,58.6053,130.4238
758.4703,197.6700,57.7928,132.8886
753.0449,201.6081,68.6935,126.9364
754.9242,204.8861,64.2949,127.5346
758.0569,205.1823,60.1686,134.2369
757.1039,206.2848,53.4013,139.1228
758.2866,208.9668,48.9578,144.2160
759.6461,214.3934,48.6320,144.7885
764.8380,214.8373,45.0112,140.8337
764.6133,214.0630,49.5762,138.2906
764.2407,209.9901,55.5840,142.6093
763.6464,207.2007,63.8221,139.4986
777.1596,205.7081,56.6804,144.5338
785.3509,203.5142,56.1465,148.5617
801.9719,200.8008,54.5736,148.1987
807.2263,206.2881,56.5238,149.9998
810.5638,211.1845,63.3664,156.0907
815.0342,207.5395,75.8265,150.4034
819.5752,195.3686,90.1140,153.2970
833.5169,185.0866,94.1819,167.5453
862.9284,185.3036,69.2985,168.3977
877.4433,179.7725,57.0576,177.8620
868.1679,172.9276,60.9424,187.0044
862.3297,172.3311,62.3132,196.6598
853.4916,168.5684,69.4799,200.6820
848.0356,168.0813,74.3414,194.3863
839.9568,154.4235,81.6995,197.4497
841.7813,151.7805,80.3331,201.8019
836.3245,150.2799,85.6194,203.4415
834.0661,162.5406,78.2257,199.5973
838.8612,156.0989,74.2588,219.2027
835.2281,165.1134,84.3046,213.7789
833.3083,167.7978,85.6624,204.0925
847.7881,178.1994,70.0595,202.3839
839.0613,194.5799,74.6015,191.8663
822.6741,209.9562,95.0505,184.1345
813.8499,218.6917,97.8862,172.5604
811.6503,230.1376,100.2012,157.9941
786.7513,234.9838,139.3443,136.8432
801.3307,247.0356,149.2724,122.0473
808.9510,243.2157,127.9457,136.1184
816.5508,228.9336,116.0629,156.1031
819.4030,195.9775,130.7858,199.1189
819.3276,155.0564,141.9341,241.4541
822.7942,195.2395,120.8700,211.7970
828.0278,220.1754,87.7451,182.7241
834.3757,220.6668,88.5783,185.5417
830.0574,226.5732,88.9444,178.6120
827.7734,212.6007,88.5644,188.4927
823.3511,213.9522,91.5628,182.9599
807.5640,208.7833,123.8339,173.3401
806.3554,206.8195,121.1654,167.3203
816.3443,211.2674,110.8468,149.9975
762.6913,221.0554,115.2886,162.2503
763.7579,193.0709,125.3274,189.8585
766.1407,189.3890,122.3556,235.5737
781.6559,158.7688,120.7236,261.9182
802.8644,162.1452,101.1811,251.1615
792.4592,179.7183,149.5087,221.3338
801.7081,199.2863,161.1889,197.9205
767.2064,200.9920,191.7500,167.2856
743.6982,202.9568,182.1556,185.9824
799.9987,194.2050,129.3254,230.1976
829.4037,183.1871,121.6084,261.6089
842.3611,157.6406,126.4123,291.7835
859.7740,246.9292,117.2003,211.2407
866.8661,284.0942,107.1265,198.3713
864.5087,286.9996,95.4344,208.7308
845.7032,293.9004,105.5082,190.2162
800.9824,292.0893,143.6056,163.8694
799.0699,293.4469,125.4470,174.2236
775.6824,312.8267,107.9442,197.4642
749.8047,304.8841,89.3641,238.2596
743.8546,240.3424,82.1445,317.6591
700.4789,193.1227,116.3385,347.0702
678.5675,199.6286,141.5973,295.6431
653.4894,191.9725,177.7649,257.6696
616.7141,180.6843,207.4482,212.3533
602.1554,192.0697,221.6057,163.3689
572.4218,207.0294,277.8887,142.1866
550.3062,209.3104,208.1834,175.2131
543.8582,203.2532,211.3356,180.6973
545.5001,201.7146,193.6005,198.8629
552.8174,189.6662,160.2543,210.1774
553.1218,159.8608,134.2260,281.1550
560.7328,201.7648,126.7084,286.3206
579.3389,169.3097,130.7825,261.1072
580.2988,211.7701,127.6667,251.3176
577.7308,233.7577,170.3150,227.3224
577.0395,274.4962,196.6815,187.1673
599.8723,288.8516,178.3911,181.4435
600.9432,284.4733,181.9652,167.9842
613.7800,289.7812,174.3705,137.7495
619.3315,297.2423,162.9620,136.3404
625.6390,270.9225,160.6434,155.8826
641.8257,239.6762,152.6624,190.3235
629.0269,237.2838,145.8772,317.4947
627.0238,245.6214,131.6062,341.4875
624.9893,223.0885,125.5635,337.2942
613.8984,221.4301,114.2343,351.1481
601.7204,178.9053,117.4297,370.8891
602.0703,173.2898,129.0928,373.3940
572.7809,176.8572,160.3223,371.6459
528.7807,199.8587,197.9750,354.9924
514.2244,204.4900,236.8087,361.6165
506.9335,184.3723,240.8483,386.4537
500.7604,151.1141,255.7934,420.2382
510.2612,160.0878,248.5381,421.0814
523.1500,170.2160,244.3247,420.8010
522.5756,174.1639,235.7001,436.3075
531.6759,249.9417,216.1423,353.2953
531.9667,267.4695,212.3853,353.9715
544.7475,268.3965,197.4232,339.2960
552.3235,257.3812,180.3791,359.0934
539.4008,315.0371,229.7479,311.2906
544.4973,271.6189,216.5393,367.2030
555.6623,260.4482,193.8717,367.5103
