1
424.9459,262.2963,23.4087,22.5980
425.1154,260.1362,23.3102,21.8475
419.7093,264.3221,21.8958,23.2301
413.6993,270.2141,20.1832,24.4539
402.6634,272.5745,19.4246,27.1779
397.2231,268.7658,20.1610,28.6589
396.2649,268.9204,20.1376,30.1182
395.3226,270.0834,18.0313,30.1558
394.8665,271.3935,18.5704,29.0954
389.4136,277.9216,19.1800,27.9599
385.3372,284.9445,20.0092,29.9602
383.3838,290.8177,20.3885,30.4284
387.7016,287.1992,21.0507,31.8019
388.2141,284.6876,22.7290,32.3290
390.8643,279.5153,24.0221,31.1239
392.4272,277.3229,25.1770,30.9780
394.0640,279.2839,24.9797,32.2393
388.1082,292.1581,25.8802,31.4416
386.0180,295.9227,25.3234,34.7045
382.4628,294.1985,28.0545,34.7997
378.5180,293.9045,27.6269,36.3274
379.4975,297.7973,24.6192,39.2529
382.3484,293.9203,27.2896,42.3967
384.3816,291.1852,30.1503,43.1417
391.3044,279.9458,30.1380,43.1327
398.7103,271.9301,31.5910,42.9224
405.0674,262.5811,32.2787,42.8760
401.6154,225.2640,38.1554,42.1155
386.7724,187.4475,30.4978,50.5390
349.0666,177.2989,36.0940,38.6346
334.3235,183.5233,39.1037,39.6814
331.3211,190.5879,38.2196,41.6203
320.8163,195.7987,37.5442,39.9401
312.2528,192.3449,36.3055,38.2534
309.4503,193.9384,35.1653,37.8778
309.5809,195.2380,31.9057,38.3232
310.1358,199.0870,30.3589,38.4153
312.6149,211.4892,31.0368,40.3484
314.0815,227.4987,28.9458,42.7417
315.1128,261.7890,31.2834,41.7501
318.9650,282.2720,32.8888,40.8668
320.1881,294.7137,31.4047,40.1388
320.5276,301.6032,31.9327,37.7431
319.8811,299.2051,31.8455,36.0709
319.7495,288.6648,31.9610,35.5350
319.0989,281.0279,32.3045,34.3774
316.9987,270.3982,32.5176,34.0213
308.4593,261.5540,33.9733,35.0586
303.2096,268.5373,31.0402,36.7575
300.9570,263.1950,30.7192,38.7139
295.2159,261.1628,35.0694,34.9488
318.9294,234.4133,38.5029,31.8189
2
0
0
0
0
1
446.8014,208.9274,32.6214,33.3712
2
0
0
0
0
1
388.7853,299.7069,22.8113,33.1514
401.3575,299.5246,24.9439,31.9487
423.2977,281.6320,27.3176,28.8621
433.3519,257.5064,30.8466,29.0235
433.0074,244.0504,29.6068,27.4975
429.1662,252.9995,27.9439,28.1240
419.7765,267.4118,25.1537,29.2586
398.7950,284.2382,22.0845,30.3837
396.4504,282.9597,19.3790,27.6530
402.8250,271.7598,19.1928,26.5951
407.6190,269.5899,18.8463,28.0616
421.2102,256.6566,20.1290,24.0284
2
0
0
0
0
1
412.8972,257.3373,17.6780,24.5507
420.1690,241.2229,15.2409,27.0424
428.4150,253.7748,14.6638,20.4735
424.5455,259.4246,17.4264,22.4395
428.3613,257.0719,17.6348,23.2099
433.7223,252.6729,18.7148,26.5909
435.6091,234.1272,19.1094,28.5148
2
0
0
0
0
1
432.5302,200.8927,22.9998,23.5015
433.5507,205.7873,23.1803,23.4895
429.9878,215.1713,25.0706,25.7402
419.8660,240.5500,24.9639,23.8068
2
0
0
0
0
1
431.4974,213.4896,36.9511,42.8428
414.4846,251.6945,35.2304,53.0387
408.9044,310.9630,33.6409,52.5099
402.2015,316.5349,33.9411,35.5207
387.6489,316.8542,30.5131,38.1178
378.4165,334.2886,27.7329,43.2325
402.8660,337.4771,37.7332,43.0103
408.3480,312.4788,40.7698,50.6533
405.5902,254.2920,47.8638,49.7140
351.9247,181.6472,37.8863,59.3738
334.7507,185.7870,37.4559,53.8164
336.7335,203.1008,34.7180,52.7571
329.5843,203.3161,35.9777,49.9939
323.0515,209.7601,34.8090,51.8671
321.7180,238.0447,32.1481,54.6488
319.1583,264.2758,38.5408,51.8791
318.3677,302.2754,37.1787,49.7849
318.8314,316.3156,34.9605,50.0600
317.6971,317.9627,34.1365,50.4216
310.0474,300.5042,34.9873,50.0015
308.3698,289.5514,34.7915,50.8425
296.8546,283.4583,39.7572,46.7208
287.4262,276.0115,37.2230,47.3871
288.0713,302.0005,40.7907,34.0266
2
0
0
0
0
1
456.4868,190.0805,37.6663,36.7528
462.0837,191.2976,37.2070,34.1135
462.6116,188.2712,38.2855,33.1256
465.1924,181.5922,38.6181,32.3708
470.2838,184.8788,37.8052,31.2114
467.9923,191.6477,39.0207,29.8064
475.1020,192.4562,35.5504,31.3404
465.8109,193.1664,36.8694,30.6919
