1
185.3300,18.7047,45.0614,43.5204
185.8844,19.7523,47.4403,43.1019
186.5389,19.5667,46.4789,44.5467
188.6738,18.9620,44.3829,46.0836
187.6845,19.4711,45.8865,44.5090
187.3868,18.7220,45.6923,45.5808
186.7063,19.4579,46.8552,42.1545
185.4716,18.8233,46.9388,44.5717
185.0715,18.1929,46.2772,44.7349
185.4831,17.5307,45.2053,46.0314
185.1849,16.7548,44.9741,46.2680
185.7099,16.7653,43.5616,47.1860
184.4694,16.4646,44.1420,47.2141
185.3229,16.4385,42.0215,46.2822
187.6947,15.9398,43.6480,45.1378
189.3635,16.8629,45.0291,43.7588
191.9962,17.0640,43.1765,44.1741
192.3343,16.5544,43.1503,46.3350
192.5909,17.1333,43.4536,46.1473
192.2001,17.3596,44.9621,45.1356
193.4137,15.8492,43.2299,46.0374
193.1329,14.3697,39.4954,47.8782
192.5573,18.3322,40.4640,45.2586
199.0222,17.8448,39.0330,45.1730
200.0561,17.6748,38.5839,45.1480
200.8033,16.7123,40.5270,45.0179
202.9244,15.7869,38.3623,45.9376
204.1555,15.4202,37.3192,45.9062
206.5485,15.2363,37.2112,47.0501
208.6739,15.3908,36.5148,45.5077
207.4725,17.2294,41.7629,42.8472
208.1508,14.6151,39.9037,45.5037
2
0
0
0
0
1
182.7905,51.7561,33.2406,55.6213
183.4758,51.3362,33.3281,56.1650
184.2579,50.5836,32.5539,58.5734
184.3398,49.8940,33.9207,57.4692
184.6746,49.0750,35.9925,57.4886
186.3913,49.1015,32.0810,57.4364
185.4341,50.0854,32.9136,56.8866
184.1797,50.5827,33.2347,56.8198
184.5639,50.9893,32.4925,58.3588
184.4985,51.2515,31.9999,58.9812
187.5169,51.2084,31.6579,58.1343
190.1727,52.9588,32.8828,54.6495
189.7108,52.2425,31.8163,55.9631
190.4501,49.8473,32.3260,57.0748
193.8009,50.6080,33.7712,55.0095
195.6885,47.1689,33.4309,56.4634
193.3819,52.0226,34.9970,54.5439
197.0556,52.2188,34.4553,53.1321
191.8759,50.8907,31.1266,57.6532
187.9621,52.1710,31.2441,59.8716
188.8766,49.4470,31.3225,62.8456
196.5397,48.3450,32.1012,54.5886
195.4150,50.5732,31.4725,55.4143
193.3135,50.4286,30.4536,57.7531
193.1259,48.1831,29.8896,60.0508
198.7935,47.8072,32.3968,55.6410
197.9205,50.2668,31.4682,57.6294
196.5297,53.1415,34.4037,54.2294
195.5266,56.2319,30.8590,52.3136
201.3267,58.1043,26.4819,54.4486
196.1097,60.2235,26.4844,57.9931
197.6387,57.0291,26.4998,53.0462
197.2195,60.3810,25.9270,50.7286
200.4749,58.0227,26.3422,52.0509
206.0816,60.6867,28.6496,48.4623
226.3548,54.2359,29.6744,50.8151
234.0559,48.6555,27.9599,49.8245
237.9586,50.7618,27.6787,50.1499
233.2832,57.4310,28.8176,51.1638
236.8133,59.8327,29.3785,46.7139
241.3631,62.2316,27.5615,45.2764
242.3352,62.9443,27.5728,43.5250
247.7982,64.2441,28.5659,44.2987
249.2601,64.1778,31.2674,42.7836
251.1283,64.2247,28.6774,46.5820
252.0101,64.0127,30.8631,42.1870
2
0
0
0
0
1
220.4394,51.9675,33.2845,35.4087
220.6057,50.3663,31.9716,37.0690
222.4149,50.5000,32.4632,35.7718
221.5185,50.3493,36.9226,35.7538
221.8699,48.6325,34.5717,37.5665
221.9666,48.3333,36.2346,37.0002
224.6917,48.8639,37.3220,35.3462
233.2264,48.2499,35.3711,38.9873
236.5238,47.6286,36.0472,38.4778
248.3626,43.5599,35.0093,37.0083
252.3628,46.2826,36.7707,36.7708
240.0186,44.7342,36.6779,38.0737
248.5693,45.0672,40.9914,34.9042
2
0
0
0
0
1
203.5961,37.1187,37.2014,15.3718
202.5608,36.5443,37.1561,17.4062
202.1675,36.5610,38.0454,17.7564
202.6765,35.9025,38.3770,18.3151
203.9676,36.2286,37.4793,17.6667
204.9068,35.3170,36.8442,17.7003
205.5219,36.9095,36.7907,17.8879
205.7721,36.6499,36.4292,18.4590
205.8378,36.1943,35.8666,18.4405
205.0390,37.3605,37.7234,16.6733
204.7338,36.5882,37.8696,16.9570
205.3191,36.0571,37.4400,17.7174
203.2061,36.6871,38.0212,18.4819
205.0806,34.7972,34.8421,21.2101
204.5481,34.3510,34.6132,21.6830
206.7633,35.7999,35.5895,18.7092
205.3698,33.9837,34.1462,22.1369
206.0435,33.0183,32.9313,23.0956
207.6469,33.3250,32.9321,22.1163
204.7537,34.4888,36.3136,20.8628
206.6143,33.1648,34.9866,21.1420
208.3910,33.4748,35.3031,20.0274
210.1293,35.0780,34.8913,18.2887
209.7102,33.5010,33.0597,20.3842
211.6770,32.9237,31.3230,21.2414
209.4424,32.2726,32.2947,21.2543
202.7078,29.9314,30.8893,23.5692
207.5303,33.0974,33.9016,22.2342
209.8695,32.5357,31.8433,23.4424
209.8785,32.4504,32.7488,22.1005
2
0
0
0
0
1
237.3413,46.8197,29.8556,37.2018
235.7109,46.8349,30.7435,37.4269
233.0460,45.9331,32.8499,36.8580
235.6891,45.8188,30.3422,36.8901
236.6762,45.7361,32.1177,38.3545
236.5855,45.1736,30.6259,40.1473
237.0710,44.2022,30.0274,41.9251
237.3081,48.4480,32.5845,39.9221
236.9935,50.3637,33.2233,36.3380
240.2503,48.2212,30.6933,39.2670
242.2156,51.7423,34.1074,37.5126
241.2517,46.7646,32.9668,39.5491
241.7586,49.9067,32.1910,43.9717
239.1510,48.5613,32.5238,46.0011
245.1887,53.2147,36.3260,46.0836
244.9176,55.9360,34.4739,55.4777
243.2012,55.8555,37.3479,57.4473
2
0
0
0
0
1
224.1755,143.2290,44.6102,25.6979
226.1986,142.3661,42.0908,27.1581
225.4207,142.7504,43.0611,26.1835
226.4370,141.3558,40.1596,28.1216
224.0243,142.9176,42.0845,26.1163
225.6489,142.6638,41.4195,26.4111
225.5282,143.0100,40.7268,27.5397
225.6455,141.4191,37.7627,31.1834
224.2440,141.8077,41.1516,28.5199
225.0827,142.7632,41.0935,27.7703
225.2515,142.2713,38.4171,29.6759
225.7380,140.3333,35.8987,34.5276
224.6656,141.3372,38.6780,29.7688
227.5519,139.1448,31.8776,36.7957
226.6409,139.1602,34.5281,35.8883
225.0041,140.1290,35.1166,35.3837
223.8906,140.7105,35.9839,33.1641
223.0138,142.8962,38.9087,29.5022
222.3500,137.3548,34.5100,34.2665
223.4962,139.8637,34.9916,33.8971
221.2122,139.9584,36.3496,34.4435
221.6531,138.6591,36.4097,36.5088
222.8066,138.0884,37.6646,36.2459
222.1044,133.5861,36.2339,40.1435
2
0
0
0
0
1
192.5886,175.2726,41.2581,72.4951
189.7837,174.6675,44.9472,69.8497
188.5266,171.9358,44.2194,72.9666
188.5682,172.6397,42.9276,71.3918
187.6606,171.7693,43.8375,73.1889
184.6172,170.7548,45.4314,71.4316
184.0679,169.0339,44.9082,72.3128
184.7379,167.4003,42.7144,75.1860
185.5499,167.6047,41.9040,74.7581
183.8922,166.6532,44.0284,73.8051
184.2927,168.9670,45.3905,72.1224
183.1249,169.6882,45.9806,71.6041
182.5143,167.1533,45.7243,71.6380
183.0062,165.0288,45.0797,71.9324
183.2590,165.9711,43.6389,69.6803
183.8620,167.5837,44.4581,71.2502
183.1716,164.0509,43.1517,72.2883
184.6768,169.9966,46.2138,67.7701
185.6423,166.2092,43.9644,72.3139
182.8898,165.7979,44.5455,73.5633
183.5203,166.5329,42.5894,73.6741
182.7806,167.4836,44.7699,70.6912
181.9980,166.9901,43.6533,70.1711
181.9492,168.4383,46.6459,69.0817
183.4357,169.1911,44.1906,71.2413
178.0661,166.5816,47.2937,71.8615
181.2542,168.7981,47.3428,70.5650
175.3515,165.1953,46.6890,69.9010
180.2771,165.6232,45.0397,68.9628
177.3938,162.8773,45.4724,70.7020
178.4520,165.9857,45.6273,70.4701
175.4111,161.5302,45.7267,70.7628
179.1696,164.2068,45.0258,69.8618
177.2541,163.9288,43.7082,69.5185
180.4350,167.8805,47.9500,68.2262
179.0164,166.4668,45.8943,74.4338
177.4910,164.2449,45.6720,70.8415
2
0
0
0
0
1
95.2759,221.3479,81.2401,71.7853
97.4701,218.8610,85.0860,77.9605
100.0642,218.4356,90.4846,81.1288
106.4098,218.4395,89.8216,81.1209
112.7861,215.3885,89.6415,83.6054
100.1286,217.7081,94.2038,82.5838
108.6855,212.1710,89.4602,84.5467
119.2131,212.1718,94.6958,85.3158
111.2239,209.0704,98.5923,87.4245
107.7847,209.5966,97.8793,88.8330
115.5759,208.3962,98.1964,90.4429
119.0657,210.5202,104.4849,87.0560
122.2361,209.3819,108.5048,87.4778
120.4905,210.6328,106.2852,88.6182
118.9995,209.4611,106.3646,90.6232
121.5124,208.4565,106.3653,93.1339
118.7418,206.6904,110.8104,92.1626
116.6734,209.4183,112.4004,90.0646
120.1321,207.8458,110.8308,93.0262
2
0
0
0
0
1
91.6349,237.4051,44.7573,40.9953
87.9522,234.3898,43.0403,42.9391
88.7547,235.8193,45.3986,41.4266
88.2947,234.6349,45.0314,40.3164
89.7953,234.9543,44.7261,40.4645
90.8148,235.6961,43.6113,38.4654
2
0
0
0
0
1
150.3494,233.8145,58.1697,39.5995
151.2496,230.9440,56.6714,43.4536
149.1714,231.4078,60.2081,40.7207
152.3286,230.2566,56.2879,45.3778
150.5266,231.4852,57.5144,45.9821
149.6088,231.1847,58.8553,45.2561
149.5458,229.3348,57.4669,48.1057
152.4944,228.4510,55.5193,51.3107
151.7876,225.9262,56.0008,50.6396
153.3414,226.8467,56.5511,48.9314
151.5211,227.4185,55.0022,49.0862
152.4416,229.3051,56.9104,46.3736
151.3450,231.1789,55.8756,46.5939
152.5249,229.5101,56.2535,47.0056
151.7619,229.3926,55.3296,46.2228
150.9491,229.0129,55.8754,46.0826
149.3053,230.0409,58.2509,45.1631
150.4489,229.6701,59.5040,46.0587
149.6402,227.7065,57.4319,47.8814
149.2921,228.4843,58.7848,46.9370
147.1019,227.1858,56.7096,48.9921
146.3758,227.2786,56.0152,50.1324
149.6017,227.9717,55.4730,50.0194
149.3470,227.7049,57.3005,49.6645
147.7305,227.8162,57.6813,49.9375
145.1085,227.7522,57.9576,50.4461
148.7858,226.6098,56.8283,51.1965
147.6136,224.5113,58.4534,51.9605
145.6096,225.2991,58.5360,53.4802
147.3838,223.9541,57.7272,55.0579
149.5048,222.5175,57.6699,56.0996
148.4054,222.6367,59.4356,55.6839
147.7873,223.6435,59.6982,55.2696
148.4482,225.0645,60.3807,53.4398
150.0039,226.0701,59.4415,53.4278
149.4556,227.3838,60.6319,51.6115
147.8000,228.7951,61.2763,51.7944
2
0
0
0
0
1
239.1681,181.3094,39.6627,64.6757
238.6397,180.2136,40.2532,65.2652
236.7523,181.3342,41.6849,62.1865
236.6718,182.0216,41.6420,61.8508
237.8569,182.3705,41.1052,62.6358
238.1431,181.8626,39.1399,63.3948
237.6451,179.4333,40.0534,65.1855
236.4386,179.7501,41.5545,63.0419
237.6617,178.3670,41.7458,64.0365
237.6424,181.0259,38.9001,63.1157
236.6705,178.9156,39.7781,64.8413
237.4449,178.9538,38.5971,64.2326
239.2480,181.5357,39.3719,61.6272
238.3512,179.7708,38.5901,61.5432
240.1708,179.1312,39.3964,62.5400
2
0
0
0
0
1
336.4663,125.4885,42.3798,93.2031
335.7606,124.8980,40.8064,95.2713
333.7152,125.6017,43.4824,95.3134
335.4844,125.4135,42.6356,94.8785
336.8308,124.9092,40.8779,96.4180
334.5443,124.2158,41.9192,96.4246
335.4188,126.3889,42.6069,93.1147
336.0388,125.5536,42.0064,95.0876
334.8426,124.8134,41.5482,96.8158
333.3133,125.8196,42.7314,93.9236
333.6823,126.3279,43.5772,93.9844
333.7922,123.5272,41.6680,96.0716
334.3015,124.9298,42.1760,95.1302
333.4682,124.4031,42.2800,96.4444
334.0518,124.3406,42.2967,95.5314
335.0704,123.5122,41.9339,96.7041
333.4152,124.5881,41.6922,96.0604
334.0382,123.0118,42.2430,95.6077
334.5695,124.3660,42.4705,94.9888
335.4060,124.5841,41.2941,96.4277
333.5709,124.4483,41.9451,94.8617
332.5312,123.0524,41.1061,98.9470
332.8360,124.0292,42.1079,95.0362
