1
331.8182,22.4294,31.8050,49.4980
330.2631,22.1156,38.9242,47.6973
331.0352,13.1337,36.7575,52.9694
329.8670,10.1422,38.7549,53.4374
333.1632,11.3634,42.2416,55.7302
341.0044,13.1938,41.8400,52.2461
347.1967,24.8777,42.0761,49.2677
352.9691,27.7106,37.4801,61.0309
351.0937,37.6174,39.6432,65.3685
352.6099,34.6059,43.3080,61.5326
348.7932,30.4135,37.1646,66.3281
358.4344,44.5015,42.1389,52.3735
354.1382,32.0188,35.2857,62.3198
344.4474,41.6182,43.7887,53.0495
341.9396,32.0704,37.7718,50.7478
337.2491,27.7082,37.3102,47.6354
327.8632,24.1042,40.5728,46.5047
326.5990,19.1234,35.5530,43.6680
321.1217,13.8690,37.8205,49.0103
318.0928,10.0519,35.9188,55.3446
318.8772,13.4819,39.6799,47.5729
318.6052,17.9402,36.7292,54.2148
322.7708,22.5270,37.2976,48.7033
323.2674,23.7994,39.0550,56.0451
330.5990,25.0649,37.4772,60.2845
331.2249,25.5195,43.2226,59.1100
333.2143,22.2892,45.5299,57.4825
331.0397,18.7743,45.7394,58.6302
329.5109,15.4766,53.9392,56.6333
334.8921,11.2894,48.0492,67.0580
333.9525,16.6666,49.9758,65.9708
358.4910,23.5102,45.4933,61.0867
355.3446,28.8953,41.5534,75.1526
356.0060,33.5998,38.8198,71.3825
2
0
0
0
0
1
394.0378,112.6535,45.7968,44.7562
392.4882,105.4523,46.3186,45.9688
385.7586,92.1039,46.6788,50.7110
377.2765,68.4137,42.3201,48.3419
363.0274,40.1693,43.1842,53.2619
348.8482,21.6534,45.3655,53.1625
328.9270,9.0542,49.9098,53.9070
311.0497,3.8037,46.5106,47.8317
301.6571,6.9693,41.9543,54.6383
297.5922,10.9930,46.4460,46.4036
296.6594,16.7384,46.4733,50.3877
302.4376,19.9105,46.5780,55.7640
305.5687,23.5214,46.7298,51.1344
309.5689,20.3874,46.5475,62.3127
305.4236,18.4496,51.7765,53.3429
304.2382,12.6528,50.7712,62.8228
297.7065,6.0765,52.9829,66.4399
282.5981,3.8712,60.9546,59.6856
292.9655,2.2069,52.0922,65.1501
288.3110,2.6071,52.5108,60.2171
290.5852,3.7494,54.2640,58.5532
300.3407,-2.8198,54.8529,59.5483
316.3794,-6.1560,54.9205,59.7484
317.0286,-11.0457,53.1004,50.1118
320.3929,-7.4617,59.0147,65.4622
318.6801,-1.5582,57.5457,72.5289
318.9049,2.2891,59.0561,67.9943
317.4284,2.5910,64.6751,64.2999
308.1978,-5.0049,61.5477,66.0872
294.8458,2.3338,55.1558,65.4688
269.5375,64.2573,55.7260,60.2933
2
0
0
0
0
1
307.8543,127.1094,95.4624,109.1794
323.5369,145.5549,91.9796,117.5042
307.8696,152.6997,87.4125,102.3332
314.8010,166.1345,81.2938,92.3236
344.0579,166.1010,72.8136,82.0922
323.6451,146.7504,58.0843,81.5091
291.0459,140.4437,73.4878,86.6831
272.2689,121.6756,77.2585,100.1138
254.8088,99.5318,81.9126,95.8325
236.0112,77.6796,87.7668,97.6702
221.3940,48.6811,90.4858,102.8303
208.2573,21.9161,94.6170,112.1247
196.9932,0.4120,94.4221,126.8727
167.5482,1.9648,103.5403,122.2914
156.2181,13.9834,96.5700,100.2454
138.0160,-3.9008,93.8715,119.5517
138.6157,5.6411,101.1802,121.6182
126.4027,8.7826,100.1331,124.6715
132.6215,13.2170,110.2515,150.6031
136.3115,15.5876,121.6997,144.5056
142.4023,14.4472,126.7989,153.3723
148.2342,5.8740,124.7361,142.8652
