1
550.3163,237.3121,26.4476,51.6238
553.4861,234.8173,26.6760,51.6979
555.1755,240.7012,27.4487,46.8163
553.8779,251.9271,28.9163,53.4585
548.1182,259.2573,32.3603,46.2693
536.3148,267.0063,37.0765,44.4606
518.3709,267.3329,34.8767,43.8688
502.1168,269.5297,36.5520,43.3023
492.5018,264.8557,39.3061,45.0422
489.0421,262.1611,35.9388,44.9706
483.7428,262.0739,38.8954,45.8821
475.5970,259.6714,39.7193,46.7866
482.5709,258.9112,29.7351,47.8479
495.5893,254.8919,26.8516,42.4285
506.5190,248.6438,27.9187,37.2663
2
0
0
0
0
1
377.8259,251.1750,55.8839,66.3538
406.7685,236.0534,49.4517,71.9121
410.0743,240.4213,53.8947,68.0253
339.0977,278.2094,69.8775,47.1225
314.5641,286.9568,68.5346,48.2774
290.7562,287.5959,75.7909,50.0518
273.7795,288.2507,71.8969,50.3754
256.1543,293.5097,76.7645,44.7469
230.3682,299.1666,74.8643,41.9809
208.8952,304.0146,62.5507,47.6745
199.2255,313.0788,64.5539,43.4657
194.3600,316.1332,50.7190,44.0971
186.2635,312.7982,42.0744,49.4308
184.9467,315.8893,38.7218,42.7976
184.1063,311.3212,39.2507,45.0364
183.5997,303.1119,40.4039,48.1309
195.6651,300.7328,44.7306,41.7257
210.7736,298.0400,41.5447,43.0918
222.4307,300.6080,49.0217,39.2435
241.9297,296.8997,47.3598,38.8968
261.7402,291.4251,43.1938,38.5295
270.9893,288.5172,46.0116,38.8646
298.7505,277.2018,41.9640,43.5357
307.2006,269.2766,48.5321,51.0164
314.9134,253.7188,53.5196,45.2934
329.3124,247.3874,40.6788,45.5311
357.7038,238.1378,34.6292,50.5081
376.9992,245.8937,36.4092,46.8420
399.2476,282.9859,52.7091,29.5449
406.7019,281.4090,58.2953,33.8680
416.2262,280.7463,58.2634,37.5535
432.3638,271.7205,54.1624,44.3627
430.9447,264.8265,52.0393,49.0075
453.0609,265.6836,48.2030,41.2164
470.1794,265.1701,39.3716,36.3660
465.0534,274.9673,34.7782,31.0864
451.2732,272.3195,42.2603,35.3288
441.1215,274.0197,48.0558,37.2947
421.0302,277.1549,67.2498,32.8963
419.6804,276.8448,50.1389,36.0970
406.4730,276.2847,51.7385,37.9866
374.4157,281.4448,66.1545,36.3591
360.6189,275.8384,58.9625,41.8674
341.0568,276.1754,67.0684,39.5924
311.5346,288.0750,70.2748,38.6773
294.9286,288.6552,60.6560,42.2899
268.7787,297.0377,82.2929,34.8084
246.5018,297.4404,66.4569,37.9776
235.6286,296.8471,71.0335,39.1245
217.5296,289.5926,64.2586,43.7465
208.7947,264.5854,70.9016,55.0365
195.2032,248.8892,57.4716,54.7353
222.0351,243.2194,45.4083,52.7300
223.7121,218.2050,38.1403,46.5382
224.4262,206.6870,44.2962,47.7228
224.5696,200.0451,61.2238,40.0098
236.6352,185.2676,55.8847,48.2974
251.1154,187.1382,51.7929,47.9275
275.2526,208.8953,46.2066,46.5880
2
0
0
0
0
1
218.5555,131.5743,74.2977,51.5137
220.6974,136.4556,71.9970,47.6569
218.2458,139.3514,72.2756,47.4438
215.4562,133.4157,78.1968,47.6282
214.8101,127.9965,66.7180,53.6327
197.3804,133.4265,87.4068,48.3716
198.1881,134.9617,71.2383,47.9578
193.9958,131.3990,74.1868,50.8224
191.5737,137.0520,80.7242,45.9312
200.1476,133.9463,72.1878,46.6650
204.0094,136.9743,81.6412,46.5119
221.1287,137.7790,77.4102,45.4335
240.2330,138.2872,74.5998,43.4316
