1
231.1887,136.3914,52.5556,82.3062
230.4244,136.8302,53.5501,80.2226
228.3649,134.5075,54.4700,86.2963
226.2134,131.2629,56.9644,87.0691
224.3056,132.2290,58.4026,83.2094
220.8227,127.5387,57.9561,84.7274
220.1093,123.4139,55.9311,80.0310
215.0355,116.1197,58.5066,81.9224
215.1456,110.3836,57.2554,82.3803
209.3387,105.7713,59.2939,81.2714
204.7548,102.8471,60.2526,79.8520
202.3493,99.8061,58.3360,78.9879
197.5279,97.8733,58.9510,78.6614
196.9760,91.5946,57.5575,79.3190
195.0110,85.5944,61.5038,78.1437
192.5328,86.2197,63.4178,77.3694
191.2892,83.6954,65.3568,84.2539
189.8961,85.8558,70.9618,81.5832
188.9103,84.0728,70.2348,78.4224
191.5163,85.7493,64.9460,76.2445
192.5955,85.6902,67.8829,76.2794
193.2864,89.7940,63.8756,74.6088
193.8825,91.6434,61.7151,80.8482
193.6695,95.1245,62.1929,80.0900
195.1436,98.8135,61.0371,81.9247
198.1488,102.6208,61.8723,80.9704
197.7234,102.8484,61.7327,83.3764
197.9317,104.5370,61.2907,79.8482
199.7727,106.3211,60.4661,75.8792
201.9810,104.5073,60.4505,79.0923
201.9499,101.6649,61.1927,80.8642
203.6839,96.7533,63.2707,82.6591
204.1455,92.3981,62.7788,81.9940
206.0720,84.6931,61.1743,82.1126
206.0607,80.3298,62.0299,82.1876
209.2167,77.7131,62.0963,80.0380
209.6381,73.2730,59.9058,81.8755
210.3914,72.9394,63.7834,79.7676
211.0377,73.2036,64.2834,79.5999
213.7837,75.1108,63.5232,77.5542
214.7221,77.6498,64.0121,76.8110
215.6735,80.1127,65.8283,77.8948
215.9597,83.8189,66.4865,79.5171
214.3284,89.3822,68.2422,80.2710
214.1917,92.7702,66.4243,85.7084
216.5133,99.5936,67.1802,80.8748
216.4697,105.6674,66.1467,81.8895
220.3240,112.9800,65.1238,81.6582
221.2003,115.5791,63.8075,85.3906
222.5608,119.2901,64.6577,86.3644
222.7592,121.0614,67.8796,86.8787
227.8787,121.1224,69.2254,89.8529
230.4478,120.9949,69.0665,87.3423
232.3177,114.3425,68.1679,90.6537
232.4682,107.0516,68.3917,89.2046
235.4635,99.6955,63.3061,87.7638
233.4045,85.1077,61.2614,84.4487
225.5227,72.9876,57.9945,81.3896
227.1673,69.7193,61.3273,77.4843
232.2594,74.0291,61.2528,75.7525
231.7552,79.2123,64.5406,76.5017
230.2039,83.2716,67.6405,73.2940
230.9969,86.7189,66.4262,67.2235
234.6808,90.6877,67.7661,68.7563
238.6829,93.8296,64.7256,72.2242
243.3618,96.8829,65.4491,72.1531
242.7440,98.6346,64.7976,76.9091
241.9219,99.2415,67.5852,79.4440
240.2469,100.3711,68.2512,83.7529
241.8627,101.3012,68.5446,84.9684
240.6186,105.8936,66.8514,84.4040
244.2953,108.9797,64.5768,83.6808
247.4447,110.7448,65.6764,84.5299
248.8917,111.8308,69.0352,82.9878
248.4211,114.1353,71.8739,86.7430
248.5475,112.0374,71.1905,87.5866
247.6033,108.5580,69.0134,89.3008
250.9924,102.5116,65.6471,86.6684
254.1487,96.7647,61.1503,80.8321
257.6684,85.6387,60.1640,82.8576
258.1422,77.7617,59.3562,78.9374
256.5685,68.9337,59.9931,80.0572
257.1534,66.1500,62.8035,76.6824
258.4644,62.5704,63.2433,77.1972
263.4713,64.5216,66.0655,78.5246
271.8334,64.8928,65.8889,80.1164
292.5067,74.4173,64.9601,73.6864
294.7097,71.6260,64.3153,73.1328
292.7622,70.9258,64.2073,79.3301
285.8080,73.3702,65.5963,80.7291
271.3329,70.4185,67.1867,80.9938
266.6209,76.1279,67.4208,80.2086
264.2268,76.8450,66.7604,83.7076
264.1083,80.5651,67.3788,79.2502
262.5291,83.7493,65.4814,79.7193
261.5451,88.1495,62.3210,85.4017
259.4661,94.9064,64.6881,85.3600
252.6844,97.4427,70.8396,90.1889
254.4615,97.6874,72.6127,92.3990
261.4297,97.7027,73.6296,87.9653
250.9561,92.1010,70.8691,90.2450
248.5040,85.1339,69.3641,99.8837
241.1925,72.4716,68.9633,99.2705
237.8585,61.5417,67.5350,99.2753
241.1776,54.4684,65.3099,95.9746
243.3615,51.5864,67.4063,87.4279
244.4608,54.7348,68.9118,89.4551
252.5162,67.8632,69.2921,89.7300
263.9358,76.1977,66.5704,80.1731
275.4676,79.4385,64.9659,77.6881
282.5717,82.4952,63.5470,72.0940
310.3523,91.7554,63.8072,80.4743
316.3839,91.3137,61.4328,77.0920
294.8181,88.6645,58.7209,73.9162
267.2028,85.5345,60.7844,75.0391
257.7123,85.0859,64.3472,83.9061
254.6971,84.1056,64.8545,89.5400
249.4094,84.2556,66.8347,84.9971
249.0464,84.6590,64.7722,86.7238
248.9687,89.4008,63.8849,85.0326
249.1152,94.2568,70.9492,88.8253
249.8669,98.5554,73.8694,88.7670
263.7407,101.7685,69.2586,88.7164
284.9833,102.4448,68.8849,88.1076
283.5505,100.6881,68.7616,90.0056
262.1058,89.9998,70.5887,98.0980
247.5044,72.0571,68.2147,91.9481
253.5487,67.9644,64.9369,89.9690
263.0280,67.7055,65.8665,87.2826
274.0756,70.1129,64.8995,87.9706
283.6408,75.3444,65.1021,85.6770
286.9017,83.2605,66.9103,81.1647
328.9015,98.0606,70.3909,90.9960
2
0
0
0
0
1
256.7970,101.7318,67.0499,76.2433
255.4712,102.4124,66.9621,79.3655
250.6390,102.9056,71.0158,79.8970
244.5331,104.4941,76.1757,82.0310
240.2229,107.6037,78.9484,87.8924
246.0415,106.9832,79.5609,95.2224
233.8124,110.2228,76.2426,87.3166
232.4292,108.0924,72.5462,95.6354
233.4062,102.4193,70.4308,97.6172
232.1794,95.6172,69.4382,95.8584
232.9182,84.2554,68.7806,89.4891
238.8000,78.1208,66.5363,88.8132
239.8379,70.4052,67.9885,85.3684
242.4693,67.2021,71.2012,82.9680
247.8622,68.2472,71.4671,78.3209
248.3166,78.0696,72.4740,73.0422
250.9877,85.0257,71.2586,69.6823
252.0278,93.4072,70.6487,69.7770
250.1732,99.2770,72.2674,73.4165
249.6664,104.5140,73.2289,71.1723
248.1691,106.3910,73.9437,69.9607
245.8696,108.4242,73.7369,71.2189
245.3497,104.0190,70.9362,71.8159
240.9140,98.8602,73.4983,76.6190
236.9046,95.7952,73.9888,80.9902
233.4986,94.8577,75.4707,85.3073
231.7726,95.6174,72.0643,85.8069
229.0662,96.6588,73.3568,87.7347
220.6269,97.5620,78.8369,94.3607
216.1407,102.7355,79.1412,96.2411
215.8680,106.4563,78.4003,99.0049
215.0854,104.4520,74.4978,96.4266
216.1742,98.3173,74.0167,98.7015
220.2582,91.4010,71.6482,99.0174
222.9612,85.0163,71.7591,97.7220
226.2926,75.8265,70.9559,95.2701
227.8611,69.0941,70.4617,93.6498
231.7731,65.9109,70.1670,87.4867
234.8658,69.8089,71.5174,83.2268
235.2287,74.7962,72.4042,77.9393
235.5388,79.7718,72.7164,73.8295
237.5882,85.7341,73.0189,73.9680
238.0723,91.8263,71.5392,73.1040
238.4402,95.0788,72.0581,74.2642
237.9971,96.3340,73.1863,78.8291
235.5828,98.3992,74.0522,80.6188
235.1226,100.6191,70.5424,80.8439
233.0702,101.8716,71.2721,79.8484
230.6129,102.3251,70.5154,82.6036
228.1433,102.9487,70.4684,83.6888
225.3169,104.6473,71.6959,83.5528
221.3209,104.8708,76.5506,83.9462
216.3263,104.6310,79.8459,83.5128
217.5762,102.2500,79.1153,87.6040
220.3930,102.4019,76.8131,93.2209
225.9375,97.6621,74.4655,88.6865
217.0687,93.0930,70.4144,94.8991
211.4195,84.6900,75.1446,95.9428
213.6559,76.0936,72.2606,90.8328
213.8561,66.6144,69.2114,90.2857
213.1628,58.5083,70.3081,89.0498
212.0436,52.8194,70.6761,89.9418
209.8388,50.4894,69.9981,87.3782
209.5734,49.7273,69.4972,86.7521
209.1489,49.1418,69.5836,87.3175
208.0768,52.4990,69.4998,85.6235
208.0390,55.2253,70.5420,88.8473
207.6840,59.0762,71.0259,85.5991
209.1356,62.8132,72.1830,87.1406
210.2585,67.2236,71.6554,86.7747
210.1201,72.8571,70.4615,86.3371
210.1981,78.1982,70.8254,84.3427
209.3737,85.0818,73.9307,85.2236
211.1536,90.3227,74.0928,83.4234
211.4504,94.7050,73.0526,83.6722
211.4710,100.1052,74.4757,83.9248
211.9339,106.0063,75.0222,83.2480
214.3167,107.9895,73.7271,87.5950
214.6971,109.8998,74.8535,80.2063
215.9489,107.7872,75.4009,83.8535
217.8513,101.5078,74.0014,82.3361
219.7159,93.9933,73.9227,81.5494
222.3061,87.1803,72.4100,80.3804
221.9843,81.8148,73.0431,82.0639
222.7772,75.1969,72.1099,83.2508
223.9533,68.7884,70.1557,79.2977
224.4418,60.8290,69.7564,81.4590
225.9295,52.4989,69.8033,80.7336
229.6097,45.1054,71.6861,84.6510
229.5533,39.5133,72.8655,82.8002
233.1133,33.3595,72.6411,84.5452
235.1821,29.4899,73.4850,86.9385
233.4381,26.8198,79.5370,86.6513
234.1059,24.4321,81.3614,93.1360
233.6455,27.7652,84.8587,98.2838
236.7889,28.8477,85.8859,108.1312
235.5081,33.2493,89.3540,105.0454
240.1480,32.5115,89.3550,103.6074
238.4061,41.5996,89.0772,107.7123
242.8126,45.2688,93.5424,110.8839
240.4878,54.8258,90.4345,102.7296
237.6123,63.3098,90.9159,101.1368
239.2505,66.4527,88.8794,101.5482
235.6101,63.0160,87.7840,103.1817
229.6890,60.5677,87.6960,100.8408
230.1436,52.7250,86.1883,97.0101
219.4373,43.1455,89.2167,95.6074
207.6898,38.1648,88.6487,93.0994
203.8384,33.4106,91.7458,97.1526
198.4722,30.6213,92.5282,101.0714
193.8382,29.0343,92.9953,107.2432
189.6726,30.9543,92.7811,111.4846
186.7827,36.4707,94.9731,118.4235
184.6966,41.0331,91.3077,111.5182
185.0649,43.1798,88.1061,104.7865
184.3929,42.4556,87.0116,103.8215
182.1064,46.7210,86.7562,100.6905
180.3114,49.8489,81.4329,95.1754
174.6491,52.8619,81.0067,97.1888
169.4489,55.3768,83.7829,101.7538
162.9869,56.7418,88.8637,99.4997
161.6070,60.6861,85.6081,102.1792
153.5215,62.2762,90.8362,102.6085
152.4060,71.3946,90.1245,101.4876
152.6358,75.7213,88.9772,95.3503
155.3359,80.2495,82.7391,87.6932
154.8908,80.2536,84.6365,87.9903
158.4118,71.7333,85.0394,89.2474
163.6935,64.4020,85.5502,91.7600
166.9928,56.0778,88.2453,93.3935
168.9770,46.8513,89.2681,95.6126
171.5645,37.7154,90.0684,101.2880
173.1076,35.3896,95.1758,103.2596
168.7359,30.6061,100.0401,104.9836
172.6031,29.3950,100.7623,112.0210
175.4580,26.6274,100.9537,112.8942
177.6296,24.0912,100.0810,119.6223
181.7870,18.8943,98.3748,121.7113
188.2498,18.1613,94.6847,117.1631
197.8366,19.7356,94.8252,114.2857
204.7906,17.5040,95.6435,119.6979
207.4898,21.5848,100.0194,127.5511
213.2731,26.9497,99.9807,123.7699
210.5910,35.7872,100.4898,122.6567
212.4335,39.4667,101.7572,119.9110
216.9052,43.2102,98.4083,122.9653
215.6393,52.0367,101.9729,121.7738
210.9209,62.8737,103.8979,118.7964
196.4222,71.9647,104.9241,131.2226
144.2782,86.0883,142.3271,148.4132
117.7984,92.9454,166.4312,185.4644
116.6109,82.0518,172.5183,210.7063
110.4070,67.5386,180.6651,221.6573
110.0052,52.5317,172.8196,219.4306
107.0269,44.6493,173.7556,233.5438
104.9472,48.4882,162.9430,213.5120
102.3797,44.8837,164.8825,204.3300
98.8653,47.9555,171.1104,207.4340
95.2736,43.6900,172.8241,225.4460
95.8245,34.2306,162.9967,203.6775
107.4008,39.3451,154.1915,202.6907
104.2566,48.6144,164.0842,224.2599
110.5017,51.4323,176.9544,241.6839
97.0662,50.7190,193.3785,247.6944
96.8626,60.4279,182.2313,246.0513
119.0972,59.9481,176.2587,221.6913
106.2545,62.3578,174.6357,212.8083
83.6962,65.3437,176.9280,246.9581
92.5214,75.3254,182.8624,241.4501
99.5890,76.1728,170.3745,242.9358
101.4666,89.0654,157.4813,215.9112
114.5069,93.6432,151.3278,229.5538
109.0451,90.4669,143.5891,190.3714
117.8274,83.9138,123.6819,151.0329
121.1577,76.5358,109.7327,129.1370
131.9743,65.5378,96.3630,107.9391
144.9444,55.4542,87.8346,102.0481
149.7006,43.6861,85.0057,102.3472
157.1103,33.3385,79.6089,97.1021
165.9823,24.3460,74.3948,104.2721
164.0733,23.3304,79.9910,99.6020
165.9930,20.5961,80.7261,99.2348
168.1695,19.3189,82.4929,97.8470
171.4738,17.0963,82.6724,101.6682
173.7024,17.1357,81.7338,97.5459
177.2742,16.2691,81.5480,97.4320
179.7169,16.2599,79.6469,97.8394
181.3252,19.0407,80.2270,99.6844
182.8992,22.5657,80.2008,100.4664
184.7473,25.4626,80.1532,100.3517
184.1783,29.8480,79.7208,100.9867
183.6461,34.5274,80.2253,99.8988
182.3015,41.0559,81.4193,101.3042
180.9090,49.4249,83.0763,102.6868
183.9160,53.4026,78.2782,100.5827
183.4435,61.5541,78.7767,94.5665
185.6721,61.5319,77.2473,93.8209
185.4498,61.5603,76.4498,90.7390
183.9326,59.2060,78.5442,96.8249
182.5064,55.0729,77.5331,96.3691
180.8335,47.6623,80.7202,101.6506
179.9976,42.6623,80.9168,97.8035
178.7505,37.6491,81.4831,97.1857
179.7376,34.1654,82.6685,102.0005
177.4238,33.9390,86.2754,108.5396
177.1523,35.9146,86.9361,110.2067
175.8430,39.3011,87.1747,108.6387
175.5789,39.4153,86.8332,110.2653
173.4024,38.3967,88.5071,111.7782
176.2102,40.0424,85.7944,109.6237
175.7127,36.1646,85.5542,113.2282
177.0773,39.0830,84.6139,115.4540
177.5524,41.3546,83.2793,112.9699
172.6532,42.0095,82.6928,111.9834
170.4810,45.5150,79.2254,101.0454
163.2629,49.3801,80.5022,104.4677
159.2912,54.5215,80.0654,102.1126
157.5861,61.7390,78.5879,103.4827
154.8516,71.1852,75.8171,96.6237
149.2843,79.9804,77.4503,98.1945
145.2509,88.4655,79.2019,96.1506
143.7358,95.7156,78.2946,94.3430
140.8298,102.7952,78.0831,97.6864
138.2326,105.9012,77.0413,95.4251
134.3140,108.5709,77.4292,93.4103
