1
294.7085,137.3134,76.7006,97.8752
290.0319,140.3959,80.6677,99.8873
289.3808,142.8931,81.5183,99.5246
290.8091,145.0268,79.5582,100.0393
292.2357,146.8693,77.6434,98.9409
294.8015,145.8181,77.5745,98.4255
300.3077,146.2762,77.1239,98.8647
296.5087,147.0629,82.6483,98.4637
292.4000,148.4468,90.3783,102.9470
291.6629,147.7460,91.8925,105.4532
292.0371,143.8699,93.3500,108.1120
301.5628,142.2303,91.8139,108.7265
310.8325,138.5639,88.9425,102.6673
317.7291,134.5056,86.6419,107.4926
322.7860,130.6509,84.2583,104.8295
321.7796,128.5693,90.9243,105.2274
318.4420,127.5094,92.8825,110.2440
310.4713,119.8520,100.1907,111.2641
317.9596,118.5759,95.2643,111.9594
326.9241,115.1450,92.9441,110.8044
333.5915,110.6812,93.1902,111.0492
335.3498,106.7681,96.7866,110.1256
340.6231,107.5019,101.4463,113.2711
347.2650,112.5212,103.4947,114.3080
354.7042,119.0771,107.5736,117.8143
360.9563,121.1364,106.5500,120.8457
352.8526,106.7663,111.1671,120.8462
346.9671,96.5416,107.1192,115.8773
340.5318,88.9292,100.1810,110.2597
338.8742,86.6159,87.6216,104.6100
332.7407,85.0138,81.2097,102.5617
325.1094,84.5578,92.2821,104.7451
322.2774,84.7236,97.7101,107.0030
325.1904,86.8723,100.3554,107.6477
330.9020,87.6376,107.0354,115.7884
342.7280,98.3520,111.8901,111.8678
353.8253,121.7621,114.0373,121.1638
351.4090,116.5310,113.6631,125.6849
336.2630,92.7703,106.1055,122.4169
341.6487,90.4097,104.4530,113.8692
346.2214,86.5947,96.4014,114.9773
343.1033,84.3586,98.2272,115.0597
346.1169,82.4387,95.3741,116.1053
342.9509,87.5539,101.7291,114.8466
343.7271,92.6846,99.0974,109.8081
343.4606,93.3965,106.2823,114.9786
326.2426,52.3937,98.0331,140.5123
351.9540,124.6027,112.6796,127.3691
355.6278,133.5992,114.2726,139.3256
332.0743,99.5187,105.0638,149.8861
341.9545,103.6226,109.8260,132.5859
348.9959,101.6861,92.0583,129.8412
343.7138,96.8047,93.0609,127.1502
343.5480,106.2112,88.1346,115.8675
344.6169,110.1674,87.2381,120.0104
342.7849,114.4808,84.0544,120.5346
340.4933,124.0135,83.1784,116.4391
331.6686,149.0123,90.9285,122.0003
321.2534,160.6047,99.0546,132.0559
303.1455,146.8955,95.9874,126.2067
290.3464,103.1207,92.0207,134.3661
304.5592,119.5614,93.4063,114.0110
310.0533,119.3021,79.0653,97.8467
308.4993,119.1591,75.2716,93.8867
303.2867,117.9535,74.1766,88.4805
295.4438,121.9966,75.5358,89.8208
292.4638,123.8679,77.3025,92.9304
293.4143,133.6264,79.2902,92.9749
286.5471,145.0238,82.5741,97.0384
287.1440,140.3006,83.0262,116.9642
290.4095,176.5690,82.2520,121.0438
281.1220,156.4046,91.3184,144.6721
275.4161,65.3020,108.1290,168.8233
252.9484,109.6255,97.1551,128.6732
257.9793,112.5314,80.8947,121.9702
259.7456,119.0854,75.9511,102.0335
258.9327,112.0218,70.9388,98.2238
265.6776,113.7152,70.4255,92.5367
256.3741,125.7819,72.7135,89.8774
253.0229,137.9369,71.8336,96.8020
250.8016,150.8506,74.4732,97.7914
245.8831,160.9143,74.3836,111.0589
245.0797,172.4672,75.8344,112.1714
247.5058,182.3575,74.2535,109.6902
246.0020,177.5733,75.3522,104.9859
239.3466,170.2140,74.0023,93.1482
251.8118,175.0852,66.9741,87.5904
274.4915,187.5616,62.9088,80.8880
244.4941,179.8523,66.4543,77.8418
233.3939,178.1839,67.5657,81.0927
233.4212,182.3585,67.4938,79.7591
248.6460,174.6636,64.4269,89.2206
286.9848,144.3988,80.9933,111.8468
285.3633,150.7286,94.8164,116.2060
256.0051,143.2783,80.4400,128.7826
231.0894,151.1872,79.0197,108.8234
247.6578,149.2391,79.4453,110.5153
268.3101,154.1193,94.5120,103.7711
271.6697,151.3002,98.1621,100.7437
296.4818,147.5250,86.5664,105.3634
2
0
0
0
0
1
238.2277,152.8399,42.0500,57.7935
230.2438,161.3774,41.7443,56.9397
2
0
0
0
0
1
255.4213,135.5504,54.2744,60.9589
279.0573,133.8452,40.4671,62.0263
296.9888,147.9784,42.6289,69.2055
2
0
0
0
0
1
245.5021,131.5309,67.1473,78.2030
243.8633,125.8292,67.6793,70.7673
250.9130,121.1553,64.1248,71.8690
242.2010,105.5524,57.7772,72.2872
274.9361,104.1835,57.7786,70.9491
271.6296,112.2707,54.4838,62.6416
316.2966,80.1770,48.7959,66.1753
338.4836,65.4453,45.7277,80.6408
338.8755,64.6261,52.8441,84.0310
309.7308,84.4271,57.2127,92.4120
272.1716,142.8291,71.3178,87.4567
272.7735,140.5592,78.2302,90.0848
262.3617,136.4266,78.9840,91.5579
259.5277,126.7417,77.1550,86.2114
286.7657,119.5413,69.5096,105.4852
287.9721,140.2933,74.2889,94.5508
273.1519,139.9735,80.6634,97.6850
265.1238,130.9538,78.9085,104.5038
258.4778,137.4911,85.1653,108.8983
254.3958,138.0188,84.2282,95.2199
256.1010,134.7577,81.3673,102.4103
245.3421,137.1879,75.3985,102.6120
240.9288,118.6893,72.5597,99.0840
255.5589,121.5993,82.8089,97.4244
251.5049,122.7212,78.7498,103.5656
249.5533,115.3213,80.5741,100.4307
229.8857,135.2598,83.8716,91.3176
214.9023,136.7678,73.4690,105.9848
206.1005,129.0804,77.6369,109.9078
218.3938,136.2979,64.9177,106.2690
208.6621,128.0545,80.8935,98.2907
211.5197,128.4258,77.0218,99.4864
214.7162,135.0765,77.9570,96.5476
213.6618,114.7114,83.4295,115.0034
188.7068,124.6633,84.5269,113.0051
182.4089,130.9040,80.1463,105.5666
192.8827,135.0839,76.8626,106.2347
189.0247,118.5629,69.8182,112.9446
180.9824,127.5990,77.5727,116.8608
234.0224,131.3189,69.7299,116.6731
277.4635,133.6869,77.5996,105.8569
309.1298,126.4009,91.0839,118.9640
305.4430,120.6949,83.3820,126.8921
259.2724,124.4965,81.4267,120.7988
282.2291,143.5900,81.2504,98.5283
260.8455,155.2251,91.3692,87.5164
299.8384,144.6909,78.7928,92.5351
277.6254,154.8680,83.8861,98.1101
259.3052,156.9718,77.2439,114.8089
260.7425,156.3977,82.0903,115.6554
268.4445,165.9888,81.1352,113.1747
273.0093,166.2025,84.8125,98.5404
284.2431,165.8756,79.3144,98.1317
263.1517,165.7643,71.9584,83.4441
266.5084,171.8308,72.3666,85.4138
286.4853,169.9294,72.4779,87.7878
290.8467,178.3841,82.1884,82.5011
298.3893,164.8218,74.9235,83.0079
278.6953,165.8639,81.7962,78.9145
303.8100,169.3224,83.1345,72.4882
314.6077,151.7082,76.9707,71.6927
327.0312,156.2856,75.3603,69.2981
333.9289,161.9159,84.0881,62.2458
316.6919,167.2380,71.1596,79.7501
341.1117,157.5297,70.0951,83.1504
359.2150,184.8592,68.7030,99.8071
351.0007,174.7344,79.3516,90.7279
327.1235,149.6921,87.9102,101.9812
301.0989,148.9466,89.0028,113.1368
326.8470,145.2386,87.5388,105.0446
324.1613,139.9608,84.3509,113.0956
308.2144,138.2450,86.6072,119.8116
301.4759,151.2953,89.9704,122.4228
325.2987,146.8261,86.3897,130.9406
303.9225,182.8510,83.9026,127.4721
282.5973,156.2937,80.1021,121.2874
262.3271,149.9865,87.7266,126.0728
2
0
0
0
0
1
328.8582,163.9760,74.8375,101.2009
317.4939,170.2392,73.6909,100.2103
314.1981,166.2696,73.2571,94.0057
307.5384,161.1544,70.1987,85.4873
302.1807,157.7669,67.0798,75.5703
302.1329,150.3908,62.9980,76.7232
302.1871,153.9588,62.4333,75.1918
296.9019,159.7699,63.0249,74.8676
293.8266,162.2254,61.1268,75.4305
287.6912,175.2766,63.8938,75.2919
290.1771,182.1874,63.2215,74.7182
291.9122,188.7737,65.1888,81.3268
296.4111,188.4480,63.4559,73.3996
292.1306,182.0066,62.6130,71.9856
295.3451,175.9638,63.4973,67.4221
298.6679,175.4646,60.7681,67.0474
299.5267,175.1940,58.7491,64.1247
300.5557,176.6188,57.8155,67.3624
301.4726,181.1013,57.3010,72.3890
301.5878,184.5413,56.8314,74.7489
308.6854,185.3220,55.9990,70.8247
306.2321,179.1797,52.5292,71.5989
294.4174,169.9027,50.2248,63.7591
287.6184,167.3384,53.0988,57.6532
287.6201,164.8616,52.0728,56.5972
287.3712,163.1001,49.2789,59.3320
283.6827,165.9105,52.0118,58.7367
281.7016,167.4950,54.5294,60.7896
286.5486,173.0434,54.6395,61.4268
288.3025,175.4005,47.9093,64.7966
296.4461,170.8494,52.1111,66.6214
294.0483,168.6197,52.1707,61.2403
295.1847,174.4940,52.8919,56.0740
294.3850,180.3593,52.4263,57.3808
298.5758,178.6801,48.5518,60.2489
299.9176,180.0467,51.0053,57.2755
301.0187,174.6536,49.2212,57.3605
299.1898,170.0402,50.9115,54.2630
296.7401,159.6032,49.7500,52.9913
297.4218,151.7511,48.1669,52.1294
298.4773,146.5802,45.6686,51.8521
298.2468,142.3602,44.9171,54.4895
299.7853,143.0880,42.6637,53.4162
299.4847,149.2155,47.2922,52.1961
298.8979,153.0311,49.2298,52.9562
297.4827,152.4401,49.7814,51.0699
297.0257,148.5670,48.1792,50.2009
300.3123,138.4935,43.1111,49.8415
302.6195,129.5207,40.1227,50.4257
302.6469,126.3351,37.7477,45.6154
300.3257,123.0397,39.7217,47.1468
298.8813,123.5988,42.7836,45.9013
299.6759,125.5528,42.9336,46.2345
299.9262,134.3128,44.5240,46.5483
302.9984,135.6714,41.0397,49.6421
295.6719,136.4761,44.5122,48.9569
293.0496,132.0152,42.6175,47.8462
288.3999,126.5212,42.8273,48.4948
289.0559,121.4455,41.3657,45.9700
287.4122,122.1431,40.9663,43.5582
286.9629,123.3130,42.1836,45.6020
282.0627,127.5168,45.0403,46.1318
272.7858,124.0576,36.5668,54.4202
276.8382,139.6179,43.3282,48.0944
282.8031,147.9205,40.1434,45.3472
283.0091,146.9822,40.5737,46.1417
280.6984,148.1685,40.8220,44.4975
278.9786,146.9956,40.5550,41.6789
279.9481,145.3412,38.3418,40.6660
289.3813,146.1809,37.0730,40.7054
291.6287,148.7271,36.3814,41.0344
292.7268,152.3040,39.6472,42.6361
290.8236,154.8313,39.2799,45.1511
289.4649,155.0689,39.3916,44.4750
285.9550,152.6382,37.7338,44.7022
286.1061,150.3990,40.1211,42.9571
285.1876,142.4928,38.8719,41.5407
289.6040,139.1226,38.8499,42.6778
293.0644,138.7052,37.9859,40.6803
291.6155,137.4013,35.5985,40.9048
292.2247,140.9213,37.5917,42.7321
294.6321,145.9297,38.1358,47.8289
287.0048,144.0615,44.8774,50.5938
292.8523,140.9753,40.7042,49.3058
291.8847,135.0729,38.9886,48.0686
293.6317,131.8930,39.2144,43.5214
299.1749,128.3675,36.4171,41.8493
301.4930,125.7509,38.2217,43.0921
302.4529,127.8112,41.4809,44.0696
304.4742,131.3950,41.7439,45.8432
307.0944,136.5053,42.3483,46.6798
307.9275,135.9225,41.5251,57.4099
308.9892,130.1129,45.7440,58.7667
301.8900,127.3189,43.6777,56.9206
303.1986,124.3809,43.5628,49.5449
307.6754,122.0913,40.4170,46.1439
309.7086,117.3262,38.6552,45.7889
314.4044,122.6985,35.3516,43.5483
323.8267,124.8941,35.0065,47.4632
313.2955,128.6494,35.6913,50.2811
309.7836,140.0211,37.8636,49.7073
312.3704,143.0350,37.1206,52.1761
316.6621,143.5454,39.4318,52.0200
308.5935,136.4201,39.1514,54.7776
314.4212,127.9688,40.7319,54.6482
316.9262,123.8619,36.6500,51.8755
316.1125,123.6589,36.0281,46.1726
318.5860,124.9689,34.3210,45.9541
312.8714,125.5951,35.6584,47.3062
313.2982,129.1363,36.3007,49.8763
312.8856,132.1329,35.5330,53.4035
310.6553,135.1552,38.4472,51.9496
312.5945,129.7737,38.2073,50.9722
310.2227,122.9094,37.2157,51.0834
316.1919,114.0129,36.2955,49.4079
316.2719,113.4293,34.0041,43.9301
316.7339,112.2512,32.5932,41.3305
311.4620,108.7800,33.1820,45.4542
309.4270,110.6374,35.2094,45.7584
312.0031,116.5100,30.6771,53.6546
309.4890,116.6826,28.3268,51.2679
301.0103,119.8506,30.8433,52.5074
301.4085,117.7433,32.7088,51.8701
304.2247,110.2541,32.1904,49.8693
300.9444,112.3315,31.5429,46.3801
306.6835,109.4337,31.4488,48.5756
304.2318,110.4696,34.8040,48.4273
302.0608,114.2945,36.9832,45.2372
300.1861,118.0410,39.9477,46.5172
301.1671,126.1548,34.6656,46.7906
303.3846,132.2105,37.1205,46.2986
303.7505,133.0447,38.0102,47.4364
304.4079,129.4292,41.8514,48.7849
306.4149,120.7709,38.5403,50.6227
310.8821,117.5802,36.5620,46.2761
314.6685,113.7515,35.7502,45.3197
313.4029,112.9303,34.8549,48.4121
314.8033,119.3684,38.5408,47.1905
314.0194,126.4275,37.0012,47.0451
316.2460,126.1793,36.4987,47.2317
318.9634,128.2184,36.6632,48.8250
316.5014,128.0473,39.7712,48.7045
318.4790,127.9596,38.2497,46.7995
314.1296,123.7369,35.2195,48.5960
319.8372,125.3312,33.6387,47.7973
318.9781,120.5451,28.5302,53.6753
302.1497,125.9797,30.6655,55.4502
2
0
0
0
0
1
312.6508,136.6717,42.6867,37.3652
309.3865,132.6875,42.2264,41.2305
307.1531,132.3998,43.4540,41.9965
306.1555,132.1003,43.8234,46.1870
306.6912,129.6763,45.2322,47.3547
302.3470,125.3417,49.0428,48.9339
303.3093,127.4721,47.6707,46.6695
306.3169,123.4349,44.4684,49.1049
305.4830,123.9439,43.0913,50.0195
305.9492,125.1106,40.9208,50.5361
301.5529,127.4470,45.2392,48.9411
302.6443,123.3802,46.0370,52.3452
303.9461,125.1886,47.0062,52.9533
303.6061,122.5740,45.3026,58.6428
302.4053,122.9827,48.7783,57.3670
306.6823,122.1898,46.9849,58.6522
310.6456,123.1138,45.1990,59.4665
318.4448,126.7508,41.9826,56.7932
320.1873,123.6383,37.2715,58.5632
304.1031,133.0000,39.5465,51.0273
2
0
0
0
0
1
344.3784,150.8548,37.5067,62.1985
340.7067,144.8423,38.0878,65.5800
337.9898,125.2932,38.1891,74.0315
324.4315,101.2364,44.4936,74.2400
299.0677,106.5741,52.6329,79.6865
2
