1
589.7565,205.0548,49.5155,36.3490
586.6073,202.6068,49.1668,38.0640
583.6558,200.8888,49.9674,40.0256
579.8932,199.9205,52.0919,40.6631
578.9445,197.6310,52.2257,41.5670
577.0988,196.4806,49.9844,47.7544
577.3878,193.8458,46.4945,42.8798
579.0334,192.6164,39.6174,45.1942
582.6330,188.3114,31.0417,58.7928
579.5442,186.1299,26.0881,61.2601
578.4203,188.5776,28.3369,59.4812
576.0294,186.6385,28.7053,60.1736
573.5808,184.8563,30.2747,56.8434
572.7121,182.6950,30.5581,54.0575
571.6303,182.3706,32.1956,49.7455
570.6686,182.5049,32.0223,45.3717
568.9666,183.1417,31.1497,44.6572
569.6627,182.3315,30.7343,44.3176
568.3204,182.4672,30.1948,45.0195
568.6558,180.9147,30.9076,42.5543
567.3320,181.7225,29.5040,44.1387
566.8332,180.6828,29.4333,44.9885
566.1803,180.8108,28.9110,45.1402
565.9529,179.7816,29.2893,44.7522
565.2164,179.5307,29.2605,44.0505
564.1451,179.1096,29.1677,44.3628
563.3612,180.4646,29.4024,43.6818
563.1727,180.4108,28.8121,42.9201
562.9209,180.6791,28.7110,44.6925
563.2351,180.7849,28.2472,47.6888
561.8283,179.2741,28.6885,49.3187
560.7067,179.7422,28.2584,51.2067
559.3213,178.2041,27.0469,50.7921
559.4946,177.2937,24.2669,55.2924
558.9504,176.3487,26.1025,51.6574
554.3762,179.9407,35.6492,39.5117
550.0995,183.0430,41.2627,36.1829
545.3960,181.9463,44.2736,32.8750
543.7067,181.8273,45.8181,33.0116
543.7567,181.4143,45.5607,34.3775
543.9912,182.8923,44.6921,34.6673
543.4340,183.7678,45.0703,34.1492
543.0615,185.2096,45.5268,35.9345
542.4770,184.3933,45.3404,34.8519
542.8215,185.6463,46.2577,36.2889
543.3451,186.1223,46.1400,37.3784
542.3041,185.9501,46.8383,37.2860
542.4694,186.4596,46.4117,38.9300
541.5727,187.2443,47.0141,38.1255
542.8691,187.7768,46.3517,37.7263
543.2833,187.9065,46.7953,38.3695
544.2857,188.8886,45.9828,38.5683
545.5537,189.2667,45.7129,38.3421
547.8777,189.3281,44.6241,37.0454
548.7480,190.2603,43.2274,38.0594
554.9783,188.2423,35.5922,40.2858
561.1046,183.3731,22.6046,56.0249
557.8898,186.5210,32.0648,41.6024
561.3775,191.1363,42.7942,32.3649
562.8653,192.6433,48.6731,31.0521
565.5012,193.0397,50.6957,30.7971
566.7670,192.3958,52.1861,31.1138
568.5604,193.0818,51.0701,31.8056
570.9000,194.6296,50.5566,30.8824
572.4190,195.4632,50.9151,32.8156
574.9979,195.3324,51.7145,30.6387
576.5206,194.4029,50.7696,31.9878
580.2861,196.6156,48.7868,32.9846
580.6469,195.7555,50.3645,31.6664
581.4756,198.0267,50.5185,34.0185
584.0782,197.1528,51.7783,32.1851
585.4744,196.9804,51.6140,32.7613
587.9823,199.5760,50.3156,32.8285
591.2048,198.5036,51.5329,31.1383
593.5071,197.6208,50.5147,30.6776
596.9807,199.7886,48.2209,29.7539
595.0347,201.2246,50.4352,32.7037
598.5346,200.0060,50.6822,31.8268
599.8125,199.4028,50.6856,30.6051
601.3033,201.6512,52.2486,31.5908
601.9419,200.7267,50.6998,32.8223
602.3618,203.6301,50.8015,34.4985
605.5922,202.6930,50.8331,30.6742
606.5341,203.8626,51.9945,32.0803
606.5259,203.5306,52.0588,34.3571
607.1732,205.2054,51.1285,36.0276
610.7995,205.1083,50.9600,31.7342
610.8286,205.5958,51.5130,34.4743
612.1529,206.8983,53.7986,34.2697
614.0861,205.4246,55.2447,29.8730
615.2889,208.3803,56.3556,30.8853
614.4763,208.0147,60.8674,33.8793
613.5485,210.3573,63.0471,34.3820
614.2394,209.1519,64.4224,34.2193
615.9368,210.3753,62.6211,33.8142
617.3760,210.1920,61.5733,33.5091
616.0327,211.3020,61.3967,35.0157
615.6382,210.6454,63.4562,34.8398
616.6465,210.8764,61.6610,35.9633
617.5004,210.6867,62.0028,35.5894
617.8557,210.6201,57.9270,36.1594
619.5037,209.1497,52.3228,35.0158
619.7717,206.1061,36.9138,43.8461
621.4482,205.5269,25.6337,62.7892
616.6635,204.9224,32.3647,53.7347
614.1036,207.1960,37.0734,44.0176
612.0402,206.4843,37.0831,39.2378
610.8186,206.6312,37.3436,34.3146
610.4063,206.5961,36.1778,31.2079
610.8829,206.2035,34.8203,29.6033
611.1654,207.4382,33.0328,29.7601
609.3602,206.6517,33.2519,29.3398
607.5187,205.6425,33.6526,30.7832
605.7172,205.0411,33.2141,30.6263
602.8560,204.4288,32.9888,30.9590
601.2991,204.7888,32.2926,30.6848
599.7076,203.4328,32.7218,31.7673
597.7953,203.5824,33.3423,32.6442
595.5439,202.6099,33.3311,31.9883
594.2321,201.2273,33.1571,33.0737
592.0797,200.6556,33.4488,32.4463
590.5148,200.4248,33.3730,33.2089
588.7134,199.5045,33.2670,33.5209
587.5646,199.6898,32.9507,34.9091
585.5718,198.5931,32.7095,35.1436
585.3605,196.9195,32.3112,36.9189
587.5372,196.8857,25.3068,50.4490
584.4263,195.9196,25.4991,54.6720
580.0182,197.1307,36.7385,40.1420
582.4229,196.8852,43.3901,34.3534
581.9828,198.3962,45.1309,34.5723
581.0223,199.4320,46.2593,35.6279
578.9871,198.2701,47.1209,34.5913
577.2111,198.3638,47.6900,35.4063
577.3044,197.5736,49.4331,36.0039
577.9764,197.0769,48.4242,33.3571
576.5181,198.9079,47.9739,34.9623
577.9370,197.6665,46.1521,33.6738
576.9025,197.0400,46.9589,32.1106
576.5833,198.0850,45.9751,32.7163
576.6395,197.2087,45.2393,33.8277
576.5580,198.4698,45.3225,34.4118
575.6615,197.4361,44.7708,34.5656
577.0163,196.7295,45.1989,33.5764
576.3364,198.3145,43.2607,38.2700
576.2158,198.6942,44.1037,40.1734
576.0472,197.3403,46.0333,40.4198
575.9279,197.9933,44.2099,43.8756
576.1251,196.4883,47.1424,40.4712
577.3186,197.8681,46.0449,39.7560
578.1048,197.4497,47.3405,37.4106
579.3275,198.2376,46.3064,39.8874
580.2962,198.4095,47.1755,41.3135
580.4204,197.2478,50.7416,40.5967
580.5692,198.8137,56.9298,41.3474
582.4903,198.9067,59.7134,38.2088
585.0296,198.6001,62.4108,36.8719
587.4957,198.1454,64.8191,34.9344
589.9103,196.3078,63.9302,33.6698
592.4324,199.1219,62.1505,32.4523
594.0234,198.0043,61.4299,34.0715
593.6623,197.9433,63.0041,34.4416
592.8179,197.5025,63.1059,34.1943
594.6568,199.7867,62.6940,35.3027
600.3485,196.2681,60.9102,35.9908
619.4597,189.8672,68.9167,40.8793
624.1669,178.8183,69.8139,48.1863
629.1614,173.7815,70.3284,47.8334
619.1909,174.1041,77.1683,47.7939
613.5652,173.4950,79.3131,44.6754
602.5176,173.7747,79.0055,43.9313
592.8715,174.9704,80.3477,44.1437
585.2531,175.7653,83.7857,45.8540
573.0967,177.8027,94.1855,45.1886
564.3438,177.4972,97.3471,44.1000
556.3878,177.7295,100.3102,49.7316
545.0600,176.3142,109.7173,54.0981
539.7604,173.4283,98.6440,50.7482
539.3845,176.4090,86.4436,47.9589
539.1779,180.3237,79.1590,44.2983
532.9158,182.6729,73.6081,41.4343
530.7300,182.6254,71.7491,40.8384
2
0
0
0
0
1
618.4088,194.9890,23.0701,56.5474
614.1498,192.9026,27.8722,54.8443
612.2683,192.7083,29.9296,51.8168
610.9373,193.8060,30.3820,50.8072
610.2360,193.3197,30.4900,51.4691
609.0669,191.9647,30.2109,51.5833
607.4086,192.9566,30.5131,51.2183
607.8192,193.2019,29.9208,53.5491
607.8474,193.2671,28.7702,54.1438
606.7845,192.9284,28.9810,52.8580
606.1710,192.7922,28.7769,52.4373
605.6378,192.8515,28.9259,52.3126
604.9879,193.3861,28.8032,53.2300
604.0859,192.6369,28.6356,52.2248
602.8130,193.5747,29.5646,52.8251
602.1222,193.4096,29.1474,53.4747
600.4052,192.6520,30.2975,52.3983
599.4121,194.3619,31.4063,53.9051
599.8393,193.4793,30.0366,54.2540
598.4446,192.8890,29.8849,52.8959
597.2617,193.1615,30.4175,53.3147
596.0322,193.5321,30.8529,51.2682
595.4659,192.8414,30.1364,51.2825
594.1235,193.7784,30.3605,51.1290
593.6111,194.2536,30.4050,51.9351
592.7273,194.6909,30.6647,51.3042
592.0128,193.7862,30.0375,51.7628
591.1876,193.9722,30.2754,52.3419
590.8707,193.9365,30.7684,52.3140
590.2307,193.5711,30.1327,52.8023
589.3144,194.1432,30.9247,52.9398
588.9558,193.9319,31.5751,52.5643
588.5825,193.3990,31.9603,51.7156
587.6553,193.1787,32.2068,51.7718
587.7888,193.4143,32.5527,52.9421
586.3946,194.2907,33.6183,50.6390
580.8953,194.3905,37.8315,43.5193
573.6652,194.9304,40.0251,37.4291
566.9962,197.5025,39.9113,33.0109
567.2949,200.1516,40.1987,31.3666
563.1550,201.8198,42.5158,30.2243
562.9880,203.5288,42.8123,30.6699
564.5238,204.5089,43.1324,30.7925
560.6628,206.4329,43.5431,31.4016
553.1337,204.7685,43.8001,31.1641
549.3683,205.5452,43.2883,31.1259
545.7009,206.5796,43.9391,30.9758
543.8568,206.0303,44.4140,31.9651
538.7719,206.9660,46.7911,30.7765
536.0470,207.5698,46.9995,31.4039
532.8970,207.9077,46.9229,31.7173
527.2698,208.3137,47.6295,32.3427
523.7933,208.6280,47.0384,32.8621
517.9865,209.6846,47.5367,30.6912
518.0305,212.0078,46.1597,33.1154
513.4689,212.3512,46.2570,32.0614
509.2473,213.4185,47.3108,33.8692
505.8064,213.8321,47.7150,35.2621
500.5108,213.8723,49.4505,34.8233
493.7527,214.5310,53.2741,35.0971
485.7400,213.6995,53.0230,35.8045
479.8187,213.1540,52.9288,35.7105
475.7759,213.2825,54.1431,37.2228
470.5150,215.2490,54.9663,37.0451
467.8089,216.7676,56.3653,37.9187
463.9815,216.8334,56.0840,37.8967
459.5866,218.4671,57.6473,38.2331
454.2717,218.5335,57.2760,36.7220
451.7242,219.5062,57.3363,37.3064
448.1910,219.5722,55.7318,36.0982
446.0884,219.9288,53.6575,37.6196
444.1027,219.3514,52.1146,37.6688
440.7589,219.8615,51.9047,37.9453
438.1525,220.1013,50.6963,37.5932
438.0302,220.2913,47.1348,38.7108
439.9090,221.8139,41.8741,41.5059
442.1118,224.8128,37.2496,42.1430
440.7331,225.4662,35.3307,41.6661
440.0078,226.9483,34.3529,40.4945
438.1093,226.8850,34.1364,38.6895
436.8302,228.1737,33.9491,39.0346
436.8627,228.3474,33.9011,38.7957
437.1447,229.9626,33.2984,40.7747
434.2768,230.1363,34.5314,40.4351
433.3486,229.1615,33.3305,40.1458
432.8489,231.7243,33.2777,39.9001
433.2615,231.2903,33.0116,40.3764
431.3354,232.9883,33.1377,38.3165
432.5927,233.1991,32.8925,39.3904
431.4493,232.9566,33.4333,37.9868
431.4973,235.3940,33.5540,37.2400
430.7108,234.0920,33.7303,37.5001
430.7958,235.4813,34.8602,38.1369
429.4526,235.1429,35.3147,37.2383
426.1527,235.6207,39.6773,37.3805
416.3012,235.0620,42.8443,34.8685
413.9865,236.6429,50.0569,33.4545
415.3386,237.1208,52.6294,35.7174
414.0611,236.9386,56.3143,36.2400
409.8963,237.8137,57.3429,34.2372
409.9314,239.3629,56.8531,34.7464
409.8287,239.7396,55.4454,35.1721
408.2091,241.4276,56.7024,34.8752
407.3252,241.6890,54.7150,35.0304
407.3885,243.7545,54.3516,34.7367
406.9723,245.7554,55.1788,34.6806
405.0425,246.7303,56.0303,33.2050
404.8398,248.8955,53.8162,32.9770
401.8262,249.3117,52.9727,30.8978
403.1459,249.7444,49.9482,31.6963
406.7335,249.5536,45.1374,34.6905
411.0873,251.4980,41.4254,34.3754
414.6733,251.7940,37.9437,34.5883
417.5837,252.8765,35.5922,35.0919
417.9691,254.0820,35.1837,36.3876
418.6456,254.6559,35.5876,35.5247
420.4814,256.1134,35.2476,36.0102
420.9765,256.4916,35.4670,35.9721
421.6485,258.5418,35.8802,36.5988
421.8015,258.4523,36.3536,35.5839
423.9064,256.9755,35.3307,36.1313
424.8651,258.0941,35.1913,35.7660
425.7710,259.1643,35.8929,34.4535
425.7876,258.6590,35.9195,35.2115
424.4402,257.9948,38.7079,34.9157
421.4326,257.9472,43.6349,32.8015
421.5605,256.3382,44.6705,35.2366
418.5479,254.8114,46.7813,33.8431
416.3787,253.1699,43.6815,32.8857
419.7173,253.6109,42.4148,34.0120
423.7877,253.2533,40.8754,35.6171
422.4810,255.2216,41.9928,31.8422
419.6357,252.9769,42.7443,29.7585
423.6679,253.7901,41.3232,29.7843
420.2839,253.5537,42.0405,28.5877
424.0309,254.5025,41.0275,29.1417
421.7180,254.7526,41.9738,29.0438
421.2131,253.3717,40.3405,29.6494
424.6353,254.2996,39.8289,29.2331
425.4236,254.9577,39.8790,28.5597
428.0296,254.8516,39.6227,27.7120
432.4622,254.8856,38.7293,28.4033
431.6626,255.1481,40.1521,28.3110
436.1229,255.1513,39.3184,31.1924
435.6411,253.6467,38.9184,30.1016
439.2936,254.6361,39.8988,28.3039
443.6822,253.4631,37.0785,30.1206
446.8051,251.5907,35.2965,30.5259
455.9938,252.7044,31.5096,35.4447
465.3060,252.8528,26.3811,41.8248
469.6246,250.7428,24.1058,46.3663
473.1489,249.3401,23.2188,49.8149
476.6893,248.3808,23.1597,49.7844
480.0606,247.0769,23.2146,51.2251
483.4804,246.1965,23.2780,50.0202
486.7493,244.8617,23.1440,50.9346
489.9850,244.0623,23.5682,50.0654
493.9409,243.0061,22.7573,50.1287
497.1779,241.3528,22.9752,50.2616
500.5928,240.7921,23.1724,49.3816
504.3802,240.3030,22.7715,50.0747
507.8468,239.2377,22.9085,50.8744
511.3379,239.0101,22.6300,50.7757
514.1287,238.5542,22.5565,50.3744
516.9449,237.2784,23.5459,49.7868
520.3236,236.1297,23.6651,48.5528
523.8240,233.8374,23.6367,49.4140
527.3871,232.9565,23.5252,49.5577
530.3445,232.0885,23.6918,49.3441
534.1033,229.9204,23.8051,51.0804
536.8002,228.6468,23.6590,50.5923
540.2529,227.4484,24.4914,50.8891
544.0554,225.5389,24.3598,51.8609
545.8787,223.9917,24.6892,50.1607
548.4636,222.5685,24.8381,51.2491
550.9597,221.3438,25.7480,51.4426
552.0109,217.8384,27.1010,51.4570
550.7220,215.6226,30.8960,48.0963
546.6307,214.8296,36.5265,38.7872
543.7823,213.4882,40.1765,32.8827
542.9663,213.2811,41.1932,30.8496
543.0767,212.4814,40.5036,30.8533
540.1306,210.1463,39.6040,29.3621
542.3371,209.0144,38.6796,27.8183
542.5737,207.0838,37.7953,27.7653
543.9625,206.3792,38.3473,27.6565
544.1524,203.9243,37.7581,28.0750
545.8846,203.2931,38.1353,27.9261
546.1318,201.3047,38.3021,28.3839
545.8354,199.5193,38.5123,27.7782
548.8771,198.5687,38.2450,28.3243
550.1633,197.6959,38.7500,28.8006
549.5896,194.5897,38.5463,29.9600
549.6233,194.0139,38.9394,28.9337
549.8134,193.0075,38.7867,28.2276
550.7114,191.6364,38.4992,28.5484
550.9058,190.5602,39.4332,28.6298
549.0010,189.3489,40.4347,28.0393
552.2012,187.9825,40.0738,28.4677
550.2493,187.0178,40.6374,27.8792
550.4418,184.2825,40.6583,28.4483
549.5972,182.0057,40.9610,28.8536
549.8527,180.5094,40.5852,28.2904
552.5617,179.1190,40.0656,28.8233
553.3506,177.1566,40.5298,28.8537
552.0892,174.1509,41.0385,29.1907
552.0242,171.6898,40.6921,28.9658
558.5406,170.4938,38.5084,32.3506
566.1799,169.0139,33.1319,39.8777
573.5723,168.9878,23.7916,52.9746
574.3566,166.7592,19.5016,55.9868
571.5269,165.7088,22.0592,53.6171
570.2686,164.5935,22.8645,53.6266
570.1063,163.9506,22.6261,54.1917
570.2449,162.0441,23.1063,53.9853
570.0874,160.2079,23.2190,54.0236
569.9709,159.4476,22.7514,53.9890
569.9664,158.7918,22.5316,53.1429
569.7026,157.5551,22.4056,53.5039
569.5184,155.8400,22.2217,53.5411
568.8089,154.3946,22.2966,53.1987
568.6650,153.4503,22.6789,53.6937
568.1617,152.3501,22.4225,53.7951
568.3580,151.2366,22.4580,53.7943
567.8481,149.8727,22.5642,53.6422
567.1201,149.4697,22.5443,53.5469
566.8220,148.0440,22.5411,53.0016
566.4025,146.6485,22.6331,53.4371
565.6771,145.0820,22.2429,54.6141
564.8218,144.6845,21.6977,54.3290
564.1036,143.6776,21.8078,54.5746
563.1904,143.1986,20.9506,54.2256
562.9158,142.2120,21.9427,53.2747
562.8456,141.4196,22.0787,53.7427
562.2646,140.7222,21.4262,54.0659
561.8156,139.5952,21.6342,52.4615
561.5714,139.7229,22.0484,52.8834
561.2107,137.7527,21.7780,53.6350
560.3721,137.6322,21.8011,52.7187
560.4566,137.6358,22.1814,52.8938
559.8683,135.7285,21.9971,53.5451
559.4445,135.6030,21.8106,52.6719
559.4288,136.0797,22.0182,52.9760
558.9175,135.2396,22.0532,52.7322
558.6342,134.3414,21.9423,53.4549
558.3170,134.4600,21.7957,52.7665
558.3242,134.3540,21.6897,52.9555
559.3753,133.9700,20.4880,54.4942
557.9083,132.7274,23.9506,53.6593
548.8008,130.8520,34.8384,42.0500
540.6461,131.9782,40.8146,33.9503
538.3680,132.3633,40.9174,33.3355
531.9258,132.5276,45.0105,30.2293
533.0769,132.1674,45.5995,31.4088
534.6435,132.7454,44.3078,32.4749
530.5957,133.0186,45.8220,30.9781
527.5752,133.1322,46.6814,29.1740
528.8241,131.8862,44.0834,30.6098
527.8839,131.1593,43.5051,30.0837
530.8082,131.7932,41.9736,30.9599
523.2866,131.3212,44.1115,29.2494
526.3565,131.4532,42.7165,30.2311
525.4140,131.8144,42.9316,28.9622
524.1550,130.8564,42.4034,29.3474
521.4957,130.8523,41.0622,28.7485
524.1760,130.9000,40.2633,28.4931
523.0602,130.8075,40.7967,28.1239
522.3001,130.6823,40.0875,28.5446
523.5053,130.5313,39.7783,29.1540
524.2930,130.6899,40.3762,28.6883
523.2747,130.2709,40.0368,29.1476
523.9227,130.2097,40.4049,28.8381
522.5706,129.3814,40.9283,28.7469
525.1427,129.0333,40.2853,29.3451
528.2719,127.3620,35.2818,29.4366
538.1371,128.6522,30.5382,41.8357
544.5076,130.5554,23.7097,53.7045
544.2606,129.9786,21.0793,55.0463
543.3879,130.4130,21.5862,52.1765
543.2573,130.2058,21.1957,52.2942
542.8087,131.2030,21.3861,53.0915
542.5682,130.0080,20.4566,53.8311
542.6509,131.0354,21.2294,53.3768
542.5904,129.9910,20.8529,52.7665
542.1871,131.2503,21.0458,52.2535
542.4044,130.2328,20.6615,51.4134
542.0071,131.0361,20.7649,51.9303
542.2931,130.0042,20.2269,52.7471
541.5817,129.6084,20.3957,52.9060
541.6058,129.3893,20.4048,53.5596
541.2180,129.5652,20.1708,53.8872
540.8181,129.3070,20.0070,53.3707
540.9817,129.6183,20.1828,54.0836
540.5848,128.7805,19.6549,54.3838
540.5471,129.5110,19.7592,53.8459
540.5379,128.9632,19.9885,53.6713
540.1443,128.2192,19.5146,54.0149
540.1662,128.8696,19.9699,54.1069
539.9646,128.9050,20.0151,53.8947
540.0732,128.4915,19.7980,53.9411
540.2346,128.5257,19.9019,54.1338
540.0226,127.9805,19.9591,54.4772
539.8761,127.5314,19.9445,54.4628
540.5965,127.7710,19.7643,54.6292
540.2031,127.2262,20.0466,54.4009
540.0923,127.4481,20.0637,52.8448
540.1107,126.1989,19.4010,55.1578
539.5664,126.0284,19.6434,53.9419
539.8904,126.1159,19.5094,53.5087
539.3319,126.5780,19.6216,52.4673
538.8876,126.2188,19.3432,51.9987
538.6921,125.7143,19.6588,51.3015
538.4474,125.7096,19.5599,52.2900
538.5662,125.1681,19.3448,51.7739
537.8562,124.5864,19.4298,52.0986
537.5950,124.6439,19.2052,52.4132
537.7652,124.9394,19.2261,51.5928
537.7873,124.2863,19.2489,52.2362
537.4789,124.4986,19.6329,52.7993
536.9156,124.1260,19.3471,52.8629
536.5859,123.1581,19.3676,53.4100
536.2566,123.0658,19.6238,52.9711
535.8398,122.0625,19.4925,53.4373
535.1271,122.1215,19.4505,52.4781
534.1592,122.8782,21.2216,51.6151
532.4382,121.4344,23.8871,51.6189
530.8121,122.8879,28.3552,48.8339
529.3628,124.0946,32.7871,43.4436
529.6310,124.5620,33.7404,42.9178
530.2854,124.0674,34.7083,43.9385
530.4072,123.4847,35.2413,44.8526
530.9361,122.2085,35.0139,46.4278
531.7319,122.6367,35.6513,45.1406
532.0272,121.3862,34.6654,45.9765
532.1021,121.1198,34.8757,46.1666
532.2714,120.5401,34.5479,45.9555
531.8618,119.9399,33.7806,46.9266
532.4645,120.0347,34.5293,45.9721
531.7012,120.0176,34.2106,46.5864
532.2368,118.7554,33.2626,46.4306
533.9670,118.8590,27.7239,46.5044
536.6882,117.7790,20.9308,53.9680
537.2968,115.2150,23.9795,47.6744
532.9669,116.1412,32.2729,42.7067
525.9898,114.7015,37.6248,37.9582
520.7432,111.1476,41.1766,33.2399
516.4968,108.4360,41.5038,32.7008
514.7874,108.4799,41.1384,30.4082
515.6578,108.9943,41.3226,29.0094
514.7369,108.8481,39.6432,29.8279
514.2703,108.1003,39.7336,28.9179
516.5614,107.6931,39.3386,29.4024
514.1416,108.1357,40.2204,27.2421
516.3846,107.1763,39.3437,29.0844
514.7700,107.5658,40.7471,27.4074
515.8603,107.8991,39.8264,29.3078
514.6912,107.2167,40.9569,28.0134
515.6988,106.5424,40.3796,28.4739
513.7497,106.4169,41.2081,28.8787
511.8782,105.4978,41.9469,29.0778
511.7342,104.9482,41.8857,30.1720
509.1340,104.6291,43.4842,29.9017
510.0900,105.0891,43.0347,31.2290
508.4943,104.2915,43.6926,31.4239
508.5888,104.3653,43.2269,31.3166
508.7191,104.4284,42.3109,31.0860
509.3050,103.6477,40.7783,30.6113
518.1365,104.5169,33.8409,37.3793
523.4662,105.2610,26.5428,50.5592
525.2015,105.1394,20.7070,55.9571
520.8611,106.6767,24.9946,47.3579
519.5574,108.2031,29.7312,43.8588
518.5575,106.7306,33.1552,43.1684
517.9221,107.7375,34.6204,42.9688
517.0457,107.0784,33.5443,43.3787
516.4675,107.9100,34.5763,42.0790
516.1125,108.2486,32.9422,42.2435
514.6887,109.1973,31.2118,42.7785
515.0457,108.1669,31.8571,43.5881
514.6131,107.8117,31.8718,43.8091
514.0349,108.0570,33.1724,43.0212
513.2596,107.5503,33.8763,42.4453
513.4296,107.8750,32.0514,42.8070
512.8879,107.8682,32.9713,42.6073
512.6407,107.6087,32.8668,43.0950
512.0099,107.4096,33.1400,42.9277
511.6891,107.6702,32.3141,43.2972
512.0427,107.7151,33.4228,42.2182
511.9000,108.2083,31.8167,43.1690
511.8138,108.7593,31.6591,42.6841
511.1627,108.4677,31.4348,43.4449
511.6219,108.1431,32.0132,43.5264
510.9535,108.1555,30.4069,43.6849
511.4217,108.2409,30.9277,44.0574
511.6527,107.8402,30.2543,44.0544
511.5667,107.8434,29.1380,43.5264
513.7618,107.0774,25.1986,48.0491
518.3171,105.9775,19.7001,55.8009
512.7480,105.9166,29.5300,47.8588
506.5190,106.1628,38.4301,38.8608
498.5322,103.8927,44.5931,34.2757
497.6219,104.8371,48.1711,34.5574
493.4486,104.7629,50.5525,32.3154
496.7518,107.8701,50.4876,33.6029
494.7390,106.3645,51.3697,32.0174
498.6534,106.2720,48.2685,34.1025
496.2675,106.0309,50.0470,32.0597
498.0943,105.5706,48.5132,33.0868
497.5752,106.3047,48.8813,31.9135
499.3188,106.7792,48.3207,33.6661
498.0582,107.0623,49.5422,32.2569
499.5548,107.0378,48.1181,32.9226
500.9674,107.9342,47.5343,32.7076
497.8001,108.2431,48.9815,31.0262
501.8180,108.2890,46.5140,32.9838
501.1325,108.6940,47.5986,30.9453
504.4348,108.8022,45.1235,32.7473
503.3275,109.7308,47.3052,30.7304
503.3798,109.0975,46.5743,30.9651
503.6278,108.9711,45.2190,30.7148
505.9900,108.9864,43.6246,31.2797
507.9279,109.2891,42.9557,31.4073
508.6604,109.3295,43.2815,31.2386
510.5829,109.8079,42.5019,31.1652
510.2496,109.9918,43.4355,30.3166
511.8033,109.5212,42.6059,30.9365
512.1812,110.1694,43.2047,30.5983
514.4303,110.4713,42.3241,30.8171
512.8647,110.6312,43.8480,30.5519
513.8960,111.3903,43.4094,31.2709
514.4065,113.0455,45.2650,30.8725
511.5216,114.7350,46.5121,30.8798
511.7190,115.0475,46.8626,31.2249
512.4217,115.4360,46.1938,31.2486
512.1205,115.7450,46.2565,30.3848
513.4788,116.2399,46.5590,31.9604
512.7023,116.9198,47.8653,31.6962
511.8941,117.0248,47.4308,30.0845
513.9564,116.9051,46.2458,31.8319
513.2025,117.8422,47.0877,30.6443
512.9301,117.5565,45.9829,29.9516
516.2593,117.4945,45.6002,31.6785
516.6442,118.6135,46.1688,32.2281
515.4750,118.5149,46.9910,31.4084
515.3348,119.0977,47.2179,31.3483
515.9174,118.7576,47.0433,31.8260
517.1459,119.4836,46.9310,32.3662
516.4501,119.2551,47.4907,30.9844
518.3359,119.4133,47.4761,32.5497
519.3231,120.3500,46.5112,33.2812
519.2658,121.2492,47.5239,32.2867
516.6683,120.6549,48.6566,30.0916
520.0125,120.7847,48.7938,32.8978
518.2606,120.8876,49.6945,31.3258
520.9948,120.7423,47.6646,32.5645
521.0568,121.7135,48.7718,31.6189
523.6852,121.4106,47.9894,32.6780
524.2650,122.4637,48.2438,33.1920
525.1535,122.3677,48.1609,33.0847
524.5141,122.1407,48.3983,31.3889
527.2961,122.9354,47.4117,31.5984
526.3934,123.9102,47.9388,30.8581
528.7864,124.1707,48.1047,30.8726
529.9289,124.1164,48.0233,30.4137
530.8378,122.3393,47.1450,30.3920
537.4337,120.8078,42.6828,30.2437
552.0239,122.8574,30.0191,45.2912
557.5826,121.3515,20.3973,58.7168
555.7124,122.8794,21.6375,54.0548
554.2304,123.2584,26.0666,48.6095
554.6569,123.5511,28.4781,44.5927
555.6085,124.0103,28.9416,44.3491
555.9147,124.0591,29.0697,45.1506
556.6920,123.8158,28.7676,44.7796
556.9576,124.2988,28.1340,45.5175
556.9324,124.3675,27.9684,45.4771
557.4218,124.5336,27.4554,45.5613
557.2043,124.4504,27.6087,45.7741
557.5448,124.5974,27.6931,46.1791
557.9554,124.4691,27.4470,44.3358
558.8550,124.5939,26.7473,44.6643
559.4882,124.1365,26.7499,44.5488
559.8135,124.2444,26.4631,45.2773
560.4477,123.5203,25.0727,47.8534
561.7281,122.6267,24.9250,47.5249
563.8958,122.4597,22.1579,50.5912
566.4514,119.3345,21.9424,55.0320
558.9214,120.7300,34.5204,47.1498
554.9456,122.1977,40.9306,40.8735
549.8990,122.6869,45.7272,36.5650
549.9041,122.7344,46.9930,36.1673
551.7708,122.0161,47.0501,37.1800
550.3934,121.0001,47.5686,37.1136
551.0387,121.4463,47.7215,36.9337
553.0139,120.8828,46.7176,36.6417
554.0613,120.9550,45.4569,34.7713
550.9057,118.4648,45.2766,31.4518
551.1928,118.0466,45.3763,30.2824
550.1424,117.6154,44.6167,29.3091
550.7799,117.1985,44.2129,29.3433
550.9673,117.2420,42.6963,28.8443
551.0927,117.1083,43.3027,28.5482
553.1316,117.4153,42.7542,29.2063
551.6608,117.6614,42.4457,27.4329
553.5132,117.5269,41.8550,29.3906
553.9034,117.8659,41.8766,28.1353
554.0297,117.8830,41.9198,28.7533
553.5350,116.9277,42.2147,28.9233
553.6776,116.9690,40.7248,29.8703
552.8754,116.8329,41.6544,28.4110
562.1463,113.3476,33.9433,33.9472
570.7913,116.3195,23.7637,50.7708
568.9621,117.6726,22.2194,51.8484
564.2552,119.4299,32.0500,45.9132
562.7681,118.9154,37.2231,43.0117
563.1338,119.4793,37.9434,43.8065
561.7145,118.6022,38.6235,44.9252
561.8578,118.5761,38.9984,44.1611
562.2644,118.0169,38.6039,44.4114
561.5422,118.5302,39.1126,43.4639
561.1990,118.3297,39.3448,43.5916
561.8599,117.7930,38.8142,44.0089
561.3531,118.4518,38.9331,43.8478
561.8351,118.0452,38.7294,43.9469
561.2679,117.8361,38.4160,43.9236
561.8780,117.8561,38.6530,44.8390
561.6642,118.7086,39.0494,44.3738
561.7516,118.0986,38.8761,45.2836
561.7455,117.7484,38.8845,45.7880
561.4719,118.1956,39.6724,44.6417
562.1519,117.4100,38.3261,45.6815
561.7750,117.8421,38.7185,44.6727
561.8771,118.3753,38.6479,44.9819
561.6992,118.5510,37.6832,45.6903
561.4828,118.3343,37.2151,45.9117
562.0988,117.9607,37.2611,46.7561
562.4106,117.6399,36.9606,45.4152
562.3018,118.0440,37.1490,45.2018
562.1053,117.8539,37.9136,45.7894
562.1985,118.8864,37.8507,44.8215
562.1927,119.7095,41.5512,42.9919
563.4918,120.0513,47.5968,41.4063
563.1615,120.0367,50.5898,39.0675
564.4366,119.2371,51.2469,39.3589
563.7318,120.0689,51.0456,41.5311
564.5441,119.8066,47.6076,43.1993
565.7660,118.8075,48.8077,42.7315
567.2056,118.3216,50.0945,41.6991
568.4825,118.6007,50.4496,40.5075
569.6780,119.5345,51.8627,39.4102
568.9599,118.7313,47.8218,42.3235
570.3958,118.2961,47.0136,43.3241
570.8204,118.2751,48.2768,43.3743
572.2100,118.1754,48.6971,42.9889
573.1343,117.7908,49.4323,41.9687
572.7645,117.1295,48.6196,42.3664
572.6470,117.4183,48.1611,41.9989
573.2645,118.1544,49.9301,39.6036
573.2650,117.7302,49.5635,40.8686
573.3185,117.3269,50.3595,39.9437
574.2941,118.0296,51.7445,38.7826
574.0914,117.0243,52.3592,38.1591
573.7510,116.8777,50.6378,40.8984
573.1160,115.5997,44.9260,44.9257
576.6951,114.0243,29.3774,54.8456
582.9644,110.6514,20.6952,59.6897
575.6954,111.1769,33.8785,41.4957
566.4845,110.2478,41.5036,33.3612
561.5966,109.2392,43.8300,29.1874
563.2762,108.3974,41.4766,30.3152
564.4470,108.3442,41.2614,30.4323
565.6287,108.1455,40.7215,30.4431
566.2450,109.5177,41.3208,29.0688
567.3445,109.1316,40.7466,28.9931
567.9380,108.8243,40.4671,28.9532
569.0355,108.7635,39.9881,29.9483
568.8587,108.9308,39.8403,30.1873
568.3479,109.2156,40.7391,29.4307
566.8657,109.4177,40.3465,29.8304
568.6773,110.0432,41.1717,31.0702
566.2752,109.6569,42.6615,30.7605
564.5396,109.9288,42.3724,31.4893
562.4423,111.0151,43.2573,30.1912
561.2262,110.6833,43.0353,29.9315
561.7526,110.8344,43.3338,30.2783
560.0019,111.6646,44.5493,30.2956
558.0277,111.2749,45.3327,28.1843
556.9576,110.7911,45.7702,28.9625
557.5583,110.4938,46.1644,30.0626
556.5896,110.2677,45.9336,29.3066
556.6941,110.7773,46.0879,29.1376
557.0977,111.2152,46.1396,29.1534
557.0979,110.7543,45.8505,28.9541
557.3023,110.6059,44.9679,29.5815
557.6290,111.0789,44.9097,28.8931
557.9474,110.6713,44.4120,29.3977
557.6732,110.5737,44.6879,29.3919
557.9335,110.1645,44.4528,29.7760
559.8345,109.6423,44.2228,28.9041
572.3559,108.8345,35.1525,36.9187
579.1106,107.3090,24.2348,53.3188
578.2217,108.2162,21.8083,53.3028
574.8912,109.4858,27.7669,47.7636
574.6848,109.3427,27.7880,47.4734
573.5538,109.0847,27.5431,46.2096
573.0691,108.6058,27.8719,45.9722
572.2540,108.5339,27.5598,47.4569
571.7058,108.4889,27.6348,48.1810
571.6398,108.6515,27.5770,46.9685
572.0146,109.1346,27.6393,47.2369
571.7144,108.3614,26.1548,48.7652
572.4230,107.5017,23.6343,51.7036
574.7636,105.5563,20.4163,56.3711
563.3381,106.0975,36.7598,43.5170
554.0894,107.7791,44.9848,35.5456
555.2110,108.6981,44.6781,35.4460
553.0540,109.9330,46.5696,34.1583
550.2007,110.0519,47.5605,31.6716
550.7292,108.8056,47.5809,30.9261
549.6352,108.4070,46.9752,31.0310
548.3906,107.1519,46.6868,30.7537
547.8997,106.8693,46.5209,29.3337
549.7616,107.3756,45.3148,30.1100
549.1331,107.7492,46.0659,29.1625
548.5021,107.6416,46.3064,28.2642
548.3386,106.6872,45.9473,29.0346
550.4688,106.3362,44.7013,30.4487
549.1653,106.6310,45.9571,29.5927
551.6444,107.3470,44.5621,30.5009
548.0322,107.2736,47.0526,27.6557
550.9055,105.4177,44.8613,29.5559
560.1317,104.4389,36.8049,31.8640
568.6301,102.9404,25.8252,47.4740
568.8467,106.4546,22.5662,49.3105
564.9987,108.3229,31.1340,43.6156
564.4867,107.5021,34.5727,43.2409
563.4726,107.5123,34.6257,44.4347
562.9068,107.2514,35.9842,46.0665
562.6259,107.6741,36.0299,46.6092
562.6951,107.7285,36.2003,47.3991
562.7914,107.3302,35.7619,46.9084
562.7477,107.8645,35.5246,46.4983
562.7261,107.0266,35.3655,47.3183
562.5050,107.1633,35.7757,46.9973
562.4792,107.1136,35.8219,47.0852
562.5552,107.0140,35.6590,47.3520
562.5570,107.1975,35.3627,46.7756
562.7513,106.5012,35.5846,48.0896
562.6304,106.6075,34.9834,47.3996
563.0262,106.6693,34.9819,45.9976
563.4682,106.5990,34.8573,45.2569
563.5308,106.6061,34.5784,45.6246
563.6813,106.8525,34.3506,44.7294
563.8589,106.9292,33.6386,43.8217
564.5840,106.5769,32.8954,43.5241
565.3378,106.9797,32.0527,44.4096
567.5773,105.6911,28.7578,45.8586
572.3881,102.7122,19.3421,54.9780
567.4402,103.6496,30.4022,42.9848
561.4399,104.3091,38.8591,35.9585
558.9711,104.2005,42.1367,33.4797
552.8514,104.5655,45.3877,30.8451
552.1791,103.9078,45.9874,30.4594
552.9075,103.1422,45.8163,30.1945
555.5198,102.9473,44.4251,30.8075
555.3883,104.6843,44.6762,30.7309
556.1438,103.8886,44.6439,32.2193
556.9242,103.8941,45.2450,33.0165
556.2421,103.5888,46.3567,34.3662
557.1333,103.6955,46.3312,35.4025
554.9453,104.0790,48.7887,34.7985
556.1244,103.8432,48.4586,36.1017
556.4479,105.3072,48.5892,36.2470
554.3209,104.6477,49.4775,35.3591
552.1761,104.0979,47.8153,34.6284
554.9726,104.5440,47.2923,35.5731
554.2405,104.9572,47.5965,35.6180
554.0290,105.0318,47.6539,35.4452
552.5204,105.1374,48.7351,35.1647
551.8093,104.9359,47.7508,34.2020
551.2590,104.1074,47.4666,33.7188
554.4214,103.8922,42.7544,33.1326
561.5881,99.8629,33.0476,41.0073
570.6674,100.4757,23.8255,55.3202
571.6590,99.6954,19.7453,57.5593
571.2822,101.3414,18.6634,53.7384
571.0001,101.8481,18.8819,52.4145
570.4715,101.2925,19.3386,53.6102
570.4854,102.0479,19.6567,52.8277
570.9297,102.5345,19.1071,52.8397
571.2310,101.7429,19.2278,53.8500
571.0756,101.8982,19.2792,53.9832
571.1636,102.4033,19.4099,53.0940
570.7524,100.8784,19.6644,55.0129
570.6139,101.7802,19.3068,54.7344
570.9435,100.2906,19.3147,55.2995
570.8564,100.4639,19.4872,54.4145
571.4036,100.1668,19.0001,55.2498
572.2463,100.7979,18.9382,56.0888
571.9137,100.6961,19.0549,55.6572
572.7359,100.8237,19.0079,55.8307
572.6700,100.6124,19.2389,55.7018
572.6002,101.2218,19.7500,55.3528
572.5858,100.9123,20.4428,56.6622
571.7733,102.4996,24.1484,51.1184
568.7949,105.0680,31.1621,46.8331
567.7166,106.1862,38.6271,41.7396
569.1650,107.1450,45.0070,40.0233
568.9982,106.6823,46.6546,41.5659
569.6125,107.0305,46.1466,43.2379
568.4551,106.1176,46.8483,45.0029
570.7305,107.0976,46.8335,42.8840
569.8184,107.6482,44.8392,43.0122
571.3582,106.6688,47.2652,41.0277
573.2478,106.2319,49.1517,37.3989
573.7722,108.1920,49.8956,37.3933
573.6743,107.3741,47.3334,39.2966
574.3130,107.3431,46.3599,40.1696
575.1682,108.1643,46.8336,40.2161
575.2993,108.3972,45.4870,40.3870
575.7549,108.7247,45.0344,40.2472
576.3971,108.5428,44.0921,40.8234
576.3726,109.4001,45.5314,40.6622
577.1178,108.4341,46.4251,39.4549
577.1262,108.1702,45.8004,39.3929
577.8566,108.5131,46.6265,39.0781
576.4623,108.6822,45.0782,41.3937
576.8692,109.0722,45.2081,41.6722
577.9127,107.0046,36.9463,48.3133
584.3652,103.8556,23.0598,57.6767
583.5479,101.7508,28.2095,51.2825
574.4462,103.5467,39.7501,39.7020
564.3647,101.3242,46.0645,31.2211
565.5907,101.4453,45.4320,31.8409
566.0380,101.6314,44.2454,32.2766
567.8929,101.8791,45.1987,31.4878
568.2375,102.5170,45.4673,31.5849
569.9349,102.3186,44.3127,31.4374
568.1425,101.5562,43.9280,32.0484
568.4379,102.5174,44.7193,31.6229
569.0682,102.6234,45.6234,32.2418
570.4449,102.7876,45.6027,33.3834
567.3744,102.5914,46.3166,33.0654
570.2233,103.2847,46.0886,33.6057
569.1061,103.0347,46.8960,33.9885
569.9339,102.8785,47.6425,33.9911
567.4927,103.2217,48.3096,31.8389
568.0311,102.9864,46.7517,32.2148
569.0033,102.6353,45.8611,31.9996
571.2283,103.2159,45.6743,32.4283
569.1859,103.1584,46.1567,31.5609
568.9299,103.3349,46.4307,32.2290
570.3121,102.4612,45.1958,31.9078
578.5034,101.7044,39.4745,35.2575
589.9006,99.2406,25.4241,54.3540
588.6873,105.0289,25.5547,48.3968
586.0352,105.7953,34.1810,43.7931
585.4350,106.0733,38.5811,41.7547
585.1722,105.2310,41.4874,42.7103
585.8624,104.3236,43.6339,42.4224
584.9139,104.6296,43.5191,43.4142
586.1233,104.6615,43.8153,43.7236
584.9320,104.9368,42.5762,44.7863
585.3354,105.5480,42.4897,44.6078
585.5330,104.6160,43.0319,43.6268
586.8401,105.3311,42.9982,43.2939
586.9679,105.4761,42.6152,44.0207
587.2160,105.6387,42.4283,43.3871
587.5283,105.4161,42.0495,42.9271
588.8500,105.8864,41.4303,42.3360
589.9103,105.3102,43.0164,41.3568
590.6607,105.7635,42.9556,41.0007
591.1700,104.1019,44.8218,41.0227
592.7533,104.8880,43.8191,41.9177
594.3057,103.8642,49.9574,39.6164
594.3965,105.0306,50.1849,40.3313
595.6052,105.3658,53.1136,40.0727
596.1627,104.8748,54.7014,39.9007
596.5707,103.8838,54.5594,41.0899
597.9628,103.9105,55.1882,39.4888
598.7930,104.2748,56.0625,38.6335
599.9335,103.9881,56.5140,37.8405
600.8059,103.6892,56.7340,37.5641
601.4157,104.2635,55.9736,38.9329
601.4599,103.6645,55.8625,37.9068
601.4607,104.2422,56.5681,38.3990
602.2579,103.5211,56.1551,37.9278
602.1909,103.8372,55.7679,38.7492
602.4647,103.5800,56.4763,38.5763
602.3210,103.9960,56.7093,39.1827
602.9072,103.2232,56.5467,38.5985
603.7501,103.3151,54.4686,38.9053
604.3291,100.9351,45.8566,41.6098
608.7303,97.3287,27.2993,53.2587
611.8810,97.5210,26.3526,49.6871
606.4831,98.3618,34.9181,37.1329
602.4019,98.8138,40.1243,33.1320
599.0621,100.3592,44.1636,32.8814
600.7829,101.3887,42.3131,34.9223
603.1578,101.0712,41.4514,34.7642
604.6898,101.1822,40.7739,35.5053
605.4625,100.7252,40.9614,34.4976
603.7773,98.8307,40.9073,33.6111
602.9852,98.5003,41.2921,32.7853
602.7625,98.8500,41.3234,33.3103
601.8352,98.9245,41.8652,31.8222
601.2640,98.9544,41.5548,30.5268
602.2957,98.5996,39.9030,30.7537
600.2977,98.9455,40.4448,29.5801
602.1885,98.8965,40.3344,30.0263
604.0002,98.8697,40.3154,30.0416
602.7123,99.0182,40.9113,30.6180
602.4683,99.0984,40.5789,30.5785
601.9798,99.1796,41.2063,30.7421
600.7336,99.0117,42.2211,30.2690
600.0029,99.0405,42.6881,29.9420
599.2891,98.3848,43.2685,30.6207
598.6989,98.7991,44.2457,29.6523
599.5152,98.7276,43.4000,29.3451
599.9452,98.0241,41.5761,30.2420
604.7142,97.0427,38.8154,32.3400
612.0952,97.4314,31.1663,43.4362
616.9183,96.9863,21.4852,52.0618
610.6646,99.2749,30.9666,44.0432
608.4844,100.0366,39.6388,41.1033
607.4773,98.4777,46.2567,39.8269
607.0187,99.1103,45.5304,41.8307
606.2277,98.6742,45.8187,43.0083
605.5942,97.7267,46.0567,42.7362
605.7187,98.0264,47.0598,43.4139
604.7549,98.4891,47.4573,44.4743
605.2102,97.7350,48.9254,42.6749
605.1949,98.8518,47.6379,43.1538
603.7778,98.3688,46.7835,44.4976
605.1854,96.5602,43.4317,46.1949
609.2570,95.4269,30.5602,53.1570
613.5833,90.9794,24.5347,57.9518
600.1580,97.2928,43.6574,36.9319
598.8927,95.8988,44.5390,34.1945
598.9001,95.9854,43.7638,32.2663
601.7048,95.0553,41.6071,32.4594
598.8804,94.7678,42.3463,30.1614
600.4634,94.1807,41.5419,30.6391
599.6816,93.1597,41.7090,30.1519
599.6121,93.2316,40.8205,30.2940
601.1340,93.7355,40.3303,30.7269
600.5663,93.4058,40.2032,30.2246
600.3018,93.0154,40.4263,29.6853
600.9686,93.2860,39.0191,30.1595
601.2322,93.9717,39.4380,30.2775
599.6060,93.2906,40.6957,29.4531
602.2911,92.8603,39.6001,30.7609
602.7887,93.7064,38.9396,30.6884
601.1353,92.8474,39.7437,29.6075
603.6942,93.5020,39.7397,30.7915
605.8285,92.8769,38.9218,31.4198
609.9449,90.9270,36.1840,33.2668
620.4236,90.7132,25.0483,52.4152
618.3923,95.1576,27.3374,52.2093
614.6834,97.7567,38.7864,46.7414
613.9378,96.2701,43.5449,44.8148
614.2159,96.2108,46.6332,45.1053
614.4745,96.9892,47.3317,45.6340
613.8442,96.7289,47.8715,45.5072
614.9331,96.8227,46.7974,46.6185
616.4379,96.6001,48.9421,43.6256
617.5964,95.7281,48.9355,42.8767
617.5590,95.9822,47.2957,42.5566
618.6824,96.1519,47.9513,42.5482
619.4290,96.6826,48.1956,42.6594
619.6496,95.3643,49.3367,44.1624
620.6223,95.7507,47.9727,45.9417
621.2686,95.7559,48.8151,44.6288
621.0903,95.8476,50.2158,45.1303
622.5711,95.6978,49.2799,45.9948
622.9359,95.6296,49.4227,46.2284
623.2786,96.0301,48.8097,48.1773
623.9439,93.7277,43.2240,50.3601
630.5085,92.4703,27.4412,59.4495
634.0897,89.4895,25.9611,59.1299
624.6694,92.1961,40.7336,42.1838
617.1330,90.5874,44.7730,33.6641
616.9050,92.6559,44.0925,32.7842
616.6392,93.1226,44.8850,30.9244
618.6713,93.6066,43.6388,31.5369
620.8283,93.3447,44.0493,32.5986
621.8753,94.1844,44.9901,32.1252
623.4953,94.6448,44.9471,32.1415
626.1820,95.4452,44.8090,32.8980
624.8533,94.9549,45.7384,32.8542
625.2719,94.7328,46.8168,33.2089
626.1450,94.4660,47.2770,34.5831
626.5416,95.0169,46.9257,35.1922
625.7474,94.3512,48.5973,33.5947
626.2205,94.3534,47.3029,35.2319
625.3754,93.9351,47.8808,34.0863
626.5809,94.4137,46.8322,34.0966
628.6243,94.3688,46.4307,34.3450
627.5890,94.2270,48.0658,34.7890
626.9181,94.0112,49.1422,34.0114
627.0933,94.3238,49.4160,34.3399
625.6769,94.6386,49.9431,33.3590
625.2875,94.4096,48.2887,33.4275
625.5883,94.6794,48.2865,32.5089
626.3373,94.8721,46.7011,32.6339
626.2739,94.8825,47.3383,31.7432
626.6628,94.5661,46.5252,32.0484
627.0718,94.1107,46.3299,32.0049
631.7578,94.1525,43.6394,31.6572
639.6416,92.9871,35.9625,39.1978
649.2700,92.0641,21.0586,56.5953
644.4698,95.9567,31.8533,46.3630
643.7191,96.3701,38.0760,43.8676
643.1910,95.7378,44.6763,43.7751
642.1182,94.3306,49.2593,42.8581
642.1541,94.3857,48.4304,44.8452
642.3418,94.4858,47.9540,48.0768
642.4633,93.3208,49.9119,47.9230
643.2310,93.7340,50.8115,46.7727
643.7637,93.9335,50.1310,46.2440
644.5581,94.8657,49.8247,45.6821
645.4459,94.7768,50.7789,46.3519
644.6797,94.8904,49.4933,47.1593
646.3857,95.0495,49.2673,46.7166
646.5659,95.7792,49.0813,45.6784
647.0435,96.2910,48.7075,44.8273
647.9499,96.4494,48.2629,45.2305
648.7333,96.2159,48.3672,45.6256
649.5614,95.5924,48.4559,46.0844
649.7320,96.3237,48.6768,45.0740
650.2180,96.8667,49.8063,44.2180
650.6444,96.5583,47.5418,45.0979
651.5986,95.9000,47.8880,45.5753
652.5886,95.2071,44.2587,47.5220
658.0106,93.1701,31.4847,57.4394
658.6614,93.9887,30.8395,57.3526
663.7617,87.5064,23.8434,60.4872
648.3958,95.4596,46.3552,36.9608
648.1307,94.0422,47.3866,35.1536
647.4535,93.8975,47.7238,33.0763
647.6957,92.8657,47.6220,32.5141
648.1303,93.1628,46.6264,33.0260
649.4782,93.4772,46.7104,31.6607
651.6567,93.6261,44.4004,33.2033
650.8273,92.7358,45.4495,31.6089
652.3275,93.7476,44.8050,32.0623
652.8902,93.3828,44.1208,32.5061
653.6603,94.2696,44.6107,31.7523
653.7443,94.1508,44.6120,30.4578
654.2251,93.4193,43.8292,31.4303
654.2733,93.8788,43.4454,31.6311
655.6570,93.5356,44.0700,31.9461
655.8186,93.6621,43.7822,32.1396
657.0349,93.7397,43.4862,31.7488
657.5635,92.6812,43.4028,32.1699
663.1041,92.8193,38.8900,33.3877
672.9513,90.8978,28.5457,44.1508
674.4209,94.2368,23.7648,51.8463
671.1890,96.4412,34.4509,47.1964
670.5045,94.8640,43.8088,41.8503
669.1552,95.8580,45.0136,43.8350
669.9193,96.2214,46.9360,42.9067
668.4044,96.9229,47.0147,43.2600
668.1942,96.7271,46.9037,44.6523
670.1080,95.5612,48.2733,42.2624
669.8373,96.6358,47.4909,43.5565
670.3832,97.1678,47.8891,42.1380
671.5040,97.1246,49.0228,40.5266
671.2758,96.3911,46.9052,39.5268
672.1741,97.5009,47.9918,40.7935
673.2415,97.7785,48.2052,39.9956
673.8907,97.8688,47.6508,41.7925
674.1698,97.6655,47.0428,42.4942
674.0938,98.4528,47.8272,43.3776
673.6782,97.7011,48.3083,45.1090
674.0544,97.5844,48.0049,45.9858
674.2903,97.4903,49.4086,45.2770
676.1477,96.8616,49.7954,43.6533
676.6660,96.4877,46.7181,44.0865
676.7664,96.1665,37.6908,53.5161
683.6334,91.9010,23.0719,60.5781
678.8244,95.1708,35.7006,45.2938
674.3979,95.4573,42.1139,35.4355
668.8107,95.1944,42.1145,30.5938
671.8522,96.3175,40.1833,30.3147
669.5428,96.3350,39.6844,28.2760
672.1812,96.4573,39.0921,27.4954
675.7668,97.1333,38.3305,27.8859
673.8223,97.3689,38.6217,27.5387
674.3941,97.2134,38.5781,26.9240
673.6197,96.9181,37.8490,26.8838
675.1245,97.3066,37.8864,27.0653
674.9759,97.8838,37.3057,27.4116
673.4102,96.8600,37.1316,26.4185
675.3680,97.7229,36.8907,26.5273
675.3123,97.5118,36.5511,26.9344
674.8543,96.5070,36.4660,26.7713
682.3667,95.9701,32.6271,28.0664
690.4329,95.3337,24.2331,44.3075
688.8011,98.2100,23.6586,51.3867
684.7043,99.9637,33.4440,48.5827
681.3999,100.7971,38.4450,47.9093
680.9204,99.9985,43.0116,43.0690
681.4612,99.7759,45.7566,43.5455
679.4846,100.1711,44.0406,46.0658
678.5201,99.6087,46.1921,45.1423
679.0320,99.7543,45.5935,45.2847
680.3704,98.7465,45.8783,45.1019
679.3237,98.5847,44.9141,46.2370
680.2084,98.0665,46.1016,46.9133
680.8297,97.6134,46.3758,46.3732
681.0065,98.0451,45.2703,47.1172
681.7610,96.5746,41.4520,49.3336
686.3826,94.9255,30.6631,55.0380
691.5385,92.4401,22.2368,58.7865
681.4634,98.0502,39.0016,38.3210
675.3723,96.2743,42.1025,33.6997
670.7237,97.0221,43.8537,31.2325
672.8639,98.0525,42.4949,31.7622
670.6456,97.1157,42.0921,31.1596
672.8882,97.6221,41.1449,30.8817
670.9513,96.7118,40.0858,29.9532
672.3049,97.5471,39.2475,29.5566
671.2188,97.2175,37.9118,29.2488
672.0806,97.2191,37.5226,28.4645
672.8882,97.8416,37.0683,28.3141
672.3721,98.0136,37.2344,28.2148
672.3225,98.3120,37.4625,28.0957
671.8572,97.7763,37.5522,28.1886
673.8541,98.3250,37.8796,28.9090
674.1053,97.3796,38.7380,28.0644
671.3105,96.8902,37.5935,27.8882
673.0491,95.9410,35.2225,27.4810
680.7869,94.6405,32.6479,30.2760
691.9514,95.5642,19.8683,55.5194
685.8766,98.7413,28.8962,48.9968
682.3595,98.2295,35.0504,46.8997
681.8856,99.8729,42.6120,43.0966
679.5093,99.6641,43.9221,44.4112
679.4388,98.6863,46.5264,45.1300
680.0062,98.4575,46.4831,42.7948
679.9642,98.2937,45.2870,42.1566
678.8737,99.2003,44.5513,43.3417
679.0045,99.1976,44.6254,45.7900
678.8701,99.0974,45.9483,45.7010
679.9127,99.3208,46.2148,46.4358
677.7361,98.8623,48.4955,46.5846
679.7547,98.3668,48.7000,45.6310
680.5208,98.0207,48.0241,45.0635
680.4164,97.5990,46.8207,45.6394
680.9907,98.5369,46.7033,45.8771
681.4434,98.0894,46.8884,45.2029
681.5348,98.4862,46.6006,46.3602
682.9852,98.7503,46.6272,44.7910
684.3209,98.4343,47.1381,43.3096
684.0794,98.2596,46.2295,43.3399
684.3572,99.0198,46.9322,43.6138
685.3707,99.2551,46.1038,45.0684
687.0600,98.9116,48.0093,42.2998
687.6592,99.7176,48.4147,42.2745
688.7098,99.8335,48.6204,44.1603
688.7367,99.8515,48.8341,44.9401
689.1887,100.9657,51.0214,43.8801
694.2243,104.0604,53.6192,37.2551
694.2615,105.7020,53.6844,35.4736
698.0876,107.8151,55.0899,31.8623
701.7717,109.3267,54.1995,32.1761
702.5445,110.6628,53.7526,32.1515
704.9945,110.9961,52.5601,32.8057
708.3765,111.7828,53.3108,30.2452
710.5107,112.8969,52.3325,30.9162
710.5883,114.3933,53.6750,30.9196
714.3948,114.3390,52.5800,31.4338
715.1562,115.5444,54.5011,31.1973
717.9377,116.3955,54.2541,31.2576
719.6685,118.8325,54.9713,30.3296
722.3469,120.5032,55.3639,30.8289
724.9070,122.6136,55.2916,31.2764
727.9782,123.9407,54.8516,31.8344
731.7009,125.5692,53.8442,31.7228
731.3281,128.3656,53.9259,31.0612
732.2900,130.1406,51.1069,34.7040
734.0179,132.8798,50.9117,34.6620
738.5447,133.9464,50.4259,33.4392
740.8719,136.1631,50.6514,32.6243
742.4137,138.2786,50.3775,33.7915
743.6324,139.6819,50.4931,33.5944
745.6382,141.8694,49.9388,33.1584
748.4124,143.0820,49.4021,32.1338
751.0149,144.9294,48.8607,32.3662
754.1226,144.8891,46.3466,32.3170
754.4106,145.4997,47.8408,31.6430
756.6890,146.3998,47.0856,32.5162
756.2963,147.9091,47.0908,34.0577
757.9283,148.7968,44.5109,34.8963
759.2823,151.2372,42.0567,35.6508
758.0079,151.2960,41.0530,37.4793
758.7952,152.2406,41.9413,36.6185
756.8234,152.8827,40.1318,41.2723
754.9149,153.0006,36.4932,43.0923
752.9027,154.2020,38.0588,43.2493
748.2967,155.9921,35.7338,44.0233
743.4081,158.2081,35.0743,43.2914
737.7427,161.6294,36.1385,42.6116
735.2171,163.2647,37.4205,38.7934
726.5888,165.0876,38.2096,36.3400
718.3089,167.2641,37.7036,34.1788
711.7928,170.5033,37.7349,31.7797
713.3522,175.3926,39.6533,31.5374
715.0143,181.9339,45.1188,32.2063
708.8353,186.7394,41.4303,34.1734
712.0616,190.6553,44.0115,31.3483
715.9716,192.9262,43.3692,32.5293
709.0750,192.3112,40.9276,35.1511
698.5305,195.0788,39.3471,35.2820
697.4565,194.0869,37.5664,35.4812
698.2435,192.7122,37.3996,35.8851
700.2037,190.0212,37.6285,34.4830
703.6375,187.7541,36.6471,35.3789
711.8629,183.8775,37.1101,36.5036
725.1333,177.6722,36.5072,40.3894
738.9504,173.7261,36.4470,49.5236
737.3004,177.8070,40.5169,60.6500
737.0953,163.3047,48.6588,64.6072
729.1725,162.8451,57.4609,58.2521
723.5729,163.2738,57.2470,58.7374
718.6261,158.5237,55.1564,58.0914
716.1177,153.1302,50.4836,64.0237
713.2106,150.5674,48.9578,66.1786
713.2418,149.9230,43.7237,78.2765
709.4320,149.4912,46.7872,83.6494
705.8207,146.2449,54.8066,72.1921
703.6915,143.8999,56.9159,64.3968
703.8080,144.0490,51.9520,64.7690
703.2844,142.6128,52.0414,62.9088
700.9921,143.6484,49.2170,68.7601
702.3288,145.8153,49.7902,69.8503
706.1076,145.8297,51.3019,70.2225
713.5380,143.1208,48.5497,69.5237
720.0706,138.4298,46.5964,70.4026
727.5457,132.2990,39.2675,84.4684
730.2562,130.0682,35.3351,96.2121
728.5265,130.3404,38.7650,101.7327
748.0912,134.6037,43.4614,98.5067
2
0
0
0
0
1
738.8509,187.8158,23.5314,51.4045
740.6948,181.3654,23.1999,54.7666
737.0852,173.7050,26.0908,55.1930
737.2387,170.4515,26.2230,55.5804
735.7627,162.9489,25.9771,56.6335
728.1201,159.3725,28.4695,58.0417
720.7711,153.0259,31.8030,61.1053
2
0
0
0
0
1
718.0698,164.1995,27.9102,51.7488
714.0406,163.6566,28.2801,51.5563
713.0806,162.4435,26.5179,51.7109
711.5039,161.5071,25.5231,51.3737
708.6573,160.9727,25.9827,51.6942
706.0009,159.9302,25.9272,52.6271
704.1198,159.3411,24.9505,52.2723
702.2463,158.1618,24.1129,52.1330
700.1006,156.9279,23.8170,51.7992
697.5648,156.3808,24.0550,51.6141
694.6271,155.9862,24.2273,52.1509
692.2543,155.7324,24.7978,53.3038
690.9006,156.3254,24.9454,54.4907
689.6863,157.8444,23.8535,54.5673
687.7116,162.1775,21.7784,54.6655
685.1971,168.8468,21.8791,53.7963
682.7191,179.0992,20.8354,53.8006
678.9361,193.5225,20.1519,52.9378
673.6342,210.3557,20.4343,53.1397
666.6987,230.7347,23.3199,54.5543
661.4842,258.1356,29.2118,48.2797
659.1591,268.4507,33.0472,40.0277
659.3811,269.8040,31.9943,41.2620
657.4904,270.1297,29.8209,39.0784
656.8660,271.6875,28.1332,37.4644
