1
511.6726,195.8455,52.2370,35.1961
505.4442,196.1071,53.5631,35.5350
494.7149,196.1516,46.4467,34.6020
483.4811,197.8988,46.3099,34.9520
476.4320,198.0553,44.7101,33.1496
461.6875,192.6903,40.7925,33.2320
446.1634,190.2165,42.3736,34.4231
440.9297,188.6588,41.0714,33.9580
429.0092,185.1614,40.7150,35.5958
415.2363,180.7951,41.6949,47.7373
407.2184,176.5617,43.5923,59.2434
392.2646,169.5533,49.1551,60.0609
374.9131,164.6816,52.8936,58.5019
369.2151,162.8354,53.0650,61.8167
351.9182,154.1263,56.0278,64.6576
341.4274,158.0676,56.9046,58.1661
336.8184,156.5377,53.1468,55.5362
327.1360,153.2899,50.9188,50.6615
327.7019,150.3091,50.2602,49.7101
307.4185,155.3679,49.7606,40.2036
311.1151,139.6519,38.1059,49.1406
292.1329,144.1702,36.8612,44.5347
283.8237,148.5407,33.8888,41.4700
279.9761,152.5223,32.4205,37.7684
269.5796,150.4913,35.4265,32.8850
260.9876,152.6195,32.8114,34.3509
254.3077,141.2304,28.7848,36.4916
262.7994,124.4695,27.7484,39.1996
2
0
0
0
0
1
179.1061,152.1039,38.6520,41.9788
159.9844,137.9388,38.5043,41.7957
140.0543,139.1891,34.9107,44.6310
133.4783,143.9711,34.5965,46.7923
129.0699,148.0162,30.3958,45.7734
2
0
0
0
0
1
124.9740,143.6260,37.2417,52.2892
113.2962,133.3982,38.6005,59.5941
2
0
0
0
0
1
157.9351,173.7563,37.9265,34.6863
160.6177,174.5302,38.5643,36.7438
161.0917,172.7056,38.6131,38.4935
162.8350,168.1879,36.7460,41.2059
167.5275,163.9792,38.1447,41.0534
163.4448,162.9986,34.2703,44.8977
167.4393,165.9931,32.0132,46.3900
171.7054,170.4879,30.4270,42.2514
171.5864,170.6033,30.4918,39.4387
178.1721,179.0847,29.9516,37.1903
181.2055,184.1015,27.7566,33.7945
183.1390,179.2822,29.2177,38.2500
186.1902,176.3978,31.3770,40.5777
185.1170,166.9566,33.6497,45.8344
190.3725,158.7924,33.0869,50.1538
180.2558,155.7277,31.1319,50.2323
177.4176,158.4607,29.3604,49.2618
181.8853,153.1554,29.5989,46.3836
184.8229,143.4156,29.0354,51.1535
2
0
0
0
0
1
222.2877,203.3372,27.4948,45.8699
222.7359,204.2943,26.0539,47.5343
223.7210,209.0329,26.8006,43.4140
226.5722,209.8481,25.9322,43.6651
221.4453,204.8356,23.7209,48.4704
2
0
0
0
0
1
246.8134,220.4357,32.4607,57.0533
248.6726,219.8606,35.3426,59.7433
250.1515,219.8338,37.5015,59.5598
253.4945,220.8683,39.1193,55.3097
261.9648,220.9229,38.4175,57.5475
261.9416,222.3738,40.4181,57.9215
261.5753,223.4879,48.6269,56.1204
270.4836,218.0813,37.2031,52.7630
259.8884,218.0338,41.1367,50.2455
257.8956,221.7146,39.9854,46.6620
246.4450,217.3268,40.9416,51.3321
256.7968,229.8184,43.0267,48.2412
261.1015,238.1077,47.1219,45.0338
260.2656,238.6947,41.3364,46.6179
261.5662,240.5722,44.0232,46.4671
260.9276,242.9254,46.0956,45.6558
250.0800,217.1493,38.4862,59.6514
2
0
0
0
0
1
267.4939,284.5762,57.9460,42.2613
268.7641,283.9772,60.5836,44.0019
265.1549,282.9008,67.1831,48.6850
267.2477,272.8063,65.2518,55.1179
266.3488,276.0647,67.3910,51.7232
264.4695,278.3591,65.0960,53.2840
267.3860,270.6021,61.1491,58.8102
269.9630,277.9256,58.3816,56.0528
259.3355,276.2015,60.1485,56.1244
279.8117,284.0426,50.9869,59.3896
273.9332,289.4300,55.4580,53.3273
266.4411,282.5883,53.3802,56.3967
264.9883,274.4627,50.4276,61.8632
262.9083,282.4707,52.0006,60.5569
263.0278,261.3417,45.2026,70.4525
251.2918,247.1184,48.7491,75.8714
232.5814,237.4570,50.4138,77.6548
216.4700,273.8437,58.5079,68.0792
223.3636,271.1714,61.9351,64.7769
218.5411,281.6417,68.8253,59.8972
224.4121,283.2794,50.8304,66.0392
225.7232,293.7803,58.7129,61.8136
223.1347,272.8313,53.1273,64.8208
233.6010,299.8779,51.9613,57.7734
244.3239,319.7817,53.0193,48.4760
266.3311,313.4624,47.1708,53.8118
266.8684,303.4821,47.9605,58.6815
251.9479,329.3092,58.6860,43.6567
261.8635,321.8841,49.3472,49.2048
272.9315,290.3114,40.9264,60.7985
2
0
0
0
0
1
242.7256,331.8289,48.4739,41.9200
246.5411,307.1144,47.2073,58.2326
244.8371,298.0174,53.3850,59.3013
2
0
0
0
0
1
