1
128.2032,471.2690,26.3022,64.8566
135.4386,509.7625,25.3039,64.0085
152.9269,561.7684,25.8358,60.9006
155.7484,576.2310,26.5977,59.9914
153.4424,584.5183,28.2150,59.7445
153.6381,585.2910,26.1848,60.5790
155.2260,586.7098,25.1830,62.1393
157.3128,585.6517,28.3831,61.1196
157.2296,584.9631,30.5160,61.1816
160.4594,585.6431,29.8278,60.6733
161.2380,585.7441,29.0756,61.4329
159.8618,586.6742,30.4784,60.7432
161.9685,586.9095,32.5610,57.6868
162.6142,588.2440,31.3206,59.2826
163.3509,588.6573,30.0494,59.0451
165.2385,596.3389,32.1206,59.8986
164.7701,595.3142,29.7653,61.8427
163.7391,599.9768,28.5527,59.4964
163.3438,607.2992,25.2991,64.1324
159.8295,628.1053,25.3565,64.7688
161.9325,635.1447,24.9664,63.6390
168.3059,654.6857,26.3847,63.6964
179.8002,675.6307,26.2813,62.2899
194.8966,706.9681,29.9385,58.8494
214.0354,731.7398,32.2343,56.6343
235.1927,752.6137,39.9248,51.5560
268.1351,777.6116,39.3637,50.4659
311.2675,800.6586,45.9926,43.6843
342.2671,817.8976,59.3650,42.4421
378.1153,827.4676,51.9013,41.3740
398.3924,840.4813,38.1362,47.7545
409.8847,845.2905,34.2945,53.4322
410.7090,848.3002,37.3278,47.4582
412.1285,846.7395,38.0255,44.8301
415.9900,851.8194,41.9970,38.0211
421.8916,854.6061,43.2722,36.3155
443.7202,853.3717,59.0569,32.9574
478.0038,850.2766,65.0949,28.1841
518.2740,845.9052,64.0613,31.2733
555.8243,827.4454,55.1383,38.2347
584.4031,794.4832,37.0646,55.9043
586.4101,780.8037,29.1119,59.4820
587.2517,761.3849,30.0464,61.7190
583.0045,750.2693,26.8766,63.0434
573.7412,740.5303,25.7524,56.8605
565.2459,744.6547,28.8757,54.6946
564.8915,744.5791,28.9355,56.2805
562.5132,747.7773,30.6411,55.0096
562.9658,748.3561,30.2600,54.7282
559.9138,747.4844,34.7658,54.7229
563.3488,742.5945,32.6809,55.9018
563.7653,743.2612,32.2150,54.2725
565.2228,742.1096,30.4622,55.3523
570.2938,747.3765,28.2767,56.2141
572.1248,743.9286,27.1882,58.6783
574.8468,748.9207,25.4020,53.4690
570.1844,740.4955,27.6581,58.5502
565.6273,732.8911,28.6528,63.8220
564.2664,732.2922,30.3991,60.6983
563.8832,731.5118,29.6927,62.0993
563.5869,730.0139,28.8457,60.3043
559.8615,726.6226,29.1664,60.0672
560.1064,725.6599,29.2682,58.3414
559.9861,724.6494,31.2651,57.8036
556.8411,727.4263,35.6157,54.3928
555.8837,729.9288,39.5054,51.0508
554.8817,728.9811,38.7014,50.7102
555.1036,734.1170,40.0294,47.0765
552.6064,733.1350,41.8481,48.1440
554.2826,730.2983,36.8263,51.7066
554.3497,729.3448,35.6409,50.9471
560.0460,730.6069,29.7284,51.6991
561.9022,732.8682,28.3283,50.2323
556.9886,733.1999,33.9068,51.2240
554.3970,733.5858,35.3940,49.7440
551.0421,729.7493,34.8787,52.3623
550.0247,725.6107,32.4473,53.0459
548.2127,718.6010,32.3941,60.0565
540.4283,715.3027,38.8006,57.6438
539.3507,710.0045,36.9605,55.6044
539.3975,696.5709,29.7904,60.7065
537.2714,673.4866,27.1467,64.0305
537.4161,645.0212,27.6251,66.4909
547.4262,630.0942,30.6598,63.1167
548.9107,619.9374,40.0587,54.1984
574.2969,592.1148,50.9064,50.0532
600.5018,580.8837,45.9800,47.4978
610.0358,589.2224,51.9617,36.3022
623.3196,604.0771,59.4011,38.5913
658.2859,623.4254,55.0988,45.9790
694.6310,662.4307,51.9477,50.1238
713.4300,683.2301,35.4407,47.4264
718.6358,690.1734,38.0631,46.3759
720.8049,691.6269,35.0172,49.4087
723.3461,695.5594,31.9199,59.9233
720.7802,698.5762,31.4408,55.4293
721.2755,700.4315,33.0518,55.7038
723.4388,703.2267,33.2846,58.2802
723.1617,706.8459,31.9726,58.6905
720.6566,709.8944,28.2839,61.8955
714.0911,715.5502,24.3169,65.0317
703.3834,730.7281,25.1187,62.7723
688.4037,747.8448,26.2415,61.7957
671.5709,763.1042,29.0153,58.1093
646.2805,780.2496,33.7064,55.6987
632.4988,793.8075,36.7689,51.6151
626.3931,793.8806,39.1621,49.9716
624.1560,790.7158,40.5930,48.9147
616.4832,793.0294,40.9755,52.0726
614.0026,794.6129,37.8046,54.9301
599.0638,805.3145,40.6247,50.8001
589.7641,814.7932,34.3887,52.8779
561.3714,826.6810,48.2672,44.5123
529.7989,833.2316,56.9461,38.5270
506.3178,843.8192,46.0242,43.7826
500.2823,844.3667,38.2952,50.4171
497.6461,851.2632,34.4001,54.8120
487.8666,855.4005,38.1320,52.1837
487.1827,855.9581,37.3720,50.8410
484.9860,852.8340,40.2495,50.9479
478.8005,851.1844,47.5175,44.8333
471.4539,848.7549,55.3115,40.3111
462.5876,848.3636,49.2018,34.4761
446.9696,851.5157,55.9469,31.1011
431.6545,845.3502,53.9655,33.1529
456.4010,819.3932,44.8374,46.7192
2
0
0
0
0
1
318.7935,785.1032,51.6504,28.5091
314.8058,782.0664,52.7570,30.3350
319.8860,768.7864,44.1389,44.2726
328.7657,756.8939,37.5313,47.9588
342.0378,743.0854,33.9653,59.0432
380.6264,758.6058,53.6586,28.1947
2
0
0
0
0
1
475.2405,686.3373,36.4928,42.3167
477.2278,652.3215,31.4800,53.1366
471.7335,619.4406,36.5429,54.5050
458.4738,563.7747,39.0763,61.7442
438.0149,522.0788,44.6902,57.2256
405.5762,475.2694,47.1922,51.1174
371.0732,466.5349,40.5912,35.9215
349.0750,468.8010,44.5973,28.3308
320.0335,472.0855,48.9492,23.5907
311.4425,459.4189,39.8430,33.3461
309.3867,453.2490,38.1251,35.8633
299.7641,422.7478,38.9354,45.0567
284.0958,379.0783,37.1395,49.4275
270.7131,332.6433,37.3113,62.0952
255.0118,277.0338,35.2228,75.8373
247.2549,261.6012,41.4386,50.4435
249.6534,263.2849,44.3464,51.7950
258.2793,255.2526,39.4652,55.7575
273.3602,241.7681,35.9611,59.9492
288.5363,224.4585,41.7305,47.8463
310.7710,214.6760,45.8418,43.6228
323.5468,214.2645,42.1373,37.4665
337.2450,212.3609,43.5168,41.1048
339.1350,207.6225,41.2570,44.4682
328.9832,219.2479,33.3379,46.2667
318.1014,230.9510,34.9604,43.5214
305.7913,249.8182,40.2767,37.1732
283.2176,262.4374,43.1498,29.3304
261.1023,281.6207,48.5328,24.9047
237.5272,303.0270,43.1651,32.3315
209.2592,319.8127,43.9337,25.4918
203.0248,319.8166,38.1838,31.2876
204.8997,320.2982,36.4485,30.9277
210.4839,319.5647,33.4585,33.2124
216.5942,324.5688,33.5614,34.3499
225.2681,326.3750,32.0706,40.4622
237.0482,326.1219,30.4008,52.7556
239.3377,336.1375,32.4343,52.5150
242.2399,357.1110,32.0101,45.8496
245.8526,389.6048,34.1290,42.6825
252.2263,434.3568,32.7563,43.7588
242.6868,475.5324,32.7425,55.5701
217.0982,505.9368,38.6842,46.3802
188.9978,522.8259,44.9256,30.1935
158.7142,522.0750,52.1148,21.7582
143.1452,512.3563,46.0870,28.6920
146.5041,512.6065,43.6108,30.5789
144.7245,515.4860,48.4582,27.8175
146.4008,514.0384,45.0275,29.4669
147.0764,513.8004,45.1270,28.5781
149.6689,513.7300,43.4587,29.1437
147.3363,513.6773,46.3035,28.9048
149.2512,515.1931,42.9677,28.1608
150.3041,515.0806,39.6495,28.5510
148.6162,515.5878,43.5321,26.0748
147.3042,515.7654,45.3162,24.8409
149.3080,515.1670,41.1548,26.2584
146.8964,515.9021,43.6607,25.8313
146.6524,512.1982,41.0851,27.8786
146.4739,510.9174,44.0455,27.9024
148.9354,510.8312,39.6482,28.4175
146.7636,511.0527,37.0808,31.5693
143.2581,514.7756,39.2482,30.1459
139.3000,517.0574,45.5941,28.9744
136.1277,517.1832,46.3020,29.9162
135.8135,520.3071,46.4225,26.3373
137.1447,520.4607,42.9555,27.2990
134.5970,521.8703,48.5907,24.1948
136.5372,522.1890,43.7593,32.3449
139.7404,509.8901,43.0285,29.2485
161.7231,510.7876,35.6424,42.8855
165.6535,511.4232,34.1891,42.9369
175.4818,504.4984,34.4956,38.0679
178.0021,496.0944,36.3733,37.2001
173.5033,496.8089,31.4556,44.1939
168.9818,495.6979,33.2513,46.5789
2
0
0
0
0
1
173.1840,525.4727,33.8401,44.3273
173.9299,525.8210,38.9921,43.0334
178.6222,527.5830,38.1099,44.0934
186.4256,533.4070,31.2690,50.0097
192.0997,543.0463,26.3603,56.9482
195.5978,560.7776,25.4352,53.0496
195.9416,565.6279,29.8046,50.9298
196.6135,566.9692,31.2850,51.7312
195.0980,570.3444,26.6335,53.0160
185.8489,587.1035,28.3350,59.5269
175.3631,619.3981,30.8478,53.8169
170.9958,635.7189,28.4930,52.4126
169.2214,634.9727,30.6347,50.6853
170.5124,634.5165,27.7771,48.8316
169.8731,634.4061,30.4011,49.4330
169.8282,634.0056,31.8776,45.7392
170.0606,630.9796,28.9797,54.9334
159.5901,635.6478,40.3552,40.0854
158.0515,629.2970,39.5988,44.5898
154.6514,628.9758,42.2354,46.4552
154.7379,631.9196,40.4110,49.7637
157.7601,633.9558,38.1919,49.7202
159.6216,641.4759,34.9735,50.2061
157.5261,640.3938,36.4617,53.6648
156.3056,638.8101,37.1377,54.2936
155.5598,639.4019,38.6131,54.1471
158.3096,640.8484,36.7736,53.3376
158.3512,639.9450,36.3335,53.9837
158.3936,641.2289,37.0092,52.7229
159.0259,641.7258,35.7748,53.3955
159.7069,640.6139,34.9143,55.3040
160.8407,640.5355,33.4071,53.3544
158.8030,642.1532,36.5605,51.2586
160.5113,642.7651,33.3682,53.8979
160.7708,644.9603,34.6332,50.5242
160.3977,645.7953,36.0442,49.5762
166.4544,641.0931,26.8089,54.8116
169.0897,639.6045,29.0248,49.1076
173.7054,634.9741,26.7307,55.9530
175.4404,634.3492,30.6882,56.0564
178.0674,637.2114,37.6551,49.9535
186.1389,636.0464,35.2016,52.9668
184.5133,643.9510,35.0046,41.9084
184.0740,650.6345,36.0542,35.0042
182.6809,651.6810,36.7617,33.4256
184.5950,652.1526,36.4042,32.1584
185.0568,650.7162,35.1926,36.1013
184.4886,651.3306,35.0218,36.5281
187.0518,650.8657,33.9560,35.7650
185.7173,650.6215,34.3542,37.5334
204.8747,660.1642,39.8797,40.0509
212.8536,662.8265,39.3378,41.4335
220.7857,669.6576,38.8697,38.9642
229.4211,682.8268,36.7609,40.9946
235.2990,688.3387,40.5992,42.0511
257.4436,706.4586,46.8613,43.6158
299.0754,730.9240,51.9181,45.7949
340.0930,748.1191,50.0170,40.1837
349.9930,756.1299,44.1888,41.6493
358.7907,764.3452,39.9017,44.5432
362.7859,767.2342,39.9827,41.2507
367.3981,772.4391,43.2651,39.4644
374.4370,778.7394,44.2445,38.2806
376.0401,781.8435,54.0096,35.3412
378.0440,780.3290,58.2980,27.3131
376.3901,781.5710,60.4889,26.9555
376.2722,782.3294,59.4748,28.5860
380.5761,762.2644,41.5331,44.1705
388.2705,753.3682,37.0916,45.5846
392.6974,750.3803,35.9351,47.1920
395.2644,746.5542,35.7496,47.5423
394.5338,745.9166,39.1849,38.2134
407.7993,740.4234,38.9447,39.1182
423.2559,733.0477,47.5793,31.8805
443.0538,725.0784,46.6779,37.7452
461.1803,718.7821,58.1295,30.5845
485.6439,720.5850,59.2826,28.1357
526.2650,727.5154,57.8810,36.0108
572.4811,754.6517,49.0778,42.9361
601.2117,784.5660,31.0135,49.3970
602.6707,801.1902,29.3451,46.8591
602.1837,800.3598,25.9462,54.1715
593.1449,807.8882,26.9707,53.6338
573.7869,812.8302,35.5299,44.2499
552.0230,822.3293,38.7398,44.3954
540.1845,829.4803,36.7658,39.8496
524.4015,834.2274,37.5297,43.7183
496.3797,840.9402,45.3289,37.2861
461.6082,839.7374,49.6052,31.9749
415.8486,833.9549,54.7716,25.0506
372.9865,829.2615,49.1484,33.2288
334.4030,822.2122,50.9266,33.7933
322.9529,815.1775,49.3611,28.6482
311.4010,794.2134,43.4156,37.8509
303.0000,761.7042,33.5281,50.7858
287.3080,720.8683,33.6023,48.6761
262.2117,696.2862,38.0017,43.0453
255.0011,689.2171,38.7736,42.5226
