1
145.4971,207.4334,32.9684,30.5542
144.6205,215.1085,34.1642,29.1527
143.0551,216.8691,33.5349,31.7709
138.5988,213.3938,33.4021,31.5989
129.2550,213.9039,34.3202,31.6916
118.9017,217.3633,34.7038,32.9287
108.1605,219.1857,35.1598,31.8296
99.6205,215.9526,36.6783,34.0897
96.1455,206.8140,38.2331,33.7220
98.1326,198.3747,39.0252,36.1038
112.8464,212.2002,40.9677,41.8429
2
0
0
0
0
1
202.5177,225.6016,33.6614,33.8343
221.9488,212.4124,30.2811,36.7616
244.5602,180.0685,35.5569,39.5022
283.7445,184.1540,40.3487,35.7502
333.3972,223.5157,41.9996,41.5379
360.3768,239.2508,38.0219,34.3713
353.1487,230.1767,33.8101,33.9460
347.4182,219.1410,34.3330,31.5906
2
0
0
0
0
1
267.6801,221.3651,35.2480,37.0011
2
0
0
0
0
1
2
0
0
0
0
1
309.2309,237.1437,33.3777,35.1735
332.3579,226.5179,41.8947,41.4639
2
0
0
0
0
1
426.0179,245.3623,34.1139,33.2710
429.0939,234.2224,38.1339,34.2561
421.6239,214.7867,36.1948,34.8502
425.0131,210.5855,34.1234,36.6095
444.9495,212.9524,34.3111,39.1029
453.5899,212.7229,41.2395,39.9129
464.9165,210.1210,45.4666,39.6018
465.5105,216.8954,48.7691,46.8415
455.4681,222.5789,49.1039,49.6581
433.6596,226.9613,43.6475,47.8682
413.2578,225.6764,41.6412,46.4017
2
0
0
0
0
1
366.6264,288.7780,33.7837,35.0613
343.8246,332.4058,33.3248,36.0079
335.0570,310.4557,31.2292,33.7136
325.8589,286.2304,34.3438,34.2127
319.1685,274.3590,39.2845,35.1811
333.0254,258.3389,38.5434,38.3081
341.3460,225.0488,39.2387,38.7007
344.3495,198.7803,37.2872,37.7121
345.5522,187.6242,36.2610,37.2302
340.8802,186.4742,40.0572,40.2487
341.1604,192.9881,38.6224,44.2993
336.3465,198.1875,35.9705,42.5037
324.9962,194.7710,33.6943,36.8078
297.4137,200.9928,38.4427,33.6833
296.2344,200.6448,41.0069,40.9036
326.1689,211.7287,39.2035,37.5085
342.4469,247.5379,40.5246,36.9850
2
0
0
0
0
1
2
0
0
0
0
1
349.7931,285.7198,41.6493,41.5079
366.1190,333.2683,38.7499,40.2571
364.9266,348.9817,38.4495,37.8825
358.8125,301.8702,38.9730,41.3003
358.4568,291.4054,37.8122,38.6039
330.2252,306.6981,35.5872,39.8397
306.0659,338.8076,35.1243,40.5935
327.7525,316.9917,35.0953,38.4308
362.0897,277.9308,38.8294,39.4286
385.0591,280.3197,38.3086,41.7027
2
0
