1
759.3536,238.0578,155.7986,102.2037
758.1091,243.2489,162.8382,96.9752
762.4362,244.9385,162.7986,93.3831
764.3777,244.3936,162.1519,93.4948
765.2244,246.4219,163.1354,92.1171
764.2103,244.8754,164.7880,94.8285
761.0580,246.3000,170.6097,93.5072
763.4273,245.4689,172.9826,94.4840
765.9529,244.8646,171.6758,95.5377
765.9225,243.0573,172.9591,101.9540
767.7608,241.3589,171.0549,98.1202
771.0187,240.5305,163.9692,99.7940
771.7928,240.5550,169.7058,99.7250
776.1927,235.4995,163.6133,100.1717
776.7894,235.6898,162.2954,102.1800
774.2905,235.1051,170.7548,100.9019
776.5015,232.3730,166.2716,104.4492
775.7034,229.2156,170.8907,104.8326
777.7394,223.0675,170.6205,110.6705
782.1915,221.0286,171.8616,113.7194
786.9634,208.5587,171.4827,126.3723
787.1376,205.5304,175.1373,126.4830
788.5876,207.9317,172.1667,119.8954
792.0979,207.3716,168.1929,119.5592
793.6190,208.4782,168.5626,117.1609
798.6861,208.1254,161.3016,114.1911
800.9285,205.8288,158.0889,122.9224
802.7407,204.4486,159.6126,118.5317
807.6852,202.9697,153.5708,123.3228
809.8121,202.5201,151.2708,134.9517
815.1121,198.5254,147.8258,138.4452
814.9306,200.5301,148.0881,135.7365
818.5193,203.4394,143.2235,139.0846
816.8908,206.7735,141.4576,133.1665
818.9647,213.7884,141.3173,131.0351
824.9779,216.2099,136.7167,116.5732
822.4441,213.9840,138.3447,123.6627
825.7111,214.0324,136.4119,124.0478
826.9451,212.3358,132.4708,126.5629
831.9811,211.7844,131.6106,123.4548
837.8221,209.6091,123.9146,113.7036
842.2017,210.4880,122.9784,111.0528
845.7961,209.3912,117.2620,110.4076
847.9433,209.3638,116.9850,106.2169
848.2471,210.7964,114.2108,106.2915
853.8145,209.9038,111.4164,108.1630
857.7301,210.4696,106.7190,110.4263
861.5068,208.2162,104.5465,110.2063
866.2566,206.4181,100.4649,112.9838
869.5474,205.7834,98.3857,109.9060
873.7568,203.2505,90.6568,100.0093
877.5461,202.0923,85.5980,102.4180
880.0955,203.2611,83.8893,96.9186
882.4407,201.3041,81.4849,98.2214
881.5385,201.2015,82.7733,101.6092
882.7504,198.9676,82.9484,101.5354
885.0784,198.2792,79.9899,104.3284
886.5038,199.1487,77.4841,107.1442
888.5433,198.1833,75.8773,106.8590
888.0344,198.4311,76.3527,108.7842
887.1347,198.8850,74.8437,109.4704
887.7954,199.7153,74.8211,116.6099
886.8025,200.3996,77.5573,108.4147
888.2010,202.5251,75.5251,109.7432
888.9561,203.4386,76.3759,112.6111
890.6006,204.1152,75.1907,116.0123
890.2379,201.6474,76.1888,120.2190
890.8761,202.5809,75.8881,119.4950
891.4116,204.0255,75.3556,119.2986
892.6209,203.5333,73.3113,119.5719
893.7430,204.3311,71.9591,120.2654
893.4797,205.0797,71.4977,120.8290
894.1185,205.4723,70.2309,119.9243
892.3267,207.4461,71.4950,120.3065
892.7693,208.0437,70.9428,120.3941
892.7738,207.2778,72.3555,118.9071
892.5558,206.3795,73.1431,120.1528
891.5326,207.5027,74.7101,114.0151
892.6999,208.2765,72.7583,116.7316
890.5578,206.8439,73.8342,112.6348
887.7661,204.0297,76.2947,112.3800
885.7572,204.0987,77.5641,110.5859
885.4496,203.0242,77.7990,111.1676
884.1488,202.7405,78.4572,112.3974
883.8771,203.6897,80.4525,111.3443
880.2297,203.8393,83.2575,117.1736
870.6268,202.2177,92.2665,124.0071
868.2938,200.5750,96.9185,124.8712
869.7689,201.2138,95.7730,126.0949
871.2438,200.9010,94.4145,123.5291
870.0532,202.2251,96.5508,122.4684
867.9322,202.4816,99.0210,121.3359
867.6704,203.8574,99.8158,124.2073
868.4105,202.8581,99.8034,125.2560
870.1230,202.6704,96.8777,123.6037
873.3422,204.5690,93.7372,125.8220
881.2976,204.4683,84.8048,121.0559
882.4348,204.0362,82.2702,124.5721
884.8638,202.5965,79.5977,126.1343
882.4433,201.4568,80.5222,125.9290
880.9914,202.9410,81.9137,129.3533
867.4137,205.4414,96.0454,123.9282
854.3691,204.6003,107.2585,130.4048
847.1390,204.3213,117.4389,126.6385
842.6469,208.3303,120.4303,131.1371
839.2747,209.2128,126.2816,127.8547
839.3024,209.3366,126.1476,129.6873
840.6031,208.0794,124.9548,128.4253
837.3498,210.3456,127.6295,128.5776
840.3289,208.1547,125.0561,130.7771
842.7370,204.0100,122.4724,127.9404
839.2682,211.0576,124.5408,120.9417
843.4767,204.9185,121.5951,121.5481
840.8264,209.4464,122.9824,120.8321
837.2466,211.1350,127.6469,123.1715
838.0499,211.2176,125.3430,122.5173
840.3765,209.5676,122.6804,119.5801
843.7800,212.6654,118.5873,114.1909
842.8622,214.2334,119.0728,115.9196
835.0561,211.8875,126.9711,111.7852
837.1393,216.2142,124.3719,111.7051
835.3065,217.5406,127.1887,111.7242
833.4828,215.2563,130.1623,116.5212
836.7300,215.9463,127.4329,116.5396
842.2684,211.3810,120.0590,119.4142
846.4417,209.4187,116.8819,115.2437
840.1568,206.4477,121.3616,116.8885
842.0860,203.8922,121.1592,117.1166
841.5988,205.5710,122.7633,118.7943
842.9553,201.8054,123.7921,119.5871
842.4338,201.0191,124.1357,118.1148
837.3853,205.1565,123.6671,114.4730
834.2680,205.7260,128.4126,110.2818
834.1375,203.6465,126.8047,110.5738
835.0221,201.7119,126.1076,111.2621
836.6403,203.6180,126.3352,115.7410
837.7100,204.7911,123.4852,111.1893
838.4462,202.5212,122.8973,112.1413
838.9572,203.1521,123.2560,111.3700
840.1129,204.2054,124.3284,111.8680
841.4675,204.3701,121.8714,111.7539
839.1981,203.3762,123.3011,112.9409
838.9756,204.3296,121.2300,110.2408
837.4792,204.5895,123.0951,113.1694
836.7102,204.1182,123.9002,114.4939
835.3510,205.3960,124.8868,116.5439
839.5039,203.6186,121.5188,121.4472
844.3229,200.3934,115.5756,121.5570
846.8118,197.5488,115.2732,125.1288
845.8646,194.8364,117.5550,128.9039
843.8635,194.9292,120.2999,129.7372
839.1551,192.8682,124.3868,128.5719
836.1841,193.5716,123.8333,125.8801
836.3056,191.0312,124.5824,131.2938
835.7776,191.4601,123.8026,128.1547
832.7368,189.9660,127.9136,131.9880
826.9361,190.0590,129.6940,129.5836
828.0469,190.2183,129.6884,128.2694
828.5348,189.6087,129.8707,129.2633
828.0964,189.6386,130.3174,131.6743
827.3753,189.8960,134.4888,132.2929
829.2116,189.7948,132.7558,132.7789
828.4841,189.7794,132.2726,133.2106
828.7233,189.1433,130.9760,124.6685
830.2949,187.4451,130.5475,123.7957
827.2701,189.4105,131.2848,133.2705
831.5514,188.4066,134.6089,124.4870
835.1248,193.4760,125.7595,118.0317
834.2203,198.1329,125.7838,117.8716
841.4894,202.7671,122.7145,114.4906
836.5132,205.6967,124.3255,112.0075
833.9286,207.2708,129.6135,110.3355
833.8443,207.9960,130.4072,109.4794
834.7044,207.5639,130.3811,109.3282
836.0853,206.6842,129.9261,109.8887
833.1907,208.3331,131.1331,109.9256
834.0668,208.4668,131.5383,106.5575
831.2218,208.6739,134.2714,106.8593
835.7212,208.6337,130.5478,115.9212
832.8171,207.4327,131.6481,115.3086
829.8093,208.6878,135.3882,116.4661
820.1756,208.7369,142.7599,109.0325
815.6081,207.4419,148.1062,113.2600
804.7153,206.3685,159.3009,109.8651
803.2169,206.9519,159.0457,114.7033
797.6582,206.1134,164.7897,114.2084
797.2922,207.9223,163.7300,111.2845
799.2836,209.1366,158.9424,112.6703
801.4106,210.3455,156.4279,113.7444
801.6272,211.0649,160.2741,109.9345
800.9839,210.9914,161.4190,112.8350
783.9041,209.0794,174.9573,109.8188
775.7427,210.8713,184.5214,106.1023
771.2848,212.9422,192.7127,106.4946
769.4520,214.1438,193.6075,108.4343
769.4337,215.4070,191.9039,106.9614
767.3508,214.9110,200.5836,109.8867
767.4822,217.6423,199.6356,110.2450
763.8706,218.6030,204.3512,109.1578
761.4058,215.4562,207.8167,108.5974
761.8081,216.6497,210.5264,107.2923
753.3358,217.2221,217.0155,114.2868
750.4155,215.4491,213.6089,110.3196
743.0239,217.4390,220.2818,110.6992
754.0813,214.1787,210.9368,110.7238
758.1966,213.0950,208.2032,105.7880
763.5071,215.3740,206.1697,106.2487
769.9053,215.7049,197.8870,107.4054
772.7952,215.2186,193.6590,104.0843
772.7687,212.1211,190.7617,104.4044
771.4311,212.6964,194.9372,101.1991
768.6469,213.2126,197.8764,100.1269
766.8120,210.5989,198.7116,98.9979
763.7172,209.7643,200.9230,101.4778
766.9980,211.5137,202.6414,100.9007
763.5027,211.0659,203.7156,103.4214
761.5499,214.1084,209.4774,101.2786
759.6038,214.6228,210.2287,102.3193
757.2899,218.7291,210.3435,98.7989
753.7468,220.9340,217.0939,97.8746
749.0931,221.9737,218.6726,96.4236
747.7281,226.5717,221.7788,94.7050
747.0704,227.2795,221.4928,93.9595
745.1478,226.9510,221.1966,94.6351
740.5495,227.3636,215.1806,97.7010
737.4874,221.6076,217.3635,100.6001
751.1460,226.8834,208.7068,92.7899
750.3629,223.3921,198.5757,95.2783
758.4113,216.6066,182.8035,96.4149
752.1471,220.9272,192.9655,94.0546
754.2670,220.2911,184.7194,96.3344
749.5995,216.4057,170.2904,96.7805
753.6396,219.8497,174.3585,89.8089
751.2037,224.1307,168.6684,90.8306
750.2121,220.5664,158.3750,89.9654
739.5684,220.2164,164.1728,85.4830
726.9232,220.7454,168.2559,79.8525
722.6885,215.4074,160.8822,79.2135
710.0991,216.6575,155.6954,81.9012
696.3693,216.5698,164.0072,77.2265
708.7637,224.5920,167.4989,72.0854
685.7714,203.3803,147.2089,90.3272
601.9575,155.6683,138.1738,129.3375
2
0
0
0
0
1
482.6469,204.3472,98.7307,102.3482
458.5486,192.2726,116.2804,110.6441
453.6273,190.2813,121.6114,105.7510
448.6482,195.1745,120.7562,101.1076
442.1590,189.9049,122.2980,102.9724
441.4424,188.3653,121.0714,106.2915
443.8084,191.1087,118.3119,101.8125
441.9577,193.6440,122.1080,97.9552
438.8557,191.8877,122.0266,102.3047
432.8476,195.7212,122.5934,98.8186
435.8997,189.5251,126.1097,104.8310
432.6202,196.7881,132.9957,99.4582
433.7211,193.2735,133.7996,103.2797
431.4656,194.0016,136.5688,104.8501
431.6438,192.0442,139.7556,105.9660
428.5576,193.5189,142.9194,109.6659
432.2645,191.2708,142.0038,111.3307
428.1341,193.5951,145.0264,108.2457
422.6533,196.7844,149.8837,102.9044
424.6476,196.5602,146.2946,104.8433
419.9378,200.2402,153.5905,105.5038
422.8313,202.0613,150.5379,105.9834
421.8152,202.5707,153.3983,99.8005
424.6996,205.5246,149.0714,91.9762
423.9171,199.8922,143.3393,96.4870
420.6068,197.2474,145.0135,96.6455
421.1293,192.7327,146.4288,98.4206
416.4196,195.5870,147.2691,98.1192
410.0873,195.3473,149.5953,99.3893
407.9009,192.2758,149.9545,102.2781
414.2413,184.6718,146.5500,112.3270
414.3274,187.5878,144.0049,104.4643
407.3331,181.5150,147.4325,107.8994
409.7435,175.3733,140.0232,111.6093
408.6144,175.6555,134.4138,117.0279
415.8135,170.9481,134.6178,117.7035
412.4482,175.9738,128.6799,122.7737
417.8449,179.1590,118.6773,134.5139
404.3014,184.5564,127.9777,143.4298
408.0049,182.5307,138.1780,152.5478
396.2751,187.8468,140.5476,159.0812
397.8303,187.1429,146.3935,153.8035
398.4871,184.9131,145.4297,151.4433
397.0733,194.1879,142.2454,148.5886
395.6978,194.4360,143.9912,140.1735
394.0216,196.8820,142.1243,139.0590
393.4842,197.9757,139.5700,139.1119
393.9544,199.1131,138.2075,134.3125
390.7516,203.0102,134.4540,137.2554
389.5134,204.5935,132.4356,140.1286
385.2328,203.2464,130.7388,146.3173
379.3985,206.4588,135.6987,144.1037
375.9644,206.6310,134.2472,143.4790
378.7546,197.0966,129.7411,150.8157
378.9173,203.4103,132.6633,142.7018
379.6710,206.1630,135.3893,134.7854
379.5169,207.2657,131.4220,129.6855
380.1772,206.6671,128.3710,123.7088
383.2124,206.2535,125.5029,121.1576
385.5667,196.7313,116.0058,118.1114
379.5461,201.3817,124.8916,115.4816
375.9722,208.4531,125.8595,117.5704
375.5221,204.1615,127.1230,119.6271
377.7412,207.9225,123.8307,117.3915
378.2907,202.3726,121.6211,116.6903
376.9771,208.5086,122.3220,116.2848
378.6384,202.2642,118.1829,122.9463
378.4615,202.2117,117.5412,128.9764
378.6869,196.1921,116.7499,134.4567
372.2286,204.1821,120.0578,132.0301
368.8326,201.2448,123.9153,136.1338
369.2437,199.6272,128.7095,131.0138
372.7028,189.5913,118.1413,148.1334
369.5888,194.4536,121.9340,149.5070
369.0244,192.3658,120.8793,144.2490
374.0143,199.8891,124.0205,138.7342
379.7343,194.7833,123.4598,140.4636
374.2789,191.4745,124.4243,139.7446
367.6978,198.0992,139.1037,131.5660
357.7500,210.8738,150.2466,125.8520
364.4506,211.1153,151.0084,120.4980
363.6056,207.1414,150.4788,130.0527
361.0732,208.1900,148.1549,131.0610
355.8673,207.6133,150.8327,131.6065
357.0652,207.6089,146.1911,132.7037
360.6334,201.6738,145.7275,133.7719
365.8333,195.7101,138.7848,132.4825
358.0887,200.0010,143.7126,133.5056
360.5839,197.5301,144.0758,125.9960
359.1006,198.3400,144.8996,124.4542
359.9557,198.5128,144.5429,125.0503
359.7361,199.3202,147.2757,118.9337
360.8667,199.5277,148.6008,117.3330
356.8039,197.3911,151.3448,117.4162
361.4560,188.5365,144.3455,117.9978
354.9059,194.2234,144.5604,116.8468
360.0319,196.4007,145.2927,116.6433
356.3058,190.3928,145.7639,114.6246
353.9842,191.1675,145.8337,111.0806
351.3062,197.9689,143.5952,108.6002
332.3722,205.5702,143.5175,114.4126
336.9229,198.4770,150.4155,113.7623
322.7359,203.9305,149.4764,111.8508
325.7537,202.3539,154.7232,118.5923
323.7019,199.4234,151.4691,122.6127
336.2437,197.2684,143.4496,119.8303
320.4998,204.4107,151.9626,111.6831
326.1544,202.1471,142.4740,118.9164
348.5189,198.8100,142.3928,116.1692
340.1635,187.0039,145.7883,119.6556
330.7577,196.9760,151.4227,113.3522
332.9171,206.9645,145.0029,111.2326
334.2848,197.7272,138.2843,111.8331
322.1686,210.9636,143.0938,118.8732
363.6164,187.5689,140.1314,114.7075
342.2890,195.4021,133.4146,111.8037
331.0633,203.6679,130.9110,117.8467
310.4161,219.9446,141.3752,111.8937
311.5966,222.1064,140.1485,117.0043
308.4387,219.5104,140.5134,113.6047
287.6960,232.3441,135.5708,119.1203
260.1193,240.2686,140.1085,120.5201
269.9546,253.1570,144.3788,129.1073
276.6631,241.8598,140.9532,124.3943
261.8531,248.1287,144.1600,119.7778
260.0379,227.1373,148.2858,122.7505
257.7712,238.1767,139.9023,122.1380
250.9285,237.8137,137.4991,118.1642
243.2949,235.8696,141.2193,117.9985
225.0453,233.4033,154.7646,115.9640
221.5242,225.8384,153.5898,121.6758
225.8400,222.9402,153.9738,121.8860
227.8795,236.7787,152.8762,121.1639
233.2295,237.0759,155.5159,119.8476
237.0397,233.5282,147.3996,124.0950
242.1333,234.5530,147.9996,121.7794
205.0270,219.7234,169.4978,109.8634
212.5336,226.4496,164.3882,119.3946
196.8507,207.5182,177.0282,112.8713
200.0908,219.0243,166.6413,116.6220
190.5340,213.7548,183.5809,112.1867
186.1016,206.2469,176.2306,119.3751
188.6252,217.4543,179.1800,120.7445
203.4654,228.9225,162.1056,120.2394
184.5405,219.1968,169.9977,113.2809
216.2560,225.3774,144.2856,121.5310
215.9978,225.9776,133.4160,118.1444
229.2174,228.4523,138.7075,118.5272
218.9878,230.1468,141.0536,113.7853
199.8426,237.2229,151.6386,108.7244
190.3169,217.5524,145.8103,105.5532
194.9379,228.4883,142.9028,99.9780
196.9421,221.0540,131.6090,103.1077
215.2293,230.6710,124.5628,113.9972
202.8040,231.8045,121.4500,110.3033
210.1002,229.5646,119.9367,119.7458
231.9968,233.5060,122.9813,121.3232
218.1155,225.3284,115.1874,122.8575
177.5401,226.2617,136.2641,105.1383
191.5503,231.8748,132.3282,104.4086
194.0498,226.1611,131.0963,109.1776
185.3405,230.3772,139.2589,99.0088
201.4881,237.2438,126.8904,113.1083
193.2021,225.3739,129.8694,111.9765
189.3333,219.0767,134.2397,109.3289
211.5105,214.2540,130.4581,107.7299
205.5551,225.9673,139.8474,105.8612
195.1701,214.4117,144.1648,102.3983
190.5221,218.0286,137.1113,106.1458
188.1128,224.7270,145.2359,103.3846
178.6094,229.0649,143.4308,108.4539
165.8088,233.3522,164.7340,98.6463
170.1469,227.8496,164.4123,103.6276
165.5726,229.6607,163.1603,91.7228
178.4994,216.1115,142.8786,107.2310
177.9600,231.5113,149.3567,102.1716
165.7679,221.6992,152.8947,100.2285
182.5781,229.9566,154.1429,104.1053
188.4549,207.7857,149.7676,92.5700
197.8153,221.3032,138.2990,100.3348
208.9675,222.5236,124.0272,114.0552
191.8663,213.0126,144.9612,89.1372
219.5850,229.1918,122.2913,110.5290
205.6921,221.9118,118.9650,117.1780
175.7118,211.9370,150.6940,95.1519
217.9584,213.6141,137.5997,101.6685
219.1512,225.6096,121.7120,117.4541
195.8934,217.2636,121.5312,116.7047
184.3027,231.4724,132.3443,102.2115
181.4261,221.6199,135.9194,98.1629
205.2482,202.7134,144.6703,81.7214
203.6608,205.6254,124.6032,88.5416
212.5581,227.4892,109.2912,103.7554
243.2711,226.4427,96.2620,117.7417
259.1736,218.7299,102.5396,122.5230
257.5018,219.7680,109.7881,125.3149
228.0565,225.5547,113.7928,122.7546
173.7211,222.2312,124.5439,113.9127
156.1809,234.9008,133.4116,100.4781
144.5597,230.7408,134.0709,96.0174
189.0616,243.8407,131.4526,97.1986
161.9528,237.6186,125.1213,102.0403
161.8639,238.2639,126.6957,102.2001
167.9048,237.7154,120.8113,102.5851
162.8324,235.8018,116.8923,104.3921
154.5058,244.8632,115.7807,104.8614
192.4091,230.7118,108.6064,109.5372
221.2877,234.8358,101.6751,117.4746
231.5867,250.7579,105.4440,122.8522
213.8543,239.7634,98.3119,124.6993
244.1109,244.1188,106.4173,122.1462
218.0060,244.8274,103.4737,126.4490
203.3449,246.3169,104.5348,121.3895
190.8687,259.2080,108.2781,110.3601
161.5861,248.1405,105.7342,110.4187
173.8961,235.1811,103.4552,119.9750
179.6520,261.5544,112.8039,101.8189
196.2450,252.8522,96.8834,109.2001
190.4755,256.1622,92.1064,105.1272
214.4374,258.6439,89.1083,104.8504
2
0
0
0
0
1
25.0939,232.9876,207.0975,94.4811
23.4796,231.7982,211.2623,93.9467
22.7773,231.9825,212.8899,93.8294
21.1991,231.1774,214.9589,92.6163
22.1477,230.6866,210.7605,92.9218
21.3389,229.7018,210.7135,93.2450
20.3069,229.0334,214.8142,93.1798
21.4029,230.5218,208.4261,93.2235
19.5151,228.7674,205.5708,92.2099
20.1188,226.3764,204.7338,94.8826
18.2550,226.2980,203.9146,95.0383
19.4984,226.7301,202.7472,94.7829
16.8793,226.0835,206.7341,95.2466
15.1421,222.6821,205.5569,99.6403
12.1494,219.1634,210.8227,101.7705
12.0296,217.9062,210.1962,102.6535
10.4147,216.8477,211.5316,102.0376
9.6042,216.0771,212.3822,105.7670
9.9951,215.0229,207.5268,108.4352
10.0832,215.2439,205.7718,107.6541
10.5173,216.0779,205.6194,108.5368
9.5590,216.6262,206.5712,106.8030
8.6984,215.7687,207.4353,106.8597
10.2364,215.7468,206.4145,109.1904
9.4612,216.2031,206.6046,107.1907
9.9069,215.9076,206.0117,108.4181
9.0189,212.7273,207.9153,111.9656
8.6835,209.0425,208.7644,115.8601
4.0863,209.1355,216.4702,115.9428
2.5765,208.2105,218.1794,116.0955
1.4114,210.6361,218.4560,113.9941
2.6106,212.6283,219.4494,110.6390
5.1240,214.1387,217.7101,109.4552
2.6512,214.2540,223.6693,110.6635
4.1313,214.3301,221.4884,111.0252
4.2057,215.7210,219.6194,110.0566
3.0608,215.8353,218.5134,111.2714
-0.2264,215.1277,221.1676,112.4939
0.6821,211.4182,218.9455,115.0775
0.1261,206.7910,219.3336,120.6011
-0.8693,199.3807,219.6303,127.4658
-0.0731,192.0525,214.7028,134.4273
0.8632,194.2565,214.8567,129.3174
-1.2426,189.7048,217.6072,136.0105
-3.1241,188.1270,220.5539,136.3457
-1.1459,188.9914,219.3283,137.1229
-1.9465,187.5149,219.3626,137.6784
-3.4798,188.8503,220.4545,137.7784
-1.9507,188.3651,218.9692,136.2392
-2.6289,187.0502,219.5682,136.6382
-3.7677,188.2819,222.6996,137.0423
-3.0392,188.2768,220.8687,138.3125
-3.2662,187.8439,223.0628,138.2076
-2.6018,186.0171,218.7661,139.3589
-3.1733,186.9693,222.5906,138.9967
-2.2610,186.1235,217.7686,138.7839
-1.9223,186.3517,218.1480,138.3393
-3.0499,185.9319,220.1174,139.7534
-2.1077,187.8460,217.4883,137.8645
-1.0984,188.9027,216.9813,136.2800
-1.2917,187.3365,217.0621,137.1212
-2.6845,188.1358,218.9926,137.6480
2.7124,186.5637,211.2246,137.9963
5.5712,183.6807,209.4981,143.4673
7.1997,182.3478,205.1414,144.9869
8.0220,182.7912,204.9902,145.5914
7.0186,180.4793,204.2868,145.8487
5.7995,180.0520,204.9514,146.9521
7.2530,179.8338,202.1280,147.1369
6.1157,179.8847,204.6137,146.2419
7.0022,180.0263,203.2392,146.0297
7.1851,180.0324,203.4286,145.4101
8.7301,180.9237,202.8455,145.8271
7.7687,179.8440,204.0444,145.7356
7.2123,178.9132,205.0880,146.4427
6.1569,179.1469,206.0438,147.3030
8.1139,178.9557,202.3105,145.3745
8.5270,179.4251,202.7314,145.0912
8.9222,180.6680,204.0375,144.4458
6.9694,179.6577,206.5773,146.5656
7.9835,180.2982,203.8486,146.2824
8.7662,178.7237,201.6054,146.5091
13.4326,181.6747,196.0166,144.8538
37.0648,203.7301,168.8428,123.3252
39.7082,214.9539,161.7233,114.1325
42.7729,220.3628,158.0363,107.0748
46.5855,221.8041,153.8833,106.3780
48.3358,220.1109,152.7991,106.3666
50.0658,218.8763,150.3605,108.0847
51.1762,216.9526,148.2776,110.5357
50.7697,217.2803,145.9616,109.5104
50.1137,220.5591,146.7425,106.9180
56.0824,218.9765,144.1932,107.6875
56.0344,220.9816,139.6343,109.4953
57.2680,220.6102,135.7956,111.8511
57.4507,221.2066,131.7885,110.6228
56.4828,219.2989,130.2505,109.7115
57.7073,221.0533,128.5355,105.6271
59.2941,219.6819,121.3809,107.5205
60.3771,221.8542,120.5665,107.7443
59.8360,222.4905,119.7341,106.8754
60.9859,222.9787,117.6663,106.6413
62.1877,222.7629,116.2023,107.9033
62.7271,221.0124,116.6236,104.1716
62.2138,220.3264,116.6542,105.0383
62.4370,219.4479,116.5472,107.1587
63.0510,219.7368,117.9106,106.8604
62.3762,219.1210,130.0270,110.2295
64.6535,219.1732,137.3963,114.0973
63.9275,219.8971,145.7835,114.7737
61.9421,219.0899,148.5458,109.9960
63.0368,217.8763,147.7534,108.2589
62.8226,217.3332,149.5114,108.7561
62.1808,218.0088,150.3596,106.6036
61.9191,217.9631,150.2055,108.3022
60.4516,218.0138,150.8506,109.4212
56.7664,218.3737,155.1879,111.0371
52.5526,218.6603,158.6514,111.6150
50.8320,218.2268,160.3496,109.3480
50.0410,218.3427,161.6483,109.1176
49.7170,219.3147,162.4551,106.9695
51.6831,220.4336,162.2101,108.0069
54.9835,219.8120,160.2090,114.8064
51.6326,220.6764,167.2579,107.3930
60.5193,219.7576,169.1047,108.0237
55.5232,224.6520,182.6757,102.5001
58.8276,224.9558,186.2346,102.8905
58.5754,225.8228,185.1293,102.0678
54.6927,223.6578,189.3601,105.1959
60.3519,226.2829,186.1085,102.9834
61.7315,225.8274,182.6380,103.7648
59.9726,226.2001,184.2485,104.1753
62.1004,226.5844,182.7704,102.3944
61.1309,226.1472,186.4781,99.8938
64.6888,227.6093,180.9821,96.9479
62.9484,227.3968,185.8681,98.2586
63.6397,226.9629,181.5143,97.9594
62.3834,227.6273,185.5272,97.5467
62.7968,228.5142,184.0545,97.0408
62.9537,224.7043,186.3122,98.5776
63.1217,226.1098,182.9247,100.7958
63.1347,227.8096,185.8927,98.2001
62.3414,227.4773,186.0038,98.7212
62.0903,228.4020,185.5636,98.8821
63.1120,225.6177,185.2518,99.3979
62.0896,227.6439,186.5058,98.7680
64.6091,224.6053,182.6969,100.1331
62.5236,224.9289,180.0414,102.8901
53.8116,226.0827,187.0946,105.1587
54.4400,221.0188,191.7849,121.7790
57.6148,223.6563,188.5205,116.2361
56.4058,222.6622,188.1322,118.2857
55.3556,222.3642,189.6969,120.2782
56.0348,222.5334,191.5248,119.7892
59.2808,222.4271,189.6397,118.4747
60.9550,222.9835,185.8241,118.6529
62.4248,224.5726,192.2911,113.8580
64.4201,224.0715,196.7351,114.5535
66.8328,223.9478,205.1097,118.5024
65.2724,223.3618,208.4197,110.5291
65.1153,223.0011,211.8938,113.1513
66.6532,218.9710,208.5177,115.6858
64.9144,217.3204,210.5791,115.9159
62.9470,220.1995,211.6031,111.2392
58.0464,221.4973,218.2014,113.7147
53.8633,218.6175,220.4396,113.7338
51.8164,220.0775,228.0383,113.5944
56.2350,221.1828,219.4705,118.1942
53.7566,219.4452,220.5375,115.3812
49.9908,220.7814,223.5612,116.3961
44.9207,222.1908,228.6481,117.0580
43.9310,222.6358,232.1953,121.4984
41.3387,220.6737,240.9601,114.5125
37.1023,223.5898,243.0785,108.1349
40.5108,228.4601,237.5503,99.9635
46.4417,229.3557,238.3760,102.0053
51.8742,226.9116,238.4255,101.8927
48.9043,230.9732,240.2140,105.1181
46.9729,232.6302,245.4116,98.0911
40.2973,231.8945,247.8941,102.2723
43.0869,233.6683,245.7758,101.7671
46.8434,233.6473,243.2879,103.4499
46.1030,234.7188,243.3941,99.1297
44.7073,233.9474,244.7725,101.7730
47.5082,235.7169,246.0164,100.7758
45.2141,235.1501,250.1313,96.9552
49.4042,234.1271,246.5393,97.8807
46.8741,236.2547,246.9470,94.5970
46.5792,230.2244,249.6137,96.3770
49.3319,233.6585,239.6664,94.9673
46.1755,233.0273,245.0779,99.1872
50.8659,228.6756,242.3205,94.9578
50.4089,230.6877,233.9491,98.0475
50.0240,229.2527,240.3870,96.4004
55.1020,224.3620,240.3372,100.1655
51.0497,225.5886,254.2487,98.1786
54.1651,223.7456,264.3564,98.1132
56.9377,222.4239,267.4597,98.1916
57.1185,223.7635,268.5088,95.8460
56.0451,224.3125,271.8820,95.5967
58.0113,220.5680,267.8954,98.4663
58.9521,221.0639,268.0005,99.5051
64.9549,218.9854,263.1991,100.2288
64.7991,218.3982,260.3374,98.2137
63.6788,216.7341,265.5718,96.2131
61.1556,214.1524,264.9550,99.4385
66.1058,214.7038,260.0645,96.1117
66.2367,214.7449,258.6680,100.1167
63.7030,215.3463,263.6533,97.1581
60.7759,215.2500,263.2963,96.3271
63.8439,213.7528,255.4618,101.6108
59.0432,214.1915,254.9792,105.7314
56.3413,213.6984,252.4238,114.1407
59.7678,215.8127,249.8641,115.2334
70.4180,216.3755,243.6885,117.6382
76.2070,215.2043,244.0246,114.2501
85.1604,215.3014,245.9861,117.5447
95.8953,215.8355,240.3911,126.8526
102.8477,212.9678,243.7169,124.3982
111.3440,213.9332,250.8367,132.1574
116.0465,214.9780,252.7759,135.9035
111.4916,216.5215,254.5677,129.9139
113.6610,216.5845,254.0912,128.1936
117.3027,217.1026,248.0666,130.1891
122.3262,217.7831,254.2944,131.0397
124.1860,218.5221,258.0938,128.4401
125.5209,216.9824,260.3819,128.1514
127.4480,214.1568,259.2088,131.3337
127.2133,215.7649,264.6982,131.8271
130.1466,215.9405,285.8860,121.1184
126.4857,212.1298,291.0330,126.0379
132.0913,208.8875,288.1256,130.6189
134.5620,212.9662,284.8118,123.7205
131.8569,214.7292,288.5104,129.7764
143.1932,210.2657,284.1828,119.0640
143.7648,207.0336,278.9453,122.4915
140.9473,211.1915,288.2719,122.6331
139.1739,206.7985,286.8226,122.5290
144.4036,204.8503,284.0005,123.5856
151.0602,206.7283,275.6089,121.9772
146.2817,206.4009,278.6523,120.9597
153.7485,205.8078,278.1001,116.1553
153.2110,210.0593,278.3255,108.6197
160.4091,204.9027,271.5240,110.9901
168.9755,209.0431,267.9079,105.6070
166.4074,205.9938,271.0927,104.6596
174.5793,202.4853,262.0313,112.8723
177.4519,198.7299,262.7657,121.0397
178.9983,198.0080,267.7264,118.8097
175.0090,195.7259,271.5544,122.1144
177.7544,195.0502,272.8072,119.3121
184.6929,196.1783,265.6402,116.6417
185.7899,197.7575,265.6346,119.5388
189.4231,195.2838,258.0715,114.9172
193.3920,197.2807,256.1759,116.9107
190.8293,195.0605,258.7723,114.4541
193.8908,198.0669,256.2994,116.6187
197.4329,194.1912,252.7439,115.1684
191.8342,194.8521,260.8321,120.8058
192.3481,196.3746,277.1640,112.6225
197.9044,194.2690,265.6173,118.7120
198.5391,196.0604,267.8596,116.1485
200.5207,195.7006,266.7815,113.9574
203.0887,195.8155,260.1682,112.5644
206.1573,194.5842,260.2410,112.8374
204.1708,194.3470,259.9738,117.2986
205.1783,195.0463,261.1057,114.1222
206.0640,194.4365,257.5001,115.1183
208.1970,195.5150,255.8183,115.6181
209.0950,194.2008,256.4499,115.2482
210.5562,193.8082,254.8718,117.2291
211.0226,194.5448,254.6546,115.7041
210.3346,194.7924,254.3459,116.1645
210.8541,196.5442,255.2367,115.1390
214.4916,194.9596,250.9631,115.0302
212.9436,196.0872,250.9811,117.3782
213.9778,195.4235,252.1478,117.9983
213.6122,193.9379,251.7941,123.3009
215.8630,193.4542,248.9889,125.2869
213.7432,193.4368,252.2854,124.1222
214.3244,192.7267,249.6934,129.3010
214.3282,189.8554,252.1365,129.9934
212.1853,191.3022,256.9519,131.3389
212.0433,189.5032,259.3349,129.2504
212.0848,191.1484,258.0116,131.8966
213.0432,187.8501,256.4619,128.2941
212.1535,190.8569,260.1677,130.4954
215.4734,189.3087,258.7077,130.3354
213.8234,188.5773,260.5387,132.3248
211.4647,188.4300,263.1363,130.3915
213.9972,187.1332,260.7957,133.6278
213.1949,188.2255,261.2484,133.1961
212.5451,188.7807,262.6164,130.1399
211.8150,186.3273,262.6149,133.3389
208.6558,187.7184,265.4395,137.7508
210.5314,186.3027,265.8590,133.7930
212.5640,185.3060,262.3445,140.3821
210.4382,185.5811,266.3311,136.3828
210.1635,186.4640,266.3316,136.3328
211.3258,185.1344,264.7230,137.9439
214.4699,184.9081,260.6220,137.5563
217.4803,184.7949,256.5728,137.6540
216.7633,183.4680,256.7203,140.0125
216.0491,184.2792,258.2084,139.2767
214.7790,184.7499,261.3053,136.7383
216.8922,181.9113,258.0887,139.4727
213.9197,182.3043,260.3652,138.2109
212.6651,184.4686,261.9267,133.9065
212.6902,183.5319,261.7655,134.3133
213.2140,185.2197,259.3621,133.5858
212.7999,184.3297,257.2650,132.8458
212.0776,183.9001,260.9267,136.9261
212.2050,184.1430,259.2404,134.9062
212.6447,184.0306,261.2312,141.4122
209.5226,185.3376,264.2221,138.4338
210.2089,183.1132,262.1433,142.3874
210.7186,186.2957,264.5035,141.4620
213.2200,185.2779,264.8987,142.5304
211.8304,184.8781,266.4490,142.8808
207.6775,184.7637,269.1861,140.6510
212.2528,185.4503,265.4463,138.1239
215.8791,184.0054,259.9753,135.3815
215.0054,181.4613,260.4294,137.0143
217.5570,181.4072,263.3264,135.3156
216.0141,178.4736,272.1838,138.7675
224.3484,173.9088,261.4514,145.5689
210.6307,177.0546,277.1577,143.2888
219.4034,174.8197,269.2032,146.5287
203.8902,181.2478,281.8971,144.1611
219.6495,176.7293,268.9202,139.5067
208.0505,185.3624,284.4397,138.9780
209.3106,184.6441,285.4906,138.1150
204.7732,185.6470,286.8799,134.6654
209.0161,182.7887,292.5332,132.5588
212.4391,177.1772,277.5557,144.4193
209.9150,164.4029,266.4150,149.9137
208.8081,166.1668,262.4272,156.4314
213.0815,155.2816,262.2099,166.1161
209.8677,163.8096,263.5973,163.2952
213.0785,155.2794,261.9608,164.7189
212.2721,163.1294,259.8665,169.3919
210.3512,153.8240,267.6708,165.0094
213.8838,160.3855,259.1777,165.5023
217.4019,152.1702,258.5502,167.7683
216.3126,162.1627,257.4702,163.2676
220.2543,156.6049,245.5657,164.0601
219.4150,156.4676,242.0458,166.7333
216.9449,158.5319,248.3743,167.8537
216.9231,154.3966,248.1567,170.8634
217.6235,154.7481,250.9412,178.7331
217.8848,153.8264,246.1869,168.2352
219.7768,156.3906,239.8880,173.1976
216.7517,155.8129,246.2270,169.0616
219.3703,155.5041,241.8716,171.6311
217.7606,158.0074,246.8157,169.2332
216.3958,155.4911,248.9203,171.2439
214.8640,153.1559,257.0825,169.7446
216.7940,154.3247,253.4043,174.9339
214.4111,152.9699,254.1567,172.1323
213.8504,154.4088,257.8433,172.9440
215.1509,154.0848,256.5140,170.3638
218.8097,153.2240,252.3246,173.6004
216.6624,154.6399,254.2153,171.7354
217.7042,151.3615,253.8817,177.7674
217.6045,154.8963,252.2250,169.8254
218.9129,155.6951,255.2786,171.2023
217.5993,152.4547,255.2442,175.3873
215.9286,153.8899,253.6408,172.0456
215.3359,155.3047,254.2384,172.0810
212.4910,151.5117,258.3078,174.5628
215.8152,154.4577,252.0195,173.5101
212.9423,154.8529,256.6628,174.5371
218.0609,152.3003,250.0190,176.4563
216.0220,153.6419,253.5047,174.4780
216.1302,154.9310,258.8675,173.2449
218.4185,154.8547,256.9892,165.5417
219.1838,153.2283,250.8994,179.7373
217.3657,153.3429,250.5907,176.1607
215.2152,154.4763,256.0218,176.6528
215.4187,153.2405,254.8941,174.9172
213.5921,155.8799,259.7630,172.1170
213.7511,155.8371,256.0337,172.7386
212.9340,154.7909,256.8167,175.7913
216.2356,154.2200,251.1773,170.9116
219.0957,154.3925,248.6817,175.3472
218.4898,154.6673,250.7801,173.5214
216.6879,152.6235,254.7208,176.9526
215.7103,154.3526,255.1418,174.1678
215.8323,152.0388,252.5724,180.9253
217.2182,152.4387,249.6231,173.8389
218.3599,155.1975,254.8063,174.9905
216.8470,155.1134,255.0038,171.3263
216.1292,154.2000,253.1331,174.7613
214.1003,154.6131,254.5386,176.1229
216.3433,154.6949,252.9006,172.9190
218.2529,154.4144,246.9627,180.4281
219.3387,153.0388,250.0247,171.4127
223.2033,154.5885,245.7388,179.9140
218.9003,153.7169,251.7542,171.6037
218.9338,153.9360,254.1456,177.3721
218.3022,155.4382,255.6761,175.4935
217.4689,155.0226,256.0240,174.6633
218.4688,154.1768,251.9466,177.2332
217.0140,154.8057,254.4007,177.5624
215.3349,156.3586,256.3248,168.0803
219.5063,152.1733,248.0495,179.0377
218.2846,153.3153,253.3607,177.4924
220.0835,154.0719,251.4056,172.4336
220.9624,153.5447,250.5337,179.7719
216.5739,156.3187,260.2603,168.9799
217.4587,154.1390,255.3591,179.6324
213.0555,156.4583,259.2971,169.6874
213.7928,153.0919,254.6315,180.7246
216.2327,156.0980,258.8653,169.6360
219.7431,159.6991,252.8188,169.4935
218.0930,169.2210,254.4290,155.4666
216.9280,172.0146,263.9695,147.1375
213.7509,174.9428,267.3127,144.1980
215.4362,174.6852,269.2542,142.1308
218.6616,177.1079,264.8712,144.9183
221.5918,176.4943,259.7396,143.0895
226.2749,176.6881,253.3881,142.4659
227.2620,179.2183,254.0213,139.6773
223.8188,178.5924,255.0592,146.2205
233.8781,176.8518,249.0829,141.5570
225.1885,181.2661,255.4413,136.4999
234.3935,178.7185,248.7918,138.8150
232.2857,182.3594,250.7929,134.6208
229.1916,185.0936,253.1795,133.6705
239.0041,189.8215,246.7308,127.4449
235.7991,197.0149,256.4784,115.9643
238.2122,196.2995,264.5439,113.3525
239.0266,196.8845,269.5452,110.8533
247.9983,192.8771,266.4924,114.6608
248.5434,191.6961,265.4489,119.3768
252.6011,190.9467,261.1441,114.4457
253.0489,192.7844,261.9912,109.9905
252.7606,191.4441,264.9963,110.2704
255.8552,193.5311,259.4874,109.5703
252.7060,194.2970,258.1169,112.7536
258.2947,174.0442,253.6637,134.5956
261.7288,183.4718,248.9479,127.3975
263.5256,197.5436,243.5730,121.0328
269.7873,199.3539,239.3296,118.8380
272.4109,199.3906,236.3991,116.6617
273.5027,199.0353,237.4976,114.4918
280.9323,198.9971,235.8986,112.6869
286.6773,200.4756,231.9030,112.4803
288.6196,199.7753,247.2400,114.9374
285.6101,197.4260,263.9024,115.9700
295.0806,190.0691,256.3573,116.0586
303.3350,181.0645,258.6400,117.0950
304.1423,184.0976,256.1788,115.7068
309.4955,181.6510,263.0916,117.3139
318.4574,183.5561,252.7781,115.2758
325.3777,182.4266,247.3345,118.2206
333.1021,180.5222,240.9834,118.5163
334.0547,181.4183,239.8542,116.7085
334.9693,180.1473,238.5240,115.1753
336.1234,182.2917,239.9615,114.7186
339.1655,183.6847,238.4568,112.3321
341.7052,179.1935,255.9729,118.9394
341.4850,180.0749,261.4093,117.6532
344.0983,174.6912,274.6054,124.5364
346.2234,171.4518,268.1494,130.9722
345.4828,172.2511,270.8247,132.7728
365.1623,166.5851,254.1253,144.2399
368.9845,171.3633,238.7010,143.2874
377.1257,163.2929,254.5656,161.2828
382.0560,161.2047,263.5291,185.2642
379.7376,162.8629,287.1239,185.8434
398.4445,161.2160,307.0336,210.3913
408.1908,154.2741,324.4672,230.4193
418.9221,156.1356,332.0194,242.2344
426.5089,156.8112,326.4240,255.2628
441.3329,166.3018,319.9679,259.5634
456.6033,155.8944,314.2299,260.2188
468.3606,159.7672,301.2826,265.8181
479.5078,163.3107,291.9280,264.6935
480.5603,158.6570,287.2015,266.5392
487.0528,161.0466,282.0067,270.7030
486.1837,165.7091,279.3218,253.7285
498.3251,159.6954,280.6127,259.4252
495.3216,164.7719,289.8570,262.4157
502.7445,164.6082,285.7501,260.3550
509.1261,165.8559,285.2148,277.5815
520.3713,164.9702,271.1043,264.3799
520.7393,163.1722,278.2357,261.1224
520.0380,163.7668,298.6394,263.2494
524.5717,163.5992,309.8857,257.2321
513.6584,166.2928,337.2955,257.5847
516.8124,165.4702,332.9078,259.1353
515.1919,163.8940,326.7675,254.6053
515.2405,166.7280,326.9406,254.7265
515.7039,166.3492,338.3636,252.1214
509.6884,167.8643,345.2565,247.9830
515.8719,162.5691,339.0657,256.6095
528.5587,160.4095,313.3860,264.7079
516.4575,162.1045,334.9136,251.9017
508.5656,162.3006,353.0598,252.5264
502.6516,160.4473,362.4676,255.0739
511.4745,161.3908,358.3839,259.2982
509.8792,159.5892,358.4652,263.7581
504.8228,160.3111,356.8065,265.2829
518.6001,163.1990,316.5490,261.8800
527.7314,165.5434,312.0438,244.1949
528.5920,164.7265,295.0819,260.7276
538.2967,165.6355,321.3192,246.2239
548.2331,166.3295,309.5829,252.8117
548.6564,165.4626,315.0680,244.0717
551.5070,166.2433,307.6965,259.4737
551.4585,166.8591,301.8923,249.2289
551.5397,167.0503,299.9108,243.2135
565.4036,164.6733,321.6905,242.4832
532.0500,164.8030,299.8747,250.5145
548.7928,166.9748,300.5799,247.4357
540.3664,164.8201,299.1497,252.0895
534.3597,165.4916,291.0891,244.4509
552.4286,161.3186,316.0141,233.0392
589.8481,168.2410,296.1876,221.1522
614.2444,179.2794,271.8398,215.9267
640.8881,190.4007,278.3428,200.9527
675.5231,189.2666,235.0360,188.6805
