1
45.8086,597.0734,77.6857,66.8046
64.9471,593.8519,70.6335,77.1052
73.2396,598.4416,84.2132,68.5298
109.7836,589.6793,89.4176,67.4259
132.7662,589.6735,102.5719,59.4696
152.5444,586.8240,100.0262,62.2534
164.5717,588.5855,95.4553,63.4699
195.1813,579.0877,91.2541,62.8538
236.9594,580.7538,82.6894,65.7793
267.3199,584.4495,72.6704,64.1913
310.3229,584.7811,75.2647,62.5598
353.0400,582.8393,75.0866,64.0917
374.9833,581.8652,86.2540,62.8713
409.0898,589.5441,95.7565,58.9799
450.3586,583.1082,89.4006,60.9021
479.5094,586.0475,86.7476,62.7761
496.6086,584.3910,79.8027,63.3161
536.4809,585.4631,79.7790,62.6493
561.1411,582.4313,78.9266,62.9546
580.2328,585.3259,86.0243,59.7054
586.6500,585.8681,90.2683,60.0459
606.4797,580.4467,80.5992,68.1216
615.7634,577.8116,76.2585,71.1505
630.6603,566.7554,88.6040,72.8484
621.5560,562.7841,83.8163,90.2143
651.9367,540.3676,84.1111,110.4908
673.0680,501.7793,82.7507,130.3701
631.8803,517.5633,92.1557,112.5495
665.6592,538.9181,92.7555,123.4139
717.2319,447.8882,82.5217,149.6585
710.1216,439.6332,79.2694,136.4909
696.4784,437.0956,88.8085,104.0563
727.6643,401.6900,80.1829,116.7736
730.1035,385.7596,84.1867,96.4775
734.2759,383.3722,82.3502,75.4497
740.2377,377.5044,63.0596,62.0485
712.8093,377.7165,55.6005,56.5046
701.2749,381.0199,57.7004,52.2197
696.4700,377.7364,54.0543,54.7854
697.2358,374.1998,53.3507,53.3436
692.6403,374.1707,53.5972,50.6590
689.9969,372.2792,53.3579,52.5898
686.6245,370.1258,56.4460,52.4735
682.4233,369.6524,61.9718,48.9432
674.5937,368.6898,70.0972,49.6600
673.2759,368.0215,72.5272,49.6986
673.3717,366.9549,72.0657,49.4613
671.0130,366.9946,72.3592,48.5806
672.6924,368.0626,72.1637,48.7017
682.1116,366.8330,75.3389,47.8275
695.8854,368.9242,72.9162,47.1082
707.7476,367.0547,69.7647,47.0975
717.1965,366.3310,73.7795,43.8743
732.8727,365.7992,72.2693,48.4031
740.1890,362.5799,73.3239,46.8471
747.1461,360.5465,81.8459,50.7534
750.5217,361.3889,78.4746,48.5160
751.1603,364.1563,81.1411,46.7004
758.6918,363.3971,80.4260,46.4022
759.2466,362.6750,80.5457,48.9615
756.4390,363.0896,82.9391,48.2549
752.3730,361.1207,87.0660,48.9409
751.8715,361.6278,88.9803,48.9191
750.1295,360.6686,90.8586,49.6236
755.2484,361.0922,86.8008,51.8823
758.8111,360.0903,86.6717,51.6521
754.9769,360.6675,89.7257,50.9362
755.8839,360.5271,89.7644,50.9809
747.3685,359.5841,90.0644,51.7002
736.8284,361.2937,86.8232,49.7311
723.7878,362.6583,85.7533,50.6796
705.5027,362.2109,89.0180,50.1285
680.8672,362.5135,78.6624,49.7625
666.1755,361.0737,78.5654,50.5264
640.3472,361.5316,75.2478,49.3702
616.7216,363.0810,76.1888,50.8168
594.6292,356.7323,72.3751,56.1631
585.0279,336.7874,73.6871,72.9144
569.0651,329.0678,84.3943,83.8102
525.1819,343.4112,85.6511,72.9391
474.5913,354.6815,85.3309,62.5247
443.0566,351.4045,72.8791,73.6904
412.2334,346.2961,75.8270,74.1065
2
0
0
0
0
1
519.9610,355.2719,114.7652,47.9562
551.8653,358.6768,126.4204,44.2462
604.6599,361.4015,119.8350,40.2948
642.6725,355.2475,115.6857,50.2057
657.2429,328.8008,112.6699,80.9597
647.3461,313.1573,110.5419,97.9661
684.8527,348.4437,133.9839,51.6949
747.8667,349.8082,123.2978,55.4658
783.1611,352.7923,115.4827,51.1318
798.1752,336.1423,99.8848,74.8438
782.0552,329.0247,129.5863,76.2880
799.8657,328.1646,129.8373,81.6865
810.4709,314.9844,114.5914,91.8851
780.3417,310.9218,122.3896,89.5076
722.3748,338.2653,125.4159,73.8403
2
0
0
0
0
1
785.8961,226.5479,87.6816,39.8043
786.9510,225.2205,83.6181,40.9731
787.7978,222.9130,92.5194,41.5275
794.8772,221.5710,95.1876,42.5469
808.4004,222.7091,98.8080,41.0065
829.3759,221.6326,100.3027,39.4827
855.8276,220.6064,87.7287,39.0626
886.6888,208.1196,82.1256,52.9766
889.8311,193.8684,81.2997,65.6679
2
0
0
0
0
1
933.1526,117.6314,49.5276,80.7582
930.4985,116.6554,55.1466,75.3004
930.8788,110.8281,51.8185,58.6566
933.1157,114.2239,47.3174,49.2958
904.9318,113.8001,59.6133,36.7596
877.0560,115.2242,69.5099,36.2296
859.4723,117.6878,79.6949,34.9959
850.7476,116.9551,79.8594,34.2149
830.1147,119.3089,92.3918,33.0973
824.5497,117.1035,83.7985,33.8144
822.4294,116.9402,83.8240,31.9188
814.4641,118.4579,79.2734,30.5864
811.4761,115.7432,63.5043,32.0419
793.6840,118.0520,58.0431,31.6352
781.6321,120.1154,53.2819,29.3829
765.0555,117.7121,56.0380,28.9151
757.7902,119.9437,47.6026,28.5812
744.6332,120.5365,46.3582,28.6955
724.0084,120.5341,50.1082,27.5198
735.2403,120.9645,37.6705,28.3801
743.3015,125.6837,32.0006,24.2146
741.4576,124.1093,29.4827,23.3695
736.7974,127.9309,30.5642,19.9616
734.6432,124.2179,27.2331,22.8749
732.7409,123.4614,27.5484,22.5142
723.9237,122.8668,26.2556,22.5288
719.7852,125.6759,26.5742,20.6947
711.0143,126.6230,30.7114,19.2504
695.7924,124.4727,26.1352,22.4691
680.4260,122.5088,26.1024,23.4522
655.9695,124.6740,29.2993,21.8577
642.6389,123.6907,30.6733,21.9170
631.6669,122.8433,32.2594,23.2182
629.1685,123.5043,34.1248,23.1587
