1
189.1925,27.3076,80.7475,76.6210
187.8469,27.9966,82.1004,77.4543
188.3331,28.5909,82.8077,76.3239
186.9246,28.1817,83.2848,77.4570
186.7384,28.8244,83.2135,76.7897
186.0768,28.6780,83.6346,75.6151
186.3560,28.8188,81.8875,76.7895
185.3513,29.0323,82.1746,74.8254
184.6604,29.8655,82.3660,74.4060
183.7764,29.9536,83.4614,74.4748
183.9577,31.2000,83.2352,72.2949
180.9503,32.9619,85.8277,72.3689
178.4610,34.6239,87.8543,70.9993
177.5474,32.3070,88.1826,74.5577
178.1164,33.1182,85.0055,77.4528
175.9281,36.1691,87.8541,72.7494
177.5604,36.0521,83.4541,74.4006
175.4315,36.4906,83.0251,73.5861
177.2736,36.4198,82.8551,73.7618
178.5566,36.8028,78.5413,77.0492
178.3984,42.1049,76.9867,72.3842
177.4014,43.9974,76.3736,72.6010
179.5536,45.7622,74.4748,72.1808
178.1159,47.4691,75.7566,72.5011
178.7815,46.0694,73.2921,74.3379
178.6232,47.6156,74.1910,72.9347
180.0509,47.8064,73.0844,74.9787
181.2065,47.9377,71.4881,74.8063
184.0255,48.6647,70.2321,73.6029
184.5024,48.6779,71.4880,71.7315
187.0963,48.6200,67.9112,73.6333
184.5535,49.2175,72.2904,73.7665
185.5651,47.9513,71.0728,70.7316
187.5132,48.1137,70.9617,70.4672
190.9576,47.1620,68.7249,77.3379
192.7402,44.8072,65.9571,74.5125
194.2171,44.8898,66.1710,80.3992
194.4311,42.2536,64.6354,79.1345
191.9221,43.9929,69.4429,74.2357
190.6224,39.4315,72.2078,77.2193
192.6066,36.1630,67.8406,82.6744
193.6200,39.7080,69.8819,80.2553
195.2682,39.5085,71.8307,80.2067
194.4316,40.3343,72.1097,79.7496
199.1989,37.9745,67.3463,78.4422
198.2902,41.9599,68.9138,78.7612
198.6718,39.0344,67.2095,77.5972
197.4220,38.4064,68.0466,79.0935
195.1508,36.0872,70.6318,77.8974
194.0521,33.4147,70.3032,80.5972
192.7879,30.5327,68.8157,86.4602
195.3052,31.9867,70.2746,86.3235
193.2704,29.5978,65.9767,89.1260
191.5285,28.4393,62.9927,84.4358
192.2198,28.3346,62.1266,87.5728
189.0069,28.2883,67.0916,84.2651
188.5929,30.2177,64.8371,81.6582
189.2638,29.2711,60.4553,84.4959
189.2607,27.9900,60.8937,85.7064
188.5340,30.9043,63.1867,83.8726
187.7711,38.9387,64.9092,86.2348
189.0255,39.3872,63.8004,88.4259
186.8781,40.7271,64.4203,90.8763
184.5127,41.9706,64.0390,88.6012
181.6163,39.0084,63.7155,94.5504
178.5083,40.0554,64.6907,101.3814
175.1253,39.7796,65.1505,100.6708
168.9425,42.2247,68.2987,96.5173
166.3993,42.6338,67.6230,102.3036
161.6656,41.1376,69.7989,103.4235
155.4766,39.6839,72.1793,100.4598
152.9051,44.6039,76.0844,95.9563
149.2930,47.2144,75.8465,91.7584
146.5013,46.4509,77.3655,89.4366
144.1630,47.6010,75.7716,91.8855
144.0517,44.7704,70.1744,97.1721
146.1803,47.3298,71.8766,94.1597
144.3238,47.1238,70.1676,88.9741
132.8076,57.8910,81.4375,82.6995
128.6968,56.5329,86.6444,82.2535
125.2865,59.2036,83.3829,85.9780
121.5016,60.8142,87.6367,83.2559
117.4175,61.1160,85.9479,85.4064
110.5015,66.2763,94.2071,84.2417
107.1819,67.9465,91.2063,91.3822
107.6261,68.5148,90.5728,91.3610
103.5868,69.8345,91.9030,93.9476
100.7337,68.5712,86.4619,100.2457
96.3570,73.2629,91.9380,87.5141
94.6442,71.0584,86.2461,93.6801
97.9123,68.8815,83.2651,94.6314
88.8462,79.0165,92.7806,84.0457
80.3794,83.0971,99.1771,87.2972
72.8079,89.1522,105.2987,83.0217
73.5787,95.7231,107.2885,82.8412
74.4169,96.7280,108.4265,81.5816
72.2992,99.5557,111.7274,91.2578
68.6868,103.3611,111.4795,84.0996
70.4909,104.9178,110.0856,81.3560
69.8148,107.3111,110.4176,84.4816
71.1638,110.0481,110.5594,79.7952
71.7193,110.4229,108.6038,81.8949
75.1637,110.2721,104.1790,80.3226
76.7101,113.1671,104.9990,82.7544
82.7584,115.7748,103.4403,79.3208
84.2195,118.2950,106.4027,75.4425
89.2102,116.3661,99.4837,82.0029
97.4162,117.4224,95.9467,80.4162
121.4143,109.3815,88.7128,81.9816
100.2486,116.5059,100.0600,83.8663
106.3424,110.6341,92.7797,86.9139
107.2461,106.9744,92.5471,88.6588
115.4718,103.7439,84.5733,91.4508
120.9628,97.3971,80.7079,91.4398
124.0732,98.0367,75.1743,91.1700
130.1746,97.0834,74.6530,89.3628
135.1051,100.4193,73.6448,85.0804
143.7902,93.0629,71.9208,77.8927
178.7335,58.7775,55.6974,73.5236
162.9220,69.4323,65.5506,66.7500
169.2360,64.2940,60.1132,80.4486
169.0755,69.7225,60.4972,92.1543
165.7970,70.0950,66.3360,91.3038
172.5429,63.6717,60.6460,91.4738
177.5365,50.1144,58.3089,102.7229
179.8001,38.8555,59.7015,106.0091
184.0577,23.7815,56.3122,114.9459
184.0465,27.6595,60.0756,103.3043
186.0503,37.8668,62.4100,91.0984
187.2020,35.2210,63.5504,107.0886
184.6324,30.9907,66.1247,107.9375
190.6218,30.8123,65.1801,108.7901
195.5720,25.7321,58.5222,121.3050
198.9853,23.8475,55.2196,123.9480
209.5421,36.2345,53.2337,116.8743
208.5050,39.0976,52.1966,116.8677
201.8759,40.8531,55.0303,112.1809
208.0338,49.1061,54.7182,107.1087
205.8564,54.2159,58.9157,95.4117
202.3523,45.9321,50.3521,104.7969
198.1172,35.4575,48.8424,104.5789
196.0482,36.9670,49.4757,91.7830
199.1921,27.2860,42.8902,99.5478
191.0323,31.5129,55.3497,76.5665
2
0
0
0
0
1
227.3730,87.1531,38.8412,97.6364
223.7858,91.5618,41.8960,92.7500
216.8547,95.0448,50.0289,82.1511
215.3403,86.2868,45.0403,94.7493
217.7352,83.5754,41.7881,102.9345
212.4373,89.1725,44.9132,96.2752
211.3201,93.9515,43.7072,92.8780
209.0524,103.4631,48.3366,86.9964
210.2334,119.9669,47.3948,69.0614
211.4364,114.0858,45.3345,73.5830
211.9026,111.4809,46.7008,74.9075
213.0983,105.3863,44.7662,85.0210
211.6443,121.0485,45.2770,73.4005
212.4934,117.0365,43.2869,73.4500
214.4224,112.7500,40.2890,78.4566
212.0631,122.2540,43.2597,69.9233
212.6381,121.9184,42.3048,72.9933
214.1453,117.6290,39.9576,77.6274
213.3745,110.7091,42.3455,76.6309
213.4165,118.1004,43.9303,70.8530
216.0489,127.3620,39.7498,66.7497
213.0685,130.1645,43.0902,65.4001
210.5794,122.5211,43.3012,70.7856
208.6633,125.9721,46.6564,62.5922
210.7329,116.2257,41.9850,72.2125
211.5952,100.5403,40.5939,76.5457
208.0704,103.0374,43.5046,66.5886
210.3321,94.3247,40.7575,74.3321
207.5853,93.0425,38.8155,83.6251
204.3730,94.6626,40.1215,80.6418
201.6320,96.8345,41.5580,77.0081
200.9806,93.7585,34.9056,84.0772
192.6947,95.6380,41.3878,80.6937
186.7078,97.7792,46.4435,80.0948
184.4589,96.5530,47.2958,81.7058
181.4640,95.7929,49.8327,80.8830
182.7033,92.7339,44.3953,85.7922
175.7782,94.2584,47.0318,89.4594
175.5878,92.5940,46.6471,93.1057
171.7417,88.8060,48.1598,88.6761
173.4517,88.1263,48.0433,87.1124
166.4672,79.1762,55.8642,90.9136
159.6524,74.5136,57.9870,88.7140
161.0930,70.1212,48.3173,89.6262
167.8919,68.8585,48.8967,93.5064
193.1443,80.7904,40.4473,86.0234
201.2234,79.6584,35.1013,75.5622
2
0
0
0
0
1
92.9602,58.3445,82.0396,111.0346
92.4187,57.3218,81.8545,109.2198
89.7058,55.2173,82.8118,108.7715
89.8094,50.7485,83.0906,109.7124
88.4607,46.6468,82.6562,112.0328
86.8676,42.0305,82.9358,115.4904
84.1176,40.5211,85.3526,117.2081
82.3924,38.2853,85.1833,119.2692
82.3866,36.5459,84.6433,119.7494
81.2361,35.4658,86.7343,118.4529
77.3692,34.7400,92.8288,117.1923
70.5987,36.1157,97.6633,117.2861
62.3034,37.4830,103.0972,117.0990
53.6878,37.6998,108.2555,113.7933
47.5235,36.7077,116.3189,107.5058
44.3863,39.5224,120.1346,99.8848
39.2068,41.9114,125.5615,97.2496
40.7039,45.3608,125.7642,95.7563
38.9665,47.0426,127.9302,95.8305
45.8391,49.4918,119.2800,96.2711
43.2032,48.9097,121.4408,95.4441
47.7944,50.7072,114.8068,98.9503
47.0771,52.0815,115.0505,97.3031
50.7187,52.8872,111.0232,99.1242
57.0448,55.5684,106.5704,103.3436
57.4733,53.5024,106.6046,106.5861
57.0135,57.5873,108.1898,103.5145
57.0388,57.3521,107.3042,102.5524
62.7136,60.7800,104.1483,101.3625
63.0537,59.7858,104.1439,98.8178
72.5662,62.1343,95.9087,97.0148
75.7810,63.8345,95.4857,95.5298
74.9813,63.3985,98.2392,95.1357
79.9126,66.1561,95.3953,92.6724
78.5584,64.9515,96.5500,93.9592
86.3548,61.7420,88.5527,99.4052
86.8260,66.1451,88.4536,93.4926
86.7603,64.5810,87.3150,97.4891
89.7555,67.2053,84.9370,96.3622
91.0093,70.0475,84.7466,93.7866
93.3521,67.0346,80.5979,97.3538
95.5651,64.1784,82.3318,101.6161
95.7038,70.5239,84.0775,95.7494
95.9030,63.6234,81.4659,103.8574
96.1908,64.6023,84.0903,103.9707
94.3091,66.0565,85.4918,103.1747
94.8937,67.9174,87.9950,102.4330
95.5880,68.6132,91.5090,102.8205
97.0955,67.8274,93.6431,104.2489
95.8948,69.5718,101.6680,102.9463
99.4970,67.0096,100.7414,103.6213
98.0233,62.5143,99.3868,103.7470
99.5048,57.7057,84.3695,108.4526
102.1272,57.8012,81.9605,108.6091
102.2143,56.5482,79.5701,108.1749
100.9383,53.4192,77.4740,110.4835
99.1593,54.8188,82.8688,108.6226
100.5177,54.1927,81.0576,106.3603
101.1640,55.4094,80.2965,106.3740
102.2947,54.0109,81.3548,104.6582
105.8325,53.2080,82.0918,105.8486
100.5364,51.3988,81.7683,105.2408
96.5731,49.5830,81.9831,104.4762
110.7871,68.5544,84.7831,86.5033
120.0159,65.6545,80.2625,88.3086
129.0923,70.6309,80.9234,92.3672
131.8726,65.2129,82.5263,100.0881
121.4226,51.2784,79.3827,109.8209
129.8204,50.5311,77.2619,112.9367
124.4308,50.5459,79.1585,111.1471
157.5858,99.2898,88.8632,74.0457
142.7639,80.1595,79.0676,94.2460
117.6680,50.5806,73.7331,109.4306
125.6434,52.5070,77.7651,102.4115
2
0
0
0
0
1
232.0339,128.5867,74.8350,58.6877
230.0280,125.8048,81.0489,55.7006
231.8635,117.1642,77.6631,61.6626
229.5506,108.8065,79.2574,64.1442
227.6662,99.5576,85.3910,68.2319
227.7717,89.4593,85.3089,70.0091
229.2177,82.4279,81.3635,71.9142
226.7617,71.2561,83.2713,78.4344
225.9196,61.7863,80.7494,75.1436
219.1006,58.6388,84.5586,80.1095
209.8366,57.6868,85.6996,84.2748
205.7555,56.8241,82.7518,84.3010
202.7265,51.6055,77.4313,82.9192
199.7178,49.6210,79.1289,78.1325
193.8125,50.6228,80.6676,77.5870
189.1814,48.3489,81.5505,81.6775
179.4177,43.5745,86.8629,84.3735
180.1885,45.7323,83.8586,87.9507
176.3332,42.4207,85.4055,88.0234
176.2895,43.3624,82.6866,84.2733
176.3437,47.5205,79.9139,86.7971
173.2354,44.1060,75.8668,85.0769
167.4284,43.3270,77.1753,82.1349
165.2669,53.5468,78.1614,76.8048
164.0613,46.5040,73.9508,90.4752
188.4957,62.9987,73.8018,73.6512
2
0
0
0
0
1
125.1787,44.1767,75.3361,102.0044
122.4484,43.8695,75.2589,106.3294
120.9872,45.0790,77.1937,101.0370
116.2511,44.1169,79.4054,102.2955
116.9641,42.1127,79.5753,103.6522
113.1869,43.9492,81.4312,103.6684
108.8732,42.4607,84.3636,101.4100
105.9045,45.5545,84.6983,99.1930
109.6974,43.3642,80.2702,104.0082
107.4374,44.5542,82.4299,100.5965
