0.349859
0.050571
0.024751
0.024281
0.024050
0.025969
0.027079
0.029097
0.024617
0.025058
0.025005
0.024723
0.024798
0.024547
0.024247
0.024249
0.024410
0.023840
0.024539
0.025901
0.023915
0.023727
0.023461
0.023395
0.023546
0.023630
0.025747
0.025401
0.025021
0.025066
0.024883
0.024795
0.024919
0.024966
0.024852
0.024775
0.024795
0.024419
0.024906
0.024813
0.024717
0.025047
0.024610
0.024748
0.024917
0.024496
0.024104
0.024886
0.024149
0.024212
0.024467
0.024140
0.023973
0.024473
0.024311
0.023894
0.024677
0.024064
0.023938
0.024508
0.024033
0.024063
0.025083
0.024223
0.024502
0.025612
0.024280
0.023651
0.023601
0.023071
0.035163
0.028634
0.024581
0.024632
0.025189
0.027839
0.024451
0.024578
0.023993
0.024811
0.024041
0.023877
0.028421
0.024153
0.024194
0.024728
0.030936
0.024987
0.025168
0.024067
0.024350
0.024093
0.024033
0.025174
0.024766
0.024582
0.025394
0.025919
0.025443
0.025223
0.024679
0.025516
0.024348
0.024521
0.028673
0.025479
0.024741
0.024838
0.024592
0.025000
0.024714
0.025296
0.026556
0.024736
0.023996
0.024365
0.024907
0.024220
0.023700
0.026441
0.024047
0.024118
0.024513
0.024255
0.023692
0.023944
0.024294
0.024554
0.024305
0.024329
0.023583
0.031552
0.024705
0.024598
0.026534
0.024810
0.025040
0.024890
0.023735
0.024464
0.024375
0.025739
0.024236
0.024539
0.024563
0.024515
0.024410
0.024436
0.023594
0.024314
0.024470
0.023618
0.024256
0.024577
0.023849
0.024470
0.025663
0.023866
0.024411
0.023949
0.023661
0.024375
0.024031
0.024171
0.024360
0.024246
0.024311
0.024734
0.024734
0.024952
0.024727
0.027768
0.024886
0.025223
0.024728
0.024419
0.024605
0.024861
0.024850
0.024855
0.024807
0.024422
0.024417
0.024555
0.024217
0.023908
0.031327
0.024080
0.023622
0.023382
0.023137
0.023412
0.024162
0.025138
0.024248
0.024133
0.025506
0.023294
0.023163
0.023176
0.022977
0.024274
0.025191
0.029542
0.023783
0.034124
0.023795
0.039347
0.024684
0.024970
0.024724
0.024501
0.025250
0.024324
0.026144
0.024366
0.025833
0.024437
0.023613
0.025175
0.024253
0.024433
0.024454
0.027381
0.024476
0.024080
0.023748
0.024424
0.024238
0.023746
0.024300
0.024637
0.023696
0.023727
0.025180
0.025007
0.024369
0.023246
0.025707
0.024651
0.024665
0.025335
0.024663
0.024764
0.024261
0.024358
0.024972
0.024267
0.024534
0.025034
0.024411
0.024652
0.024731
0.025532
0.025506
0.025108
0.024191
0.024096
0.026089
0.025304
0.025875
0.024674
0.023943
0.024207
0.024433
0.024425
0.023966
0.023685
0.024876
0.025130
0.024272
0.024034
0.023949
0.025590
0.024863
0.024520
0.024706
0.024798
0.024629
0.024912
0.024861
0.024473
0.024952
0.024779
0.024309
0.024367
0.024641
0.023720
0.023873
0.024024
0.025089
0.023433
0.023494
0.025325
0.024125
0.024678
0.024509
0.024664
0.023979
0.024311
0.024492
0.024662
0.023674
0.023371
0.023207
0.023345
0.023574
0.023122
0.025880
0.026120
0.024366
0.024786
0.025604
0.024854
0.023885
0.026304
0.025970
0.024772
0.025299
0.024812
0.023834
0.033942
0.024671
0.024646
0.026857
0.025599
0.024927
0.026000
0.024783
0.023481
0.023380
0.039308
0.025784
0.025563
0.025435
0.026236
0.025243
0.025552
0.025541
0.025431
0.026570
0.025666
0.025188
0.024581
0.024526
0.025359
0.024707
0.025028
0.025259
0.024413
0.024893
0.025129
0.024345
0.024501
0.025711
0.025580
0.023595
0.026113
0.024397
0.024463
0.024246
0.024100
0.024388
0.024299
0.023857
0.024495
0.024102
0.024025
0.023658
0.024894
0.025446
0.024387
0.024116
0.024376
0.024777
0.025518
0.025525
0.024038
0.024024
0.023590
0.025946
0.024936
0.024930
0.024706
0.024744
0.024524
0.024607
0.024875
0.024541
0.024748
0.024295
0.024016
0.024987
0.024462
0.024302
0.025118
0.024381
0.024626
0.025155
0.024420
0.024395
0.025010
0.024369
0.024284
0.024674
0.024177
0.024149
0.024580
0.024191
0.024949
0.024808
0.024647
0.025127
0.025112
0.024490
0.024564
0.025264
0.025037
0.023479
0.024367
0.024656
0.024296
0.024820
0.025064
0.024203
0.023758
0.023567
0.023674
0.023852
0.023274
0.023074
0.022970
0.026549
0.024235
0.023356
0.024708
0.024024
0.023894
0.024627
0.024008
0.024057
0.024263
0.024480
0.024569
0.025916
0.024302
0.025723
0.025334
0.025689
0.024632
0.024802
0.024673
0.024663
0.024807
0.024881
0.024621
0.024704
0.025114
0.024446
0.024742
0.024943
0.024605
0.024278
0.023882
0.024234
0.024359
0.024096
0.024029
0.024724
0.024172
0.024245
0.024458
0.024264
0.023920
0.024046
0.024402
0.024164
0.024956
0.024377
0.024394
0.025481
0.026645
0.024484
0.024018
0.026057
0.025024
0.025303
0.024886
0.024999
0.025325
0.024929
0.024643
0.024807
0.024314
0.024735
0.026022
0.026779
0.025785
0.024780
0.024060
0.032233
0.024591
0.023876
0.024114
0.024290
0.023960
0.024865
0.024410
0.023659
0.024568
0.025733
0.025505
0.024681
0.024502
0.027984
0.026313
0.025035
0.025876
0.025079
0.024931
0.024961
0.026073
0.024208
0.024276
0.024613
0.024164
0.024640
0.024761
0.024246
0.024508
0.024111
0.023825
0.024347
0.024594
0.024212
0.024334
0.024266
0.023741
0.024405
0.024528
0.023927
0.024248
0.024443
0.023887
0.024370
0.023906
0.023670
0.023629
0.024902
0.025828
0.024346
0.024700
0.024659
0.024894
0.024440
0.023965
0.024445
0.025996
0.025761
0.024939
0.024331
0.024014
0.024843
0.024677
0.024218
0.025016
0.024735
0.023770
0.024470
0.024349
0.023869
0.024606
0.024499
0.023961
0.024503
0.024126
0.023914
0.024653
0.024034
0.024013
0.023668
0.024377
0.024637
0.024817
0.025057
0.024690
0.024719
0.024624
0.024811
0.024890
0.025037
0.024673
0.024321
0.026250
0.026493
0.025512
0.025106
0.024614
0.024484
0.024700
0.025609
0.025157
0.024488
0.023638
0.023686
0.024199
0.025134
0.025179
0.024385
0.024234
0.024639
0.025224
0.024305
0.024103
0.024278
0.024164
0.024109
0.024679
0.024504
0.025171
0.025194
0.024779
0.025356
0.025175
0.024663
0.024989
0.024519
0.024496
0.024392
0.024413
0.025275
0.024616
0.024505
0.024601
0.024429
0.024231
0.024469
0.024181
0.023769
0.022837
0.025130
0.024137
0.025743
0.024726
0.023834
0.036790
0.024776
0.024101
0.024436
0.024611
0.024663
0.024554
0.025024
0.025041
0.024505
0.024728
0.025004
0.025111
0.025077
0.025684
0.025300
0.024315
0.025176
0.024836
0.024806
0.025041
0.024603
0.024301
0.024848
0.024045
0.024072
0.024841
0.024095
0.024394
0.025622
0.023997
0.026048
0.024366
0.023877
0.024379
0.024337
0.023844
0.024370
0.024480
0.023988
0.024137
0.024431
0.024567
0.024853
0.024881
0.024693
0.024746
0.025065
0.024899
0.024657
0.025005
0.024841
0.024849
0.025006
0.024648
0.024335
0.024817
0.024352
0.024199
0.025009
0.024108
0.023865
0.024452
0.024452
0.023981
0.024708
0.023673
0.023693
0.024458
0.024234
0.023909
0.023559
0.023642
0.023810
0.024361
0.023929
0.023633
0.024906
0.024781
0.026175
