0.019679
0.103749
0.102639
0.066536
0.068139
0.121801
0.120817
0.121377
0.105923
0.095118
0.106300
0.108611
0.052096
0.109696
0.122038
0.122964
0.120716
0.063536
0.110953
0.102898
0.108146
0.040088
0.118149
0.120991
0.120640
0.121062
0.058045
0.111096
0.099067
0.108290
0.040255
0.121223
0.121081
0.120780
0.120975
0.052300
0.110678
0.101650
0.104213
0.039333
0.112237
0.122522
0.120801
0.120993
0.065171
0.115449
0.100044
0.104615
0.038985
0.117198
0.122422
0.120492
0.122139
0.063253
0.107927
0.103669
0.105272
0.039607
0.121214
0.121724
0.120244
0.122162
0.041247
0.085398
0.100178
0.102480
0.068955
0.079680
0.121560
0.120888
0.120315
0.095980
0.099149
0.105265
0.107345
0.049579
0.115104
0.118682
0.121522
0.118259
0.066011
0.095865
0.089050
0.089736
0.063615
0.105686
0.105565
0.105716
0.081455
0.053849
0.092004
0.093379
0.075898
0.088532
0.108457
0.109242
0.108516
0.066304
0.094102
0.097023
0.104091
0.042123
0.101611
0.121360
0.120795
0.121728
0.077418
0.113186
0.099844
0.104799
0.039592
0.113627
0.121706
0.120984
0.121475
0.065321
0.101407
0.100406
0.107001
0.048264
0.094228
0.121232
0.122568
0.120940
0.082959
0.099989
0.107239
0.104264
0.053993
0.070697
0.122466
0.118174
0.121680
0.106790
0.081820
0.103995
0.098458
0.077418
0.078752
0.120878
0.120394
0.121250
