0.020514
0.102830
0.095899
0.107805
0.108753
0.051084
0.079123
0.121142
0.122008
0.121469
0.098047
0.104504
0.102027
0.111867
0.045270
0.092714
0.121466
0.122342
0.120867
0.088339
0.102661
0.106320
0.102693
0.048530
0.082200
0.120382
0.122710
0.119370
0.100188
0.097888
0.106357
0.111248
0.050006
0.111834
0.120140
0.123605
0.121567
0.069020
0.112321
0.103000
0.109275
0.037938
0.114193
0.122446
0.122267
0.120696
0.064659
0.112916
0.099492
0.107371
0.039589
0.113172
0.123338
0.122378
0.122195
0.066531
0.110102
0.100290
0.106227
0.043395
0.111434
0.122391
0.121716
0.122031
0.068226
0.113768
0.100999
0.108390
0.041923
0.113984
0.119966
0.122786
0.121951
0.063059
0.111409
0.099989
0.110788
0.039865
0.108989
0.120245
0.122080
0.120245
0.073223
0.113597
0.100840
0.105911
0.038891
0.084985
0.122207
0.121141
0.122129
0.094492
0.104579
0.105540
0.103596
0.049098
0.102595
0.122296
0.119401
