0.019583
0.105530
0.040577
0.114802
0.122051
0.121551
0.120465
0.061735
0.109905
0.100428
0.110526
0.038952
0.109118
0.119767
0.119512
0.119803
0.077346
0.111014
0.102383
0.106348
0.042652
0.110237
0.121535
0.122264
0.121636
0.069437
0.122756
0.103213
0.106516
0.037709
0.119651
0.120055
0.119970
0.120657
0.066700
0.105657
0.101429
0.106296
0.044480
0.117538
0.119775
0.119647
0.123291
0.061816
0.111183
0.100229
0.105084
0.042070
0.094428
0.120083
0.122342
0.120203
0.088716
0.100888
0.105860
0.109788
0.051607
0.109653
0.122161
0.121405
0.121706
0.069246
0.114112
0.097896
0.108500
0.040745
0.094368
0.122705
0.121796
0.122310
0.084307
0.102557
0.101930
0.105926
0.048262
0.075022
0.122716
0.122149
0.122066
0.102591
0.092144
0.103848
0.102532
0.063350
0.064965
0.122287
0.119512
0.119155
0.113073
0.078470
0.099359
0.101220
0.084877
0.046839
0.121550
0.120319
0.118259
0.120634
0.053482
0.109260
0.100461
0.109223
0.038546
0.111448
0.121269
0.118642
0.119590
0.073929
0.114770
0.101237
0.105836
0.043063
0.095666
0.122488
0.123792
0.120838
0.081169
0.101885
0.101753
0.104572
0.051293
0.078559
0.119884
0.120137
0.122833
0.103703
0.096119
0.105783
0.104405
0.058068
0.078811
0.122680
0.122749
0.119912
0.105644
0.101422
0.105695
0.109920
0.050865
0.076765
0.122388
0.122134
0.122259
0.099555
0.094842
0.109460
0.102989
0.057526
0.096922
0.120391
0.119746
0.118850
0.088092
0.102327
0.103299
0.104185
0.055366
0.104547
0.121869
0.120624
0.120855
0.076511
0.111131
0.100812
0.111239
0.042063
0.103331
0.122355
0.120400
0.122307
0.077064
0.116294
0.105358
0.106107
0.038415
0.113957
0.122553
0.122957
0.121432
0.067809
0.110032
0.100817
0.109103
0.044427
0.109494
0.122572
0.122341
0.122085
0.068584
0.113037
0.101165
0.112910
0.039384
0.111697
0.122188
0.122531
0.121713
0.070067
0.109883
0.097967
0.108325
0.044270
0.113854
0.121902
0.122497
0.121980
0.072119
0.111738
0.101522
0.108064
0.046473
0.119929
0.119445
0.119356
0.120322
0.060395
0.111750
0.109940
0.102466
0.045234
0.121940
0.122505
0.121948
0.123280
0.063533
0.110015
0.106872
0.091629
0.040468
0.121850
0.122458
0.119862
0.123587
0.066304
0.108863
0.109504
0.090416
0.041097
0.121170
0.122575
0.119318
0.086397
0.109151
0.104610
0.110260
0.042247
0.111081
0.122329
0.122053
0.122065
0.069831
0.112189
0.107526
0.106197
0.043649
0.119745
0.122655
0.118939
0.119911
0.060595
0.110221
0.102728
0.106083
0.039598
0.119175
0.122251
0.121714
0.122349
0.058806
0.113956
0.110485
0.101835
0.050219
0.122577
0.119541
0.119218
0.120280
0.064570
0.108575
0.102136
0.099075
0.050053
0.120579
0.121469
0.122011
0.122270
0.064285
0.108845
0.103613
0.090081
0.038709
0.120801
0.119916
0.119394
0.118911
0.063148
0.108901
0.106601
0.103383
0.040064
0.114487
0.122735
0.122758
0.122113
0.064823
0.110338
0.108087
0.102417
0.041465
0.114738
0.122225
0.122046
0.122239
0.062802
0.109965
0.095404
0.106178
0.040354
0.092897
0.124149
0.123532
0.120341
0.082029
0.113445
0.102307
0.106099
0.039440
0.108747
0.119864
0.122411
0.122142
0.072257
0.112304
0.107359
0.105955
0.038160
0.112872
0.122802
0.124661
0.122216
0.061921
0.111438
0.100277
0.109681
0.039068
0.111800
0.121885
0.121829
0.125206
0.063767
0.111518
0.100179
0.105714
0.047436
0.122736
0.122181
0.121262
0.122689
0.061629
0.111098
0.101651
0.098883
0.038459
0.121496
0.122529
0.121803
0.122608
0.061792
0.110085
0.105251
0.101883
0.039784
0.116537
0.120144
0.119762
0.121732
0.069719
0.111488
0.111093
0.101359
0.042140
0.120448
0.122295
0.119673
0.122618
0.059263
0.110858
0.107191
0.101102
0.039728
0.119926
0.121227
0.119654
0.119679
0.062467
0.111846
0.100921
0.107380
0.054017
0.119592
0.119416
0.118998
0.120544
0.063174
0.107661
0.104412
0.101852
0.040436
