0.021337
0.106938
0.087688
0.048367
0.121719
0.120008
0.120788
0.124569
0.077452
0.107779
0.097928
0.075319
0.096652
0.120755
0.122903
0.122635
0.078204
0.112401
0.100676
0.107433
0.047634
0.122522
0.121467
0.121117
0.123702
0.040270
0.110030
0.099971
0.104110
0.041846
0.102554
0.123059
0.120568
0.120391
0.073654
0.109596
0.100913
0.109260
0.040704
0.122886
0.122546
0.122273
0.121240
0.070837
0.105515
0.103987
0.088258
0.095626
0.122564
0.121185
0.123317
0.080376
0.107489
0.103369
0.106992
0.041569
0.112513
0.123793
0.121353
0.122124
0.064214
0.112927
0.109845
0.096280
0.062471
0.122100
0.121408
0.121546
0.112996
0.094364
0.103445
0.101601
0.062904
0.092979
0.122779
0.121021
0.121131
0.080925
0.112594
0.098665
0.108469
0.038279
0.106219
0.121100
0.120312
0.121260
0.071183
0.111615
0.107889
0.101893
0.039722
0.120459
0.120202
0.122418
0.122122
0.066694
0.106417
0.105181
0.093986
0.048294
0.121208
0.120503
0.122438
0.121316
0.060844
0.104204
0.104561
0.090749
0.064593
0.123800
0.120588
0.120967
0.106967
0.098608
0.105665
0.109069
0.049524
0.104030
0.120899
0.122687
0.121033
0.071850
0.110995
0.106970
0.105177
0.039829
0.119712
0.119331
0.120853
0.123500
0.075207
0.104706
0.105182
0.084933
0.058992
0.122560
0.119214
0.119853
0.114891
0.086123
0.103003
0.103166
0.067310
0.104471
0.123135
0.119659
0.122383
0.071485
0.110507
0.101136
0.110299
0.056947
0.121556
0.120084
0.119879
0.119600
0.080473
0.103679
0.102340
0.071659
0.076489
0.121202
0.120031
0.120680
0.102818
0.097599
0.105623
0.104729
0.049532
0.111612
0.121286
0.120055
0.122320
0.061074
0.111034
0.100046
0.109545
0.047508
0.119843
0.120859
0.120893
0.120839
0.063805
0.106301
0.104786
0.087620
0.084411
0.122979
0.121519
0.122309
0.090988
0.105934
0.102145
0.106158
0.043667
0.103824
0.121205
0.121791
0.122532
0.072569
0.113367
0.101223
0.105246
0.041471
0.121362
0.120919
0.120690
0.123068
0.080579
0.104454
0.105235
0.079376
0.085233
0.123012
0.120798
0.120993
0.091961
0.104393
0.104371
0.110839
0.042046
0.115542
0.120782
0.121985
0.121212
0.060790
0.109100
0.104069
0.104977
0.041886
0.116776
0.121242
0.120919
0.122699
0.059376
0.110494
0.103986
0.103246
0.048631
0.121138
0.122182
0.120609
0.122357
0.068162
0.101375
0.102741
0.088513
0.049109
0.121553
0.122566
0.121871
0.121528
0.080907
0.107247
0.102290
0.070381
0.109213
0.120973
0.121203
0.123094
0.064750
0.108984
0.101081
0.111559
0.040462
0.118143
0.122350
0.122998
0.122684
0.058316
0.108156
0.103460
0.100884
0.038661
0.119827
0.120798
0.122005
0.122998
0.062023
0.098950
0.093445
0.073851
0.102131
0.105680
0.108572
0.106830
0.040593
0.095498
0.095486
0.088154
0.073839
0.110394
0.110647
0.110432
0.076625
0.095669
0.091173
0.098978
0.032219
0.120604
0.121779
0.123415
0.122346
0.068949
0.106532
0.103784
0.085553
0.111512
0.122210
0.121886
0.123838
0.061980
0.112195
0.101671
0.099416
0.061057
0.121898
0.122534
0.122483
0.107985
0.106451
0.105594
0.112496
0.039149
0.113516
0.122498
0.122914
0.123061
0.059817
0.109214
0.104645
0.104579
0.054178
0.120035
0.120754
0.119423
0.118658
0.081666
0.097685
0.104322
0.072906
0.081467
0.121022
0.120894
0.120274
0.092576
0.102899
0.104169
0.103757
0.042041
0.104577
0.122790
0.122101
0.120753
0.070175
0.109820
0.107492
0.104684
0.041500
0.120337
0.123651
0.120344
0.119990
0.055912
0.112439
0.105510
0.088798
0.046705
0.119477
0.119738
0.119851
0.120999
0.056178
0.105702
0.105483
0.086862
0.059762
0.122666
0.122900
0.121075
0.110278
0.101057
0.105618
0.107115
0.043475
0.103842
0.121221
0.122042
0.120214
0.067310
0.112429
0.102807
0.106250
0.039163
0.122107
0.120360
0.120592
0.120404
0.052024
0.112082
0.105811
0.097862
0.050425
0.121576
0.119773
0.119207
0.119717
0.082577
0.104444
0.106887
0.070191
0.082468
0.120624
0.120084
0.121209
0.092955
0.103348
0.105312
0.103960
0.044741
0.102457
0.119858
0.123489
0.120321
0.074723
0.112646
0.103515
0.107645
0.060652
0.122725
0.122712
0.122699
0.111838
0.101769
0.105373
0.108201
0.041940
0.108883
0.120668
0.120700
0.119604
0.064060
0.112548
0.105709
0.105345
0.047271
0.121733
0.120383
0.121490
0.120863
0.055405
0.108954
0.104844
0.086826
0.043326
0.118380
0.122524
0.120278
0.120272
0.069088
0.104022
0.104913
0.085254
0.056196
0.119926
0.120343
0.121593
0.117422
0.085798
0.107680
0.108307
0.047787
0.110088
0.121819
0.122005
0.121347
0.062334
0.111638
0.106904
0.101369
0.054502
0.122183
0.121846
0.120157
0.117897
0.093127
0.100553
0.102479
0.061477
0.083313
0.123207
0.121139
0.121805
0.089686
0.114676
0.098348
0.106889
0.036187
0.108098
0.120978
0.120151
0.120573
0.071704
0.107246
0.101274
0.106388
0.038443
0.120623
0.120812
0.120010
0.122356
0.062619
0.109222
0.104617
0.091439
0.044528
0.121250
0.120364
0.121043
0.121438
0.061701
0.107778
0.105001
0.087571
0.060037
0.120630
0.120656
0.121500
0.111521
0.088809
0.102597
0.104862
0.059700
0.097110
0.120958
0.123141
0.121728
0.074917
0.110035
0.104928
0.104814
0.039613
0.122273
0.122458
0.120591
0.120844
0.056079
0.106942
0.103979
0.092857
0.038222
0.120704
0.119713
0.119775
0.121071
0.052351
0.108418
0.099903
0.102119
0.045666
0.121406
0.120671
0.119295
0.120256
0.066375
0.103264
0.101863
0.086125
0.091654
0.122861
0.120410
0.120199
0.083594
0.111445
0.099881
0.111198
0.038953
0.113832
0.122591
0.120223
0.122496
0.064517
0.108885
0.101906
0.100852
0.044121
0.117834
0.119780
0.118386
0.119038
0.068090
0.103396
0.103289
0.094105
0.090189
0.120127
0.119267
0.120922
0.086935
0.107425
0.096702
0.106348
0.043140
0.111181
0.123173
0.121939
0.121844
0.060414
0.111743
0.102218
0.083995
0.045619
0.111640
0.122542
0.121134
0.121849
0.057368
0.110719
0.104065
0.105964
0.038832
0.113056
0.119586
0.119653
0.119784
0.063199
0.107116
0.105599
0.100564
0.038347
0.099988
0.120151
0.120470
0.121943
0.073604
0.104248
0.102904
0.113521
0.039683
0.112378
0.122383
0.122298
0.120671
0.059875
0.112573
0.098794
0.105012
0.039763
0.110744
0.122443
0.121782
0.121704
0.064851
0.109221
0.101827
0.099061
0.107749
0.119988
0.119362
0.120160
0.069371
0.108261
0.097872
0.104038
0.039208
0.111483
0.119991
0.120447
0.120863
0.069871
0.108602
0.098811
0.104944
0.040105
0.120507
0.118957
0.118916
0.119855
0.058586
0.108075
0.110595
0.093128
0.110586
0.121328
0.121305
0.121806
0.065196
0.109446
0.099423
0.105247
0.039110
0.119500
0.120117
0.119728
0.120194
0.057404
0.108517
0.107554
0.097711
0.101251
0.121920
0.121316
0.122034
0.070083
0.112095
0.102598
0.105725
0.076532
0.122004
0.121401
0.121148
0.096245
0.094665
0.106652
0.105612
0.051573
0.109055
0.119916
0.118511
0.121049
0.066643
0.106252
0.100233
0.104079
0.041822
0.098694
0.119566
0.121411
0.120547
0.078179
0.111849
0.102660
0.107324
0.045492
0.121800
0.120909
0.122410
0.122366
0.080965
0.098217
0.102833
0.077127
