0.013860
0.036627
0.034446
0.036571
0.035863
0.038662
0.037749
0.035985
0.035188
0.036763
0.037010
0.034527
0.036300
0.035612
0.035293
0.035004
0.035993
0.034742
0.036554
0.036469
0.038136
0.035686
0.033861
0.034888
0.036591
0.037127
0.035246
0.035874
0.035031
0.035197
0.036750
0.033907
0.036538
0.037122
0.038058
0.035800
0.037965
0.036763
0.035155
0.036213
0.035448
0.035519
0.035589
0.039531
0.036790
0.035785
0.036288
0.036496
0.038532
0.039592
0.035853
0.035209
0.038266
0.036721
0.037508
0.037889
0.037803
0.037697
0.035291
0.033835
0.034705
0.036071
0.035933
0.037818
0.036926
0.035770
0.037055
0.034716
0.036092
0.037815
0.035402
0.035101
0.035015
0.033843
0.036211
0.034163
0.036653
0.035579
0.033260
0.032593
0.034134
0.034104
0.035157
0.034726
0.036101
0.035158
0.034893
0.034190
0.038769
0.038201
0.036293
0.037794
0.036753
0.036014
0.036493
0.036994
0.037804
0.036665
0.034785
0.037445
0.036340
0.040239
0.034187
0.038191
0.036849
0.033713
0.035441
0.033258
0.033059
0.034906
0.034203
0.034514
0.035620
0.037494
0.038063
0.034126
0.034840
0.036987
0.037276
0.035068
0.036705
0.037944
0.035896
0.034840
0.036427
0.035403
0.035077
0.036670
0.034005
0.033977
0.035616
0.035213
0.035870
0.035855
0.033930
0.033750
0.034572
0.034585
0.033055
0.034367
0.038974
0.036780
0.034712
0.033736
0.033614
0.033428
0.034989
0.033298
0.032461
0.034840
0.038088
0.038442
0.036443
0.036498
0.034350
0.038195
0.036063
0.034745
0.035658
0.033426
0.038752
0.035126
0.037296
0.036463
0.035930
0.037199
0.036725
0.036219
0.035600
0.035791
0.036808
0.037194
0.035425
0.036899
0.038943
0.037113
0.036534
0.037512
0.038506
0.036497
0.037768
0.037855
0.041832
0.037788
0.038742
0.037185
0.036571
0.037741
0.040358
0.038139
0.036184
0.037081
0.036897
0.037755
0.036560
0.036937
0.037261
0.039052
0.037515
0.036017
0.035779
0.038264
0.039443
0.037731
0.033926
0.035157
0.035815
0.035746
0.038856
0.037411
0.036177
0.035041
0.039516
0.038476
0.037160
0.036144
0.035115
0.036580
0.036934
0.037212
0.036751
0.035664
0.037224
0.039110
0.037261
0.036684
0.033792
0.036219
0.037498
0.038530
0.037248
0.034873
0.033924
0.036866
0.037879
0.036623
0.036397
0.037335
0.038496
0.036300
0.038689
0.040577
0.038874
0.037601
0.040455
0.035479
0.035021
0.038028
0.034849
0.036321
0.034795
0.033426
0.037400
0.037174
0.034923
0.035517
0.033859
0.034791
0.035248
0.035192
0.037924
0.033694
0.035923
0.038428
0.036617
0.035287
0.036912
0.036725
0.036874
0.033743
0.034943
0.039221
0.036956
0.035946
0.036773
0.034549
0.035137
0.035612
0.034924
0.036600
0.037684
0.035934
0.035676
0.035351
0.037052
0.035654
0.037225
0.037443
0.036721
0.035599
0.036504
0.039420
0.036377
0.037436
0.038476
0.032799
0.035935
0.038503
0.036887
0.036620
0.034948
0.033458
0.034089
0.034711
0.041652
0.035872
0.036094
0.035960
0.034559
0.035930
0.036437
0.035117
0.034232
0.034112
0.034178
0.037064
0.034741
0.036287
0.035253
0.034088
0.034894
0.033652
0.035754
0.037928
0.035295
0.035763
0.035691
0.034637
0.034900
0.037334
0.038419
0.037986
0.036379
0.036949
0.037023
0.038578
0.036113
0.037259
0.037139
0.037457
0.039732
0.036189
0.037269
0.038143
0.036949
0.036529
0.033979
0.035386
0.037293
0.035408
0.036478
0.033573
0.024336
0.025210
0.028031
0.026093
0.025713
0.027439
0.026073
0.025717
0.025373
0.024253
0.024254
0.023810
0.025040
0.023967
0.024647
0.024026
0.025300
0.024139
0.024278
0.023927
0.025378
0.023806
0.023868
0.023880
0.024740
0.027024
0.027774
0.028003
0.026898
0.030147
0.034406
0.031476
0.031111
0.031683
0.032075
0.030936
0.034789
0.031336
0.032105
0.031369
0.033244
0.036534
0.034772
0.038069
0.038186
0.037266
0.037839
0.034874
0.035816
0.035102
0.035315
0.036641
0.035313
0.035443
0.035422
0.035929
0.036463
0.037184
0.035217
0.035914
0.035040
0.034708
0.035557
0.037017
0.038120
0.039397
0.036422
0.036699
0.037197
0.036117
0.036895
0.035064
0.035869
0.034822
0.035063
0.034701
0.036077
0.035532
0.035653
0.035799
0.035438
0.035918
0.035491
0.034416
0.033694
0.037241
0.037165
0.036528
0.037074
0.036044
0.036169
0.034840
0.034959
0.036252
0.036550
0.035031
0.035065
0.035696
0.035441
0.034056
0.034329
0.033889
0.033078
0.034079
0.035016
0.033478
0.035499
0.033726
0.033990
0.034796
0.035378
0.036310
0.036699
0.035756
0.036319
0.037354
0.036003
0.034302
0.037570
0.036096
0.035576
0.035744
0.037013
0.036594
0.036194
0.037068
0.036248
0.035074
0.036405
0.035460
0.034395
0.032591
0.034836
0.033225
0.035796
0.034649
0.035831
0.035790
0.025079
0.030103
0.030272
