0.021594
0.103129
0.069773
0.113449
0.125420
0.122624
0.123533
0.063782
0.111170
0.105624
0.098175
0.047545
0.124119
0.122949
0.123969
0.123803
0.089510
0.105954
0.105162
0.063146
0.108390
0.123703
0.123761
0.122362
0.071288
0.107361
0.104143
0.105044
0.048223
0.123681
0.125787
0.123812
0.122293
0.096138
0.114580
0.111277
0.046999
0.113682
0.125795
0.126335
0.126113
0.071632
0.111120
0.111103
0.082829
0.114703
0.124245
0.125513
0.125209
0.059273
0.113382
0.105540
0.101091
0.079460
0.127235
0.125639
0.125307
0.090307
0.118662
0.112426
0.104725
0.071690
0.124090
0.125262
0.125652
0.095663
0.117570
0.107030
0.103286
0.047058
0.124229
0.124951
0.125835
0.118866
0.099837
0.105876
0.110540
0.046322
0.114588
0.122515
0.122502
0.124008
0.064109
0.111491
0.104328
0.100147
0.050459
0.122239
0.122980
0.124011
0.120893
0.097422
0.109631
0.107575
0.049869
0.110345
0.124940
0.120280
0.122947
0.064898
0.110468
0.103913
0.106988
0.045665
0.125205
0.125069
0.123107
0.124722
0.086427
0.111714
0.109167
0.062793
0.110789
0.123008
0.125246
0.122801
0.073251
0.108305
0.104828
0.101030
0.042642
0.121847
0.123574
0.122412
0.123342
0.076390
0.100740
0.105566
0.084547
0.080746
0.123690
0.123934
0.122690
0.091157
0.125323
0.105866
0.102241
0.052784
0.121162
0.124129
0.122230
0.123246
0.099742
0.107718
0.108496
0.048627
0.113838
0.125311
0.121841
0.121423
0.066737
0.110200
0.108798
0.100091
0.073376
0.122835
0.123273
0.123089
0.104565
0.107751
0.102944
0.115691
0.042646
0.115609
0.124223
0.121790
0.113706
0.043619
0.096625
0.094188
0.087271
0.100257
0.107625
0.107564
0.110738
0.042798
0.103012
0.096539
0.090070
0.102988
0.110483
0.110782
0.109615
0.050207
0.100484
0.093545
0.103394
0.042140
0.120631
0.120904
0.120962
0.121503
0.070226
0.112611
0.101723
0.083993
0.066140
0.121459
0.123287
0.122252
0.108720
0.095185
0.109372
0.107251
0.049384
0.109589
0.122658
0.124592
0.123742
0.062471
0.113209
0.104404
0.099890
0.050809
0.122627
0.121802
0.123482
0.122454
0.096807
0.106046
0.103060
0.058985
0.083756
0.121311
0.124563
0.123035
0.092827
0.110332
0.101370
0.107172
0.044387
0.115774
0.123619
0.122584
0.123430
0.058781
0.113724
0.103767
0.100282
0.063606
0.121881
0.123699
0.124190
0.107940
0.101008
0.103289
0.108538
0.047813
0.112147
0.122774
0.124327
0.122863
0.068263
0.106874
0.103249
0.102007
0.042919
0.121428
0.123853
0.122421
0.122524
0.083674
0.108406
0.103555
0.066220
0.106169
0.122911
0.122885
0.122910
0.071193
0.109358
0.108977
0.105452
0.112874
0.122453
0.125401
0.124576
0.061473
0.113181
0.108314
0.096521
0.060790
0.123325
0.124166
0.121927
0.112803
0.104223
0.104719
0.107460
0.047156
0.113017
0.122474
0.122790
0.123168
0.065026
0.112897
0.108443
0.099937
0.042647
0.123362
0.124689
0.124909
0.124409
0.074455
0.101425
0.103681
0.082928
0.082936
0.124245
0.124374
0.124496
0.086720
0.117131
0.103287
0.108628
0.040761
0.122450
0.123033
0.122163
0.123629
0.072095
0.105856
0.104101
0.085629
0.106922
0.121543
0.124351
0.124359
0.067914
0.109748
0.101163
0.106226
0.041849
0.122882
