0.021836
0.045854
0.109247
0.119525
0.120540
0.119572
0.070968
0.111287
0.102227
0.085265
0.098733
0.105422
0.104847
0.106849
0.043740
0.080462
0.097426
0.099304
0.038452
0.104217
0.110116
0.110119
0.110245
0.045276
0.101935
0.093968
0.093091
0.035784
0.108150
0.119490
0.124007
0.123092
0.062459
0.115328
0.103436
0.103861
0.042536
0.120793
0.119739
0.119686
0.120736
0.052774
0.108622
0.105531
0.101078
0.063284
0.122056
0.121025
0.119460
0.110765
0.088307
0.097199
0.099591
0.072037
0.059072
0.121630
0.120667
0.122003
0.113989
0.092778
0.103511
0.103773
0.055601
0.102962
0.120666
0.121722
0.119888
0.075331
0.110438
0.103217
0.106835
0.038682
0.116449
0.121562
0.121733
0.120801
0.061903
0.107991
0.104078
0.101453
0.043748
0.120186
0.122516
0.119786
0.123549
0.056193
0.105277
0.108495
0.091354
0.074136
0.120782
0.121192
0.122294
0.099862
0.105255
0.102716
0.106275
0.045129
0.101427
0.105685
0.104876
0.105644
0.040699
0.099941
0.077068
0.094844
0.031854
0.098465
0.109950
0.109909
0.110745
0.050949
0.101329
0.092884
0.092932
0.077405
0.109720
0.116959
0.120396
0.092939
0.102393
0.103694
0.113397
0.039223
0.115052
0.121372
0.122610
0.120823
0.064627
0.110806
0.099980
0.103997
0.040256
0.120333
0.121317
0.122544
0.120737
0.052244
0.107738
0.102513
0.100749
0.047031
0.121325
0.120356
0.121667
0.121107
0.067113
0.102164
0.103158
0.089606
0.109607
0.122209
0.119990
0.122528
0.068913
0.109887
0.105825
0.102464
0.053526
0.122369
0.121985
0.119649
0.117866
0.094711
0.114594
0.103253
0.051468
0.112098
0.121640
0.120358
0.123714
0.060144
0.108873
0.105711
0.093083
0.042847
0.100557
0.121119
0.121868
0.121021
0.076210
0.113559
0.099200
0.103942
0.039856
0.108278
0.119744
0.122440
0.122055
0.069787
0.110446
0.102654
0.106768
0.043406
0.120748
0.122279
0.120802
0.121187
0.071472
0.102926
0.104588
0.088468
0.057659
0.120199
0.120819
0.120751
0.118558
0.078642
0.099107
0.100239
0.080117
0.081074
0.122806
0.122321
0.121659
0.095751
0.107338
0.098780
0.104177
0.044970
0.110980
0.121742
0.121037
0.122788
0.070615
0.109750
0.105448
0.101742
0.037215
0.118030
0.119989
0.121238
0.122844
0.065885
0.108567
0.101205
0.097912
0.045138
0.121602
0.120816
0.122519
0.107614
0.090410
0.098719
0.106148
0.067110
0.118310
0.120717
0.122052
0.121277
0.065596
0.108495
0.104703
0.101999
0.052969
0.120921
0.120461
0.120543
0.122039
0.068269
0.103466
0.105264
0.087176
0.051442
0.120534
0.120888
0.121394
0.121571
0.071059
0.104482
0.106821
0.081638
0.060308
0.120721
0.121302
0.121082
0.115611
0.099236
0.104861
0.106807
0.047094
0.110135
0.120978
0.120470
0.121744
0.068512
0.109962
0.098372
0.104362
0.042230
0.116066
0.121460
0.122360
0.123555
0.057826
0.112168
0.106411
0.099134
0.040928
0.121807
0.120569
0.123824
0.119751
0.068661
0.105363
0.106959
0.085309
0.078358
0.122874
0.121303
0.121240
0.101066
0.107181
0.102314
0.111502
0.042870
0.108706
0.120357
0.122200
0.118548
0.069425
0.109251
0.096375
0.109274
0.037536
0.113070
0.121638
0.122013
0.121011
0.063635
0.112392
0.104513
0.102865
0.046145
0.119686
0.120560
0.119571
0.120983
0.061771
0.107192
0.103393
0.088727
0.060244
0.119879
0.120624
0.121674
0.115285
0.096292
0.106643
0.109536
0.048863
0.110145
0.120893
0.119845
0.120214
0.066516
0.112229
