0.020471
0.123162
0.121405
0.094476
0.034774
0.036901
0.036493
0.035478
0.034266
0.034388
0.035184
0.037583
0.039564
0.038089
0.035516
0.034519
0.036139
0.035084
0.033529
0.035608
0.039123
0.037242
0.036123
0.036142
0.034778
0.034234
0.033636
0.036494
0.036517
0.039948
0.036600
0.034832
0.037576
0.038544
0.039801
0.038337
0.037023
0.037765
0.036695
0.037300
0.039212
0.039427
0.036323
0.035452
0.027613
0.032677
0.028219
0.028164
0.028104
0.032669
0.027316
0.027976
0.027531
0.027600
0.026490
0.026976
0.026634
0.027561
0.026664
0.025837
0.026333
0.026622
0.026978
0.026674
0.026840
0.027229
0.026663
0.027251
0.028246
0.031437
0.029458
0.032019
0.030143
0.037303
0.037181
0.037501
0.037155
0.035190
0.035822
0.037913
0.035699
0.038041
0.037525
0.034900
0.036372
0.035931
0.037971
0.038306
0.036338
0.038629
0.037849
0.037959
0.034189
0.037190
0.040003
0.035663
0.034400
0.035597
0.035725
0.037880
0.037104
0.035364
0.036748
0.034572
0.038615
0.037269
0.040810
0.036572
0.036402
0.033945
0.036671
0.037603
0.035024
0.037869
0.037728
0.037913
0.042473
0.037070
0.036330
0.037422
0.037412
0.041580
0.035892
0.036772
0.037471
0.040510
0.038206
0.036995
0.038070
0.037211
0.036960
0.036853
0.035232
0.035344
0.035714
0.033233
0.035306
0.039403
0.037315
0.038836
0.036014
0.034653
0.033992
0.035698
0.036304
0.035112
0.034414
0.034886
0.034246
0.033216
0.033654
0.037893
0.038537
0.038362
0.037602
0.036861
0.039905
0.038222
0.037239
0.036256
0.036525
0.036493
0.040249
0.036461
0.034360
0.035448
0.032732
0.035085
0.037177
0.037740
0.036790
0.034654
0.038435
0.036316
0.035674
0.037667
0.037756
0.038144
0.039168
0.040793
0.036777
0.038249
0.036928
0.036605
0.035619
0.042800
0.038821
0.038059
0.037187
0.036799
0.040076
0.041676
0.037176
0.037091
0.039501
0.036295
0.036716
0.036665
0.038077
0.037516
0.036976
0.040262
0.034444
0.036225
0.035590
0.036943
0.041663
0.035006
0.032980
0.034693
0.033034
0.034021
0.035197
0.032972
0.039612
0.036831
0.035137
0.036037
0.034308
0.033283
0.036159
0.038093
0.037325
0.037342
0.033002
0.034331
0.034215
0.034136
0.036387
0.035226
0.035340
0.034591
0.035056
0.035487
0.037045
0.036503
0.034259
0.034700
0.035287
0.035463
0.034129
0.035886
0.035323
0.037336
0.035754
0.033604
0.035309
0.033762
0.034967
0.034817
0.036811
0.036314
0.034428
0.034309
0.036866
0.036717
0.039061
0.036121
0.036901
0.035567
0.037467
0.042152
0.036188
0.036443
0.035651
0.037466
0.036957
0.037699
0.037029
0.036098
0.037542
0.039239
0.037728
0.037486
0.037822
0.037915
0.037915
0.037076
0.036164
0.037177
0.038600
0.036716
0.037049
0.036384
0.037003
0.035763
0.036645
0.036420
0.035408
0.036733
0.037036
0.037791
0.041972
0.037130
0.035482
0.039128
0.037856
0.036203
0.035907
0.036850
0.037813
0.038365
0.038439
0.036222
0.037128
0.038637
0.037045
0.037504
0.036697
0.036085
0.035845
0.036739
0.035663
0.035640
0.031088
0.027153
0.027018
0.027316
0.027281
0.031835
0.027219
0.027407
0.027281
0.026701
0.025526
0.029127
0.025387
0.025559
0.026631
0.026893
0.026869
0.026747
0.031471
0.026854
0.025512
0.026115
0.026142
0.026838
0.030381
0.027327
0.028109
0.027838
0.036983
0.037492
0.035813
0.034421
0.038322
0.037830
0.036600
0.037530
0.038924
0.038244
0.036071
0.034059
0.035237
0.036443
0.040053
0.038311
0.037800
0.039871
0.039663
0.039619
0.036459
0.039786
0.037410
0.036433
0.038207
0.035024
0.037911
0.038476
0.034103
0.033926
0.039965
0.035817
0.034427
0.036488
0.038745
0.036555
0.035842
0.035319
