0.023297
0.122323
0.107050
0.096963
0.108914
0.110411
0.042955
0.108411
0.119838
0.121422
0.120397
0.066412
0.108386
0.104322
0.105155
0.048324
0.122251
0.119833
0.118318
0.120433
0.066627
0.095141
0.105347
0.091773
0.059892
0.121998
0.120754
0.120426
0.115808
0.097064
0.107786
0.109417
0.046517
0.110945
0.122523
0.122626
0.120738
0.066880
0.107950
0.100849
0.105024
0.036016
0.113974
0.120249
0.120406
0.120459
0.063142
0.109711
0.106380
0.102685
0.041954
0.122951
0.122543
0.120108
0.121175
0.071161
0.100797
0.102726
0.087384
0.085693
0.122486
0.121058
0.121473
0.091129
0.112312
0.100556
0.103563
0.034897
0.112314
0.121706
0.120030
0.120295
0.062008
0.110352
0.104841
0.104896
0.042705
0.120508
0.120266
0.120680
0.121355
0.055432
0.110710
0.104316
0.085914
0.064098
0.122653
0.119581
0.120413
0.111055
0.100164
0.105754
0.105447
0.044524
0.111644
0.120305
0.120533
0.123006
0.062233
0.114529
0.104291
0.101817
0.059450
0.122807
0.121730
0.122381
0.107423
0.095927
0.107021
0.106435
0.045833
0.105486
0.121476
0.120746
0.120247
0.070437
0.112918
0.105139
0.102064
0.059206
0.122499
0.121067
0.122676
0.107540
0.090944
0.105451
0.104839
0.054282
0.092331
0.121856
0.120486
0.123244
0.080148
0.107143
0.096501
0.103214
0.048918
0.111288
0.122154
0.122261
0.125624
0.062821
0.111466
0.102342
0.098234
0.106757
0.121767
0.121860
0.119976
0.065612
0.111022
0.101912
0.104132
0.083910
0.120255
0.118618
0.120024
0.092900
0.105210
0.103977
0.108893
0.041720
0.119413
0.121974
0.119929
0.121063
0.055364
0.111838
0.105175
0.101904
0.057132
0.118989
0.120604
0.120319
0.117333
0.095437
0.109628
0.104028
0.048977
0.102075
0.119868
0.118108
0.119610
0.073320
0.112575
0.102259
0.104650
0.102958
0.121289
0.122925
0.122920
0.066168
0.108440
0.104536
0.101495
0.110095
0.121682
0.123129
0.122056
0.063769
0.112455
0.103211
0.099390
0.086259
0.122111
0.120513
0.120856
0.090229
0.091075
0.100518
0.105269
0.060622
0.094111
0.120032
0.118019
0.117986
0.086218
0.098688
0.106357
0.106050
0.048293
0.111413
0.120633
0.121927
0.120844
0.062618
0.113920
0.099240
0.106603
0.039446
0.121912
0.122798
0.123036
0.121986
0.065370
0.105303
0.105222
0.083229
0.065240
0.122669
0.118190
0.107899
0.087083
0.083286
0.091276
0.094977
0.034200
0.095381
0.106995
0.108952
0.110730
0.052068
0.107085
0.094141
0.089545
0.093435
0.110790
0.110668
0.110329
0.057399
0.104352
0.107635
0.104586
0.047929
0.123452
0.122751
0.121529
0.120423
0.077137
0.101720
0.105488
0.074746
0.072323
0.122599
0.122743
0.120277
0.085481
0.104567
0.100683
0.104407
0.045939
0.109332
0.122239
0.119585
0.119038
0.061311
0.110936
0.103176
0.107563
0.041215
0.120436
0.122334
0.120433
0.119937
0.045089
0.111367
0.098937
0.110578
0.037344
0.115114
0.120265
0.119415
0.120574
0.059846
0.114196
0.105757
0.107367
0.037517
0.110713
0.121862
0.120836
0.120911
0.062848
0.111861
0.094625
0.104083
0.039829
0.111670
0.120532
0.121843
0.121775
0.066346
0.110336
0.105247
0.102128
0.055837
0.122065
0.125058
0.122391
0.115536
0.090882
0.101304
0.105006
0.065692
0.099881
0.122440
0.121034
0.118273
0.078013
0.112314
0.102177
0.106880
0.051655
0.119428
0.119789
0.118011
0.118729
0.066634
0.106323
0.102661
0.089999
0.040599
0.118805
0.119793
0.117302
0.118366
0.057679
0.108078
0.105308
0.099027
0.036148
0.116128
0.119899
0.119941
0.121781
0.055535
0.106909
0.104603
0.109435
0.045277
0.120934
0.119806
0.120001
0.121149
0.048312
0.106195
0.103337
0.101587
0.037735
0.117410
0.120775
0.120723
0.122685
0.070231
0.105841
0.102203
0.087688
0.040607
0.120627
0.122319
0.120680
0.120483
0.062291
0.110034
0.105251
0.088230
0.057016
0.119989
0.121369
0.120235
0.119284
0.090489
0.100111
0.103968
0.064765
0.071005
0.121110
0.121055
0.120974
0.100997
0.102376
0.101881
0.105895
0.045815
0.096938
0.120649
0.119683
0.121828
0.078412
0.112617
0.105168
0.107250
0.040385
0.121111
0.120275
0.120429
0.121306
0.054842
0.107422
0.107357
0.097978
0.037430
0.119525
0.120364
0.119974
0.120067
0.057859
0.104247
0.105533
0.105270
0.038873
0.116039
0.122299
0.121336
0.123272
0.051343
0.111156
0.107257
0.105443
0.042935
0.119797
0.119017
0.119504
0.119492
0.071907
0.103324
0.104199
0.089651
0.113472
0.121785
0.121240
0.122893
0.061998
0.108587
0.104101
0.104746
0.038548
0.121712
0.120459
0.120604
0.121478
0.050094
0.106827
0.102976
0.101630
0.037405
0.115906
0.123093
0.119900
0.120829
0.058854
0.109300
0.107090
0.101829
0.046872
0.119921
0.119467
0.120478
0.121307
0.061781
0.108712
0.104815
0.088489
0.048551
0.120426
0.120350
0.120510
0.121883
0.063062
0.104298
0.106285
0.087234
0.043803
0.120902
0.122704
0.122133
0.123353
0.078493
0.106968
0.099025
0.071914
0.068789
0.121089
0.123152
0.120738
0.103577
0.106183
0.103250
0.104030
0.045372
0.112351
0.122317
0.122585
0.122866
0.063937
0.110372
0.109909
0.097512
0.042115
0.122270
0.120692
0.123204
0.123280
0.059366
0.108787
0.104277
0.085985
0.059337
0.122699
0.122887
0.122735
0.112067
0.098860
0.106726
0.106784
0.047910
0.101129
0.123109
0.122864
0.122308
0.069560
0.109836
0.098953
0.116618
0.046392
0.120722
0.118898
0.121777
0.124008
0.070430
0.096380
0.109534
0.089196
0.053212
0.123176
0.123435
0.123214
0.115717
0.077099
0.108140
0.104602
0.070545
0.110634
0.124546
0.121139
0.120013
0.065603
0.110301
0.105987
0.101937
0.068091
0.121787
0.123932
0.124531
0.104570
