0.013788
0.031502
0.036019
0.037118
0.035877
0.035175
0.031058
0.032266
0.029802
0.027473
0.031312
0.032857
0.034218
0.037443
0.028086
0.031727
0.031633
0.031380
0.031170
0.031554
0.032140
0.034631
0.035950
0.036231
0.037077
0.034876
0.033838
0.033820
0.033567
0.034904
0.036809
0.034572
0.034897
0.033503
0.035579
0.035409
0.034785
0.033928
0.033718
0.033784
0.034271
0.034571
0.037747
0.037880
0.036563
0.036257
0.036248
0.036907
0.037259
0.038198
0.038721
0.037652
0.036682
0.036195
0.036170
0.035785
0.036332
0.037247
0.037489
0.037330
0.036308
0.036267
0.036932
0.035127
0.035528
0.035269
0.035489
0.034215
0.034592
0.035858
0.038160
0.033637
0.034188
0.033668
0.035275
0.035025
0.033711
0.033073
0.034037
0.035147
0.037164
0.036466
0.036503
0.036455
0.036181
0.039301
0.036597
0.035611
0.036633
0.036334
0.035073
0.044559
0.036632
0.036738
0.035859
0.035766
0.035832
0.035338
0.035903
0.035798
0.039163
0.033080
0.033111
0.034831
0.036419
0.035625
0.035305
0.033999
0.035553
0.031657
0.031003
0.030745
0.032586
0.035195
0.034545
0.034375
0.036562
0.034819
0.034443
0.034985
0.038126
0.035167
0.035593
0.037196
0.037776
0.036087
0.037053
0.033541
0.035630
0.035206
0.035621
0.035626
0.035539
0.034848
0.035876
0.036593
0.036788
0.034722
0.035105
0.037944
0.035967
0.036131
0.036168
0.036144
0.033808
0.035501
0.034749
0.035136
0.037544
0.034473
0.034747
0.035121
0.035337
0.034273
0.034466
0.034068
0.032867
0.035026
0.033260
0.034323
0.034065
0.034134
0.034548
0.033142
0.037499
0.038420
0.037841
0.037924
0.036917
0.036295
0.034815
0.035195
0.035754
0.035631
0.037910
0.036222
0.035057
0.035684
0.035545
0.035301
0.035765
0.037927
0.037282
0.037144
0.035633
0.036390
0.036911
0.036658
0.038213
0.037246
0.036620
0.038435
0.037444
0.036147
0.035048
0.036470
0.036928
0.038134
0.036265
0.035917
0.036197
0.036625
0.037287
0.037270
0.037004
0.036177
0.036187
0.035936
0.036589
0.036207
0.036226
0.036340
0.035997
0.036238
0.036752
0.037106
0.037267
0.039392
0.037600
0.037585
0.037736
0.036884
0.037642
0.037586
0.037826
0.037145
0.036760
0.036745
0.036991
0.036318
0.036196
0.036293
0.035877
0.036818
0.036355
0.036902
0.037182
0.036889
0.037257
0.037669
0.038455
0.038711
0.038425
0.037995
0.037176
0.035554
0.036492
0.037329
0.037477
0.037795
0.038044
0.040054
0.035202
0.031590
0.034797
0.033929
0.037999
0.034955
0.032071
0.033913
0.034092
0.032321
0.031193
0.030136
0.030034
0.032536
0.035295
0.034241
0.034373
0.035049
0.033467
0.036403
0.035060
0.034118
0.033662
0.034834
0.034220
0.033405
0.034046
0.034643
0.033179
0.031792
0.034679
0.035223
0.034644
0.035125
0.034491
0.034309
0.033830
0.034099
0.037023
0.035928
0.034731
0.036613
0.036345
0.035175
0.035352
0.036219
0.038351
0.035397
0.034364
0.037161
0.034282
0.034249
0.035049
0.034289
0.035565
0.034269
0.033698
0.034636
0.034287
0.036011
0.037012
0.037227
0.036665
0.036516
0.035914
0.035993
0.036967
0.036635
0.036005
0.035612
0.035856
0.034364
0.036130
0.034892
0.035783
0.036911
0.035481
0.036195
0.036405
0.035616
0.034894
0.035261
0.035697
0.036852
0.037174
0.035504
0.035984
0.037019
0.035896
0.036000
0.035949
0.036397
0.036968
0.036307
0.036052
0.036034
0.035791
0.035714
0.037363
0.035528
0.036455
0.036250
0.035423
0.036014
0.036088
0.035020
0.035556
0.035350
0.035112
0.035382
0.036181
0.035269
0.035010
0.037552
0.036030
0.035335
0.035666
0.036490
0.034756
0.036891
0.038275
0.036998
0.035954
0.036635
0.037436
0.035695
0.036832
0.036331
0.036191
0.038045
0.036546
0.036270
0.036218
0.035905
0.036585
0.036942
0.036578
0.035245
0.035963
0.038252
0.036934
0.037596
0.033597
0.033796
0.034171
0.034388
0.033746
0.033056
0.034366
0.034189
0.035060
0.035226
0.035038
0.033405
0.033936
0.035910
0.035910
0.035405
0.035198
0.035479
0.035002
0.036144
0.035416
0.035517
0.035086
0.035609
0.035728
0.035740
0.035129
0.037796
0.036713
0.036871
0.046926
0.035974
0.036217
0.036428
0.036608
0.037333
0.036592
0.034633
0.033966
0.034572
0.033403
0.032131
0.032733
0.032345
0.032844
0.032203
0.031985
0.032440
0.033182
0.030072
0.032506
0.030870
0.030687
0.031374
0.033913
0.035281
0.032063
0.030821
0.033590
0.031924
0.029945
0.032463
0.034722
0.035093
0.035919
0.036379
0.036555
0.035827
0.035986
0.037492
0.034073
0.034053
0.033351
0.034028
0.033633
0.034428
0.034154
0.034439
0.034372
0.034134
0.036592
0.036972
0.034931
0.036746
0.039456
0.036446
0.035895
0.035589
0.035861
0.035943
0.035954
0.036010
0.035262
0.035311
0.034180
0.034382
0.033336
0.033841
0.036067
0.034302
0.034770
0.036389
0.038137
0.037127
0.036670
0.036292
0.036741
0.035648
0.035772
0.035599
0.035367
0.035657
0.035309
0.034833
0.035219
0.036746
0.033415
0.032791
0.031959
0.032763
0.036438
0.034848
0.035798
0.035375
0.035189
0.036273
0.034946
0.036363
0.036215
0.033583
0.034532
0.033825
0.032048
0.031613
0.029746
0.030725
0.034150
0.030529
0.031590
0.032043
0.032243
0.033240
0.032387
0.031304
0.031670
0.030259
0.031717
0.031402
0.031531
0.032517
0.035652
0.037009
0.037614
0.036225
0.037054
0.035185
0.035121
0.037783
0.037592
0.036192
0.037621
0.035016
0.034321
0.034338
0.034346
0.035909
0.035246
0.036130
0.035041
0.036447
0.036223
0.037397
0.036083
0.034144
0.034521
0.034538
0.033377
0.032825
0.033578
0.034555
0.034154
0.033591
0.033682
0.034086
0.036863
0.035789
0.035794
0.034990
0.035898
0.036268
0.035282
0.035722
0.037791
0.033756
0.034893
0.037103
0.034137
0.036250
0.033954
0.034089
0.034053
0.034573
0.034181
0.034257
0.034134
0.033552
0.034962
0.035227
0.037156
0.034247
0.034107
0.036197
0.037624
0.037572
0.036750
0.036425
0.038509
0.034301
0.034242
0.035349
0.036375
0.035981
0.035660
0.035885
0.036067
0.035692
0.037733
0.037531
0.033603
0.034093
0.035060
0.035528
0.035157
0.036489
0.035804
0.035809
0.036645
