0.013972
0.036463
0.035068
0.036725
0.040178
0.039485
0.039298
0.036328
0.037365
0.036897
0.037371
0.037838
0.035702
0.036108
0.036171
0.035135
0.035711
0.037742
0.033893
0.036671
0.042418
0.040171
0.040273
0.035691
0.036273
0.034392
0.035588
0.035956
0.035956
0.039529
0.039719
0.038767
0.040327
0.038355
0.038427
0.036625
0.036078
0.036543
0.035907
0.034698
0.032382
0.034402
0.034584
0.033229
0.033346
0.034649
0.033384
0.034444
0.032030
0.032954
0.033716
0.033886
0.032378
0.034466
0.032738
0.034002
0.032422
0.033281
0.033949
0.034540
0.035350
0.032142
0.034426
0.034396
0.033031
0.031633
0.032936
0.035467
0.034710
0.036308
0.036058
0.038594
0.038353
0.038542
0.038194
0.036908
0.037823
0.038021
0.038142
0.037702
0.037056
0.037685
0.037771
0.036741
0.036738
0.035892
0.037668
0.036812
0.037392
0.035900
0.036180
0.036099
0.035626
0.035944
0.035991
0.035843
0.035861
0.038501
0.040262
0.033491
0.033361
0.032913
0.032796
0.032798
0.035609
0.034568
0.037745
0.036059
0.035484
0.037118
0.036191
0.038150
0.037647
0.039258
0.043488
0.035298
0.034722
0.035453
0.033942
0.032360
0.032915
0.034167
0.034375
0.037376
0.037206
0.040250
0.035255
0.035962
0.038440
0.038442
0.039753
0.038333
0.035972
0.037524
0.037628
0.038342
0.038889
0.038683
0.036870
0.037978
0.036982
0.039273
0.036618
0.038172
0.037068
0.037406
0.042023
0.037639
0.036745
0.033317
0.033666
0.035296
0.034657
0.035844
0.037313
0.036171
0.037317
0.039350
0.035339
0.036536
0.035482
0.036052
0.035087
0.037313
0.036595
0.037845
0.035173
0.035389
0.035783
0.037357
0.039482
0.033416
0.033544
0.033273
0.033016
0.033387
0.035699
0.036404
0.034039
0.035522
0.037265
0.037245
0.039261
0.038473
0.038771
0.038016
0.037050
0.037095
0.038192
0.039123
0.037245
0.035004
0.035285
0.035691
0.035454
0.035043
0.035413
0.035804
0.033529
0.035255
0.039219
0.034939
0.035496
0.036617
0.036745
0.036520
0.036653
0.036351
0.036926
0.035585
0.036660
0.036514
0.037838
0.040583
0.035640
0.034933
0.034776
0.035630
0.035928
0.038231
0.039224
0.037628
0.037838
0.037307
0.036268
0.037019
0.036694
0.037035
0.038494
0.035028
0.036329
0.039347
0.037831
0.036528
0.038007
0.038130
0.040069
0.038508
0.038311
0.037945
0.038526
0.040504
0.036902
0.036316
0.036757
0.037363
0.035275
0.041030
0.041909
0.037233
0.039103
0.038170
0.036590
0.036054
0.038146
0.034803
0.034256
0.035945
0.038917
0.039415
0.036102
0.036354
0.036400
0.035795
0.036210
0.042700
0.038744
0.040258
0.039139
0.038068
0.037780
0.038419
0.039025
0.037234
0.036890
0.037577
0.035679
0.035453
0.037940
0.037288
0.035855
0.035767
0.034913
0.035587
0.038378
0.034885
0.036200
0.034362
0.033574
0.033412
0.032919
0.034577
0.033890
0.033715
0.033411
0.033571
0.033627
0.032844
0.031503
0.032349
0.033600
0.035056
0.032879
0.035362
0.032933
0.032448
0.034701
0.033003
0.034518
0.035802
0.034598
0.036369
0.036421
0.036562
0.038806
0.038228
0.039021
0.037833
0.036981
0.036952
0.038890
0.039496
0.040105
0.038124
0.038001
0.035486
0.036585
0.037367
0.035842
0.033983
0.032522
0.034363
0.033249
0.035369
0.043854
0.039773
0.037766
0.038338
0.037235
0.041173
0.035805
0.036653
0.035913
0.035092
0.034874
0.033234
0.032475
0.033809
0.036828
0.042259
0.043212
0.039105
0.036777
0.036059
0.039197
0.035999
0.034679
0.034333
0.033834
0.035139
0.034018
0.036711
0.034715
0.034724
0.033516
0.034247
0.035098
0.039238
0.040220
0.041347
0.037430
0.037966
0.037065
0.037574
0.037174
0.036273
0.037790
0.036957
0.038154
0.038890
0.036835
0.037383
0.037507
0.038154
0.037027
0.035860
0.037164
0.036179
0.041045
0.035163
0.036650
0.041977
0.040414
0.041575
0.039573
0.036280
0.036253
0.036889
0.035635
0.035265
0.033597
0.034633
0.036138
0.036600
0.038266
0.039200
0.037574
0.039861
0.039353
0.038075
0.036310
0.036501
0.035979
0.037573
0.037775
0.035912
0.036325
0.038512
0.035114
0.035402
0.034337
0.035489
0.035693
0.036224
0.036955
0.037345
0.038063
0.037519
0.037844
0.038200
0.036707
0.035122
0.034854
0.035672
0.035580
0.035894
0.035639
0.035241
0.038853
0.035115
0.035113
0.033563
0.032809
0.035832
0.038476
0.034894
0.035357
0.034656
0.034616
0.032214
0.030474
0.033229
0.033858
0.031202
0.034504
0.037597
0.038248
0.038499
0.038726
0.034042
0.031639
0.036863
0.031507
0.031212
0.033605
0.032453
0.035473
0.034170
0.035773
0.036377
0.037863
0.036211
0.037439
0.036452
0.035517
0.036364
0.040695
0.036113
0.035667
0.035754
0.037610
0.036232
0.036963
0.036613
0.037308
0.042289
0.036850
0.036472
0.036454
0.039780
0.038561
0.038611
0.038851
0.037431
0.037508
0.037883
0.036817
0.037044
0.036783
0.035984
0.035516
0.035542
0.035571
0.036137
0.041831
0.037940
0.036330
0.038336
0.037926
0.037085
0.036568
0.037976
0.037437
0.038352
0.037594
0.036611
0.037088
0.037059
0.037259
0.038165
0.038234
0.036385
0.036223
0.035890
0.036109
0.038107
0.040195
0.037031
0.036239
0.036563
0.035905
0.035922
0.036005
0.036170
0.036886
0.037582
0.037797
0.036321
0.036010
0.036536
0.032417
0.031564
0.035142
0.037701
0.036299
0.037684
0.037206
0.036578
0.037798
0.037874
0.038837
0.033855
0.034572
0.036342
0.035173
0.034932
0.036355
0.035338
0.035446
0.035960
0.036185
0.036229
0.035770
0.036380
0.037169
0.038564
0.038783
0.039381
0.037162
0.038515
0.041523
0.036853
0.034761
0.035388
0.035623
0.037665
0.037887
0.037544
0.036357
0.030755
0.033395
0.040829
0.036637
0.038313
0.038506
0.040578
0.035730
0.036425
0.032473
0.034158
0.035271
0.033909
0.035771
0.036336
0.035433
0.035707
0.035982
0.035433
0.036670
0.038304
0.038596
0.038632
0.037449
0.035718
0.035822
0.037322
0.038897
0.038232
0.038552
0.038106
0.037493
0.036366
0.037615
0.035681
0.035298
0.035098
0.035533
0.035621
0.034962
0.036468
0.034661
0.035867
0.034020
0.034201
0.037397
0.042075
0.038293
0.038826
0.037800
0.037157
0.036715
0.037784
0.038950
0.037318
0.040589
0.038453
0.037523
0.037597
0.036473
0.038214
0.036894
0.037228
0.036448
0.033512
0.034110
0.034873
0.034270
0.034836
0.035365
0.035843
0.035457
0.037211
0.035866
0.038231
0.039812
0.038393
0.041748
0.035464
0.037164
0.037875
0.036598
0.036750
0.036256
0.036841
0.037696
0.040221
0.039906
0.039872
0.038989
0.039656
0.036573
0.036292
0.036474
0.039345
0.035199
0.036261
0.035147
0.035885
0.036330
0.038059
0.039231
0.037205
0.039393
0.038435
0.039082
0.036899
0.036295
0.035150
0.034589
0.035020
0.040023
0.034522
0.034838
0.039700
0.038252
0.039272
0.041530
0.027812
