57	156	198	173
65	146	180	191
63	144	182	194
69	142	177	197
72	142	177	196
72	144	181	192
74	145	185	191
78	145	186	195
82	147	184	194
82	151	181	192
81	155	187	193
86	159	187	191
79	162	194	192
85	165	192	189
91	161	188	194
87	161	195	196
90	164	199	197
93	160	201	202
103	156	195	207
103	156	205	206
110	154	212	208
105	150	218	214
121	144	214	218
122	143	217	221
129	142	212	221
133	143	216	218
131	145	227	220
141	148	231	214
147	144	224	218
168	149	222	211
181	152	214	204
186	147	217	206
199	148	207	201
206	145	208	197
214	146	203	191
209	138	211	198
208	133	212	195
218	131	210	191
221	132	209	185
230	126	202	186
236	128	194	178
243	127	197	180
246	127	197	172
253	124	195	172
262	123	171	166
264	124	172	163
263	123	175	164
267	122	170	162
270	123	165	158
265	128	170	156
265	122	173	162
268	124	169	158
273	122	167	161
276	117	159	161
281	116	161	165
281	112	159	165
286	113	160	167
288	117	158	158
291	114	161	168
301	113	161	174
295	112	169	170
310	108	168	177
309	109	174	169
328	107	170	183
328	105	176	183
334	104	189	199
349	109	181	189
356	110	183	178
370	109	182	184
379	109	185	168
381	115	183	170
391	112	181	174
407	109	174	176
419	104	172	171
422	112	172	173
442	102	165	165
442	113	164	157
448	110	167	160
456	112	156	158
455	115	157	159
458	115	152	155
453	115	158	159
457	114	155	159
456	120	159	153
457	119	159	154
453	118	164	154
453	117	163	158
454	118	160	156
456	120	158	149
454	121	158	149
453	119	160	144
456	122	154	138
453	122	156	136
446	122	162	138
450	118	160	145
453	121	157	140
448	122	160	139
451	120	162	141
455	119	154	134
455	120	156	138
455	120	157	134
455	120	160	137
454	123	162	138
456	117	163	146
456	120	166	146
457	118	170	146
458	119	173	150
462	121	173	154
458	123	175	161
456	125	178	159
452	137	178	160
470	133	164	162
475	137	159	154
476	141	157	155
483	141	149	151
495	137	139	152
487	146	148	147
479	151	155	149
495	143	140	148
477	149	156	149
473	145	158	157
460	148	171	156
473	140	157	152
454	147	176	154
469	139	159	152
464	145	167	146
462	143	165	150
455	134	167	159
459	132	167	159
455	131	171	160
457	128	168	163
456	128	165	165
454	134	167	167
453	133	165	172
452	135	163	169
439	139	182	188
451	137	175	182
450	136	174	185
437	137	184	193
458	135	166	184
452	136	169	189
456	136	166	193
460	134	160	193
456	133	166	196
454	133	168	201
450	136	172	197
436	135	178	202
429	132	190	206
411	142	200	200
401	147	208	202
396	147	215	201
402	151	212	196
392	153	215	196
405	142	208	200
387	146	215	202
384	148	209	197
373	144	219	199
368	146	219	199
368	145	219	193
368	141	217	194
371	138	212	198
363	137	217	195
360	137	212	192
357	138	213	191
346	134	225	196
351	135	218	196
347	134	222	196
341	134	225	198
341	135	226	197
351	134	214	188
337	134	218	189
339	132	213	196
331	134	217	193
337	133	209	197
328	130	216	189
325	128	217	194
320	129	220	180
314	125	224	178
297	127	237	183
317	126	218	181
306	123	220	180
313	122	211	178
298	126	223	178
295	123	222	173
293	129	214	163
298	132	207	160
288	131	209	154
293	133	196	151
287	136	190	147
296	135	173	142
309	139	160	140
306	137	155	140
299	143	167	136
297	146	168	134
297	147	168	134
300	146	166	140
301	147	163	142
303	149	163	143
306	148	162	151
297	149	172	149
295	148	173	151
297	149	169	149
294	149	172	150
297	150	168	150
296	153	167	146
300	153	164	152
299	153	164	150
300	153	162	148
303	153	157	149
305	154	155	152
300	155	163	150
308	153	156	149
298	156	165	148
307	152	162	151
300	150	169	152
306	144	163	152
318	143	161	155
314	143	164	152
316	142	172	151
314	138	170	146
307	139	187	151
317	133	187	163
305	131	197	158
303	131	200	164
303	122	200	171
303	118	210	180
293	113	228	179
298	109	225	190
300	105	224	184
286	95	239	197
289	86	237	198
295	82	231	198
285	72	236	206
307	72	216	194
297	67	221	204
278	59	233	214
277	63	232	207
284	56	227	204
283	55	223	199
296	51	206	203
310	61	197	198
262	65	214	177
262	47	208	183
104	114	181	194
104	109	210	175
104	121	177	178
105	116	190	164
101	115	199	159
97	119	171	169
103	116	178	155
100	115	193	147
109	105	201	151
114	114	189	140
126	101	192	146
112	110	207	140
138	84	204	150
145	77	207	148
125	97	206	146
126	90	206	147
121	100	208	157
121	99	217	151
120	106	205	142
128	88	217	156
137	77	219	165
119	95	223	171
103	117	189	170
124	101	210	145
114	112	208	150
114	103	214	160
121	110	206	157
116	100	201	152
115	121	198	158
155	83	195	150
163	76	197	149
135	95	210	142
128	95	213	147
125	99	210	162
119	106	205	150
117	107	189	148
146	89	190	140
186	62	187	141
230	50	169	130
251	45	154	127
261	45	148	117
267	41	144	118
263	42	146	121
268	42	145	118
269	43	147	119
273	37	155	125
277	34	153	129
281	33	151	130
279	32	157	133
285	33	154	135
279	35	162	141
288	36	154	145
295	39	157	138
282	38	172	145
283	42	178	152
284	45	180	156
289	47	180	166
280	50	191	170
291	59	188	176
284	51	197	184
272	57	214	185
261	61	229	187
248	65	245	192
234	74	258	194
249	70	250	192
233	76	265	200
228	75	272	202
243	82	262	199
247	80	263	207
235	88	273	199
239	90	270	199
240	89	274	200
232	92	281	199
245	97	267	191
257	101	266	196
248	105	274	184
264	106	261	191
274	113	253	186
270	109	257	194
261	117	267	196
268	115	262	210
265	119	267	214
264	121	271	216
264	123	270	218
271	129	263	216
261	132	268	214
285	138	242	208
284	138	243	208
281	141	242	208
280	141	243	212
264	143	261	213
262	147	257	215
253	150	263	216
244	152	271	216
252	154	261	216
246	159	264	209
250	162	258	204
260	157	248	210
265	161	246	208
264	156	249	212
268	162	245	207
273	150	250	217
278	153	247	215
280	147	253	219
271	143	271	219
272	132	281	226
268	124	297	230
284	124	284	225
320	122	253	229
334	125	245	221
342	114	250	231
348	113	243	228
365	111	231	229
364	111	231	233
371	103	232	229
382	106	228	214
394	102	218	198
389	98	212	204
393	90	212	202
399	92	205	184
398	92	208	187
400	92	193	180
401	86	200	180
398	89	198	183
399	90	194	180
382	91	210	184
385	94	213	186
382	97	203	187
381	95	204	194
378	100	204	194
369	109	208	190
375	104	199	193
372	105	200	198
368	107	203	201
365	116	203	202
355	113	210	193
352	117	213	203
341	118	221	215
340	113	220	215
325	117	234	217
326	107	234	233
315	117	247	215
325	114	228	222
317	115	222	224
299	119	230	219
266	133	245	211
261	125	254	220
223	127	275	209
200	126	281	216
154	120	298	224
129	115	278	226
127	122	265	219
116	124	260	219
104	125	254	217
104	125	238	217
93	122	235	218
80	133	232	207
85	119	216	215
84	120	207	212
77	123	205	207
70	123	205	207
70	121	201	209
70	123	201	205
67	122	198	203
69	127	196	195
69	126	193	197
72	125	192	200
71	125	192	201
78	127	185	200
75	126	190	199
78	129	186	199
75	130	189	197
76	131	189	195
77	131	187	194
78	129	186	196
76	129	188	192
79	128	184	193
81	126	181	196
77	128	183	194
76	125	189	196
76	125	190	197
74	127	194	194
77	125	194	196
81	124	191	200
83	125	195	205
85	124	201	210
85	121	210	213
75	121	228	215
79	129	234	210
87	127	241	213
99	124	239	219
107	124	248	222
121	124	248	224
128	125	254	228
135	128	258	226
157	134	260	225
199	146	243	213
221	157	238	206
240	170	233	199
262	175	233	204
277	162	215	209
292	163	192	205
303	156	181	205
302	153	189	197
312	152	187	194
321	144	178	193
319	140	189	195
324	130	193	194
308	137	207	176
299	141	216	175
306	135	213	175
298	136	223	178
313	130	214	180
303	132	225	183
338	129	197	184
339	125	202	187
345	126	196	190
355	122	194	197
365	125	187	191
362	131	201	199
357	137	211	194
378	135	197	196
372	137	208	196
379	138	207	197
378	136	212	205
381	138	216	207
386	136	212	201
388	139	214	201
389	140	212	204
385	142	217	202
379	141	223	205
373	142	224	201
376	145	217	200
374	139	212	205
367	144	216	203
366	139	210	201
370	136	198	207
369	138	189	205
363	134	188	210
361	139	181	205
356	145	181	196
362	139	169	204
367	138	159	206
363	142	158	195
354	142	160	191
355	157	154	184
363	152	144	197
364	157	131	193
375	181	122	170
367	181	130	167
366	200	137	151
373	190	130	161
377	187	127	171
382	167	128	194
372	150	101	214
375	142	104	222
370	151	107	218
370	151	111	228
373	155	116	228
364	151	130	236
363	156	145	230
365	155	148	236
365	162	153	229
363	169	156	218
362	163	161	220
360	161	163	215
356	165	172	196
351	163	176	190
356	156	170	197
356	164	174	186
363	156	174	191
370	144	168	202
369	157	170	185
366	142	171	202
367	157	173	178
359	165	185	176
385	241	160	132
380	258	147	104
386	265	137	95
386	270	138	87
381	272	141	83
383	273	136	83
378	270	142	84
376	269	145	85
376	268	142	86
377	269	145	85
377	264	142	92
382	261	138	95
373	262	146	95
378	248	149	110
373	239	152	124
352	195	171	173
375	217	165	145
359	225	170	135
362	209	168	152
371	207	167	152
373	247	155	114
370	254	154	105
378	264	144	95
382	270	142	87
384	267	137	88
387	275	132	82
393	272	128	83
389	275	131	79
394	275	121	79
400	280	114	74
398	281	116	70
399	283	114	71
399	282	115	70
392	282	122	70
392	278	123	75
394	279	124	74
389	280	128	74
393	278	125	77
391	281	125	74
389	275	127	79
383	267	137	89
382	266	138	92
377	255	146	103
375	241	146	120
375	168	147	198
372	130	156	207
379	127	151	208
376	121	153	210
380	111	148	221
372	127	163	200
387	139	147	197
387	148	145	194
382	182	152	162
374	228	152	131
379	252	139	108
389	261	123	97
392	265	119	91
393	263	118	94
393	256	118	103
392	217	130	152
398	82	173	211
400	82	198	183
390	89	217	179
390	91	222	178
401	90	214	182
405	95	204	180
396	96	210	195
402	105	203	196
398	101	208	201
392	110	217	204
407	105	203	194
384	110	214	215
379	112	222	219
377	121	220	208
375	124	214	208
373	126	211	206
370	120	212	214
367	121	208	209
364	125	204	202
349	131	212	196
338	128	216	195
320	127	225	187
296	118	241	186
296	122	238	184
274	122	253	186
279	122	246	182
265	125	249	176
260	125	244	172
262	131	239	159
259	133	240	162
266	130	235	165
260	131	242	170
268	133	234	172
274	130	231	186
275	132	240	194
276	135	245	200
273	134	250	202
272	134	259	205
275	130	262	208
304	133	236	210
301	140	241	204
320	143	221	204
338	141	206	207
337	139	210	210
331	144	210	197
344	138	197	210
322	143	207	200
325	140	211	202
318	140	204	200
311	138	207	199
290	142	217	199
268	138	238	198
250	133	257	201
233	129	257	197
235	131	239	187
227	141	242	179
217	142	237	173
220	140	222	175
214	139	220	178
200	143	224	173
175	143	241	183
181	145	224	187
180	143	224	192
178	145	228	195
169	149	234	197
166	145	232	206
161	151	236	204
157	147	248	215
151	148	249	219
144	145	246	227
141	144	253	239
132	147	255	235
127	150	258	232
116	148	259	237
109	147	257	240
107	143	248	246
107	141	244	242
110	143	232	240
110	146	225	234
110	151	219	223
93	154	225	223
90	152	215	228
79	151	214	225
77	155	204	215
74	152	205	218
73	150	202	221
66	151	206	219
60	151	207	217
59	152	205	213
57	149	202	213
57	152	195	203
56	151	192	200
54	150	188	201
54	150	184	201
55	147	185	201
57	147	186	203
54	152	184	199
55	154	184	197
53	155	185	199
52	155	188	200
55	160	185	197
53	155	188	199
54	156	187	202
48	155	191	198
48	155	191	198
49	155	189	199
51	159	188	195
49	155	191	201
48	159	191	199
48	156	189	202
49	158	193	208
51	159	190	205
54	162	187	206
52	167	185	202
57	167	184	202
57	166	186	202
55	167	187	205
58	169	189	204
60	171	186	201
