0.011812
0.033130
0.032940
0.034117
0.033143
0.035614
0.038297
0.036054
0.039122
0.035737
0.035912
0.038234
0.034420
0.034203
0.032613
0.032154
0.033042
0.032100
0.034973
0.036241
0.036757
0.034835
0.035896
0.032547
0.034515
0.038217
0.035293
0.035311
0.035057
0.034506
0.033498
0.036571
0.040028
0.036250
0.034891
0.034627
0.034627
0.034061
0.034483
0.039375
0.036549
0.038323
0.034566
0.033194
0.032693
0.034194
0.037901
0.036874
0.037321
0.035486
0.039241
0.033892
0.034111
0.039367
0.036754
0.037754
0.034772
0.035383
0.035969
0.037237
0.038575
0.037950
0.035862
0.035339
0.033473
0.034732
0.033914
0.035642
0.036015
0.037583
0.037724
0.038103
0.035742
0.035221
0.033798
0.034283
0.033232
0.034370
0.034833
0.034581
0.034592
0.037268
0.032605
0.033526
0.035657
0.039267
0.037414
0.036808
0.038319
0.032986
0.037123
0.038195
0.040375
0.036286
0.036144
0.034851
0.034398
0.033015
0.034114
0.031846
0.031734
0.032311
0.031892
0.033938
0.034331
0.033851
0.036187
0.036658
0.035372
0.036568
0.034435
0.035764
0.034791
0.031904
0.036765
0.034099
0.036252
0.036132
0.035660
0.035953
0.034841
0.034905
0.034492
0.033918
0.031729
0.034198
0.032240
0.032617
0.033921
0.032292
0.033680
0.034242
0.035001
0.037160
0.034049
0.034996
0.032807
0.032967
0.035857
0.032040
0.032878
0.032691
0.034046
0.035718
0.034319
0.036134
0.035222
0.033603
0.035310
0.035063
0.033008
0.031995
0.033241
0.033046
0.033111
0.032968
0.034185
0.035719
0.034284
0.032289
0.033791
0.034363
0.035873
0.034852
0.035283
0.034692
0.035256
0.032351
0.033284
0.032932
0.031519
0.031397
0.032761
0.037812
0.039106
0.037907
0.038447
0.035319
0.033966
0.034643
0.033102
0.033889
0.035223
0.034102
0.036713
0.036074
0.036458
0.033452
0.032979
0.035991
0.034198
0.034377
0.038250
0.035650
0.036111
0.035683
0.035012
0.034456
0.033218
0.033558
0.034041
0.032822
0.032528
0.033556
0.033581
0.035270
0.033339
0.032767
0.034288
0.032273
0.032341
0.033960
0.032829
0.032372
0.032914
0.034906
0.033780
0.034910
0.033880
0.033139
0.037224
0.034687
0.039565
0.034121
0.034321
0.034535
0.037818
0.039593
0.036106
0.032954
0.036001
0.032550
0.034005
0.035408
0.037935
0.035280
0.035625
0.034547
0.035172
0.033502
0.032341
0.032390
0.032329
0.036499
0.032220
0.031563
0.034824
0.034952
0.036509
0.035494
0.033550
0.033179
0.032636
0.033535
0.033049
0.032527
0.033463
0.035768
0.036555
0.033946
0.033812
0.034131
0.035468
0.033270
0.033938
0.032098
0.032517
0.031996
0.032841
0.035394
0.036548
0.034703
0.034458
0.035558
0.035537
0.035997
0.034069
0.033144
0.034114
0.031964
0.032783
0.032631
0.033772
0.038479
0.034694
0.034041
0.035811
0.034042
0.036632
0.037931
0.036408
0.034158
0.035137
0.036338
0.040750
0.035351
0.036183
0.033313
0.034715
0.035252
0.033322
0.033560
0.036022
0.034038
0.035488
0.034692
0.032278
0.032295
0.033878
0.032446
0.036781
0.035784
0.037036
0.034191
0.032018
0.033108
0.034672
0.034641
0.035044
0.035952
0.036217
0.033941
0.034696
0.033385
0.034227
0.036757
0.035415
0.033826
0.033882
0.033487
0.032150
0.035586
0.034130
0.035629
0.032839
0.033747
0.035014
0.034890
0.036079
0.035365
0.034917
0.034379
0.033725
0.033481
0.036347
0.034797
0.035053
0.035681
0.034227
0.036787
