0.010539
0.035575
0.035053
0.036142
0.037136
0.036190
0.035162
0.034546
0.035283
0.034749
0.038031
0.037224
0.036684
0.036767
0.036285
0.037966
0.036982
0.035800
0.035631
0.036390
0.035208
0.035913
0.036274
0.035575
0.033512
0.033437
0.032404
0.033573
0.032535
0.031524
0.032184
0.031590
0.034135
0.032357
0.032298
0.033729
0.034325
0.038429
0.037470
0.037872
0.036288
0.036168
0.036282
0.036788
0.037758
0.038809
0.037179
0.036746
0.036381
0.038835
0.036802
0.037274
0.036422
0.038428
0.037631
0.039095
0.035686
0.036798
0.036531
0.037383
0.037708
0.036638
0.038736
0.038098
0.037881
0.037395
0.037500
0.037014
0.037299
0.036804
0.037030
0.036705
0.037325
0.036905
0.038081
0.037327
0.036868
0.036776
0.035073
0.037728
0.037694
0.037282
0.037673
0.037315
0.037224
0.037264
0.037193
0.037513
0.037365
0.036467
0.034084
0.033951
0.032014
0.033805
0.032793
0.031070
0.035393
0.036686
0.035246
0.035844
0.034255
0.034713
0.036365
0.033995
0.034416
0.034792
0.037819
0.037610
0.035179
0.034586
0.035784
0.036374
0.035102
0.036245
0.034648
0.034277
0.037776
0.034087
0.034470
0.034479
0.034503
0.034482
0.034746
0.035060
0.034775
0.034727
0.035022
0.034759
0.038924
0.036611
0.038481
0.037785
0.037969
0.040440
0.036203
0.036211
0.036248
0.035647
0.035925
0.036472
0.035451
0.035626
0.035776
0.036761
0.036666
0.036630
0.035335
0.036325
0.035599
0.036096
0.036143
0.035361
0.036214
0.035768
0.036059
0.036540
0.039208
0.037907
0.037803
0.036943
0.036812
0.037071
0.037198
0.036855
0.037118
0.037340
0.037651
0.037270
0.037498
0.036151
0.035651
0.034202
0.034755
0.034644
0.032082
0.034186
0.034547
0.034007
0.034163
0.033302
0.032746
0.032920
0.032193
0.032439
0.034352
0.034256
0.034567
0.038368
0.037320
0.037490
0.038475
0.037121
0.036858
0.035520
0.035794
0.035355
0.035822
0.035452
0.036653
0.036213
0.036008
0.035810
0.036054
0.036120
0.026052
0.024109
0.026335
0.034307
0.029203
0.027966
0.032874
0.032840
0.034253
0.034111
0.035395
0.034971
0.036680
0.036413
0.033814
0.035851
0.033940
0.033946
0.034312
0.035909
0.038697
0.038777
0.038998
0.036525
0.036180
0.035682
0.035508
0.039915
0.039606
0.038350
0.037110
0.035315
0.035067
0.034837
0.035640
0.033849
0.028493
0.034124
0.038819
0.032659
0.033453
0.034013
0.035803
0.034625
0.036873
0.044864
0.102052
0.099637
0.106810
0.039356
0.095995
0.121071
0.122119
0.119136
0.084082
0.107382
0.104144
0.102734
0.046945
0.074445
0.119631
0.119518
0.119384
0.106725
0.095855
0.107448
0.107510
0.047790
0.073549
0.121107
0.120234
0.120174
0.108256
0.097761
0.106305
0.102157
0.057243
0.082540
0.121188
0.120845
0.120394
0.101104
0.101954
0.104324
0.110490
0.049944
0.081058
0.120204
0.119180
