0.019920
0.109910
0.039557
0.114000
0.121049
0.120643
0.119650
0.058829
0.107066
0.098851
0.104564
0.043430
0.105900
0.121027
0.121584
0.121242
0.073862
0.112572
0.103335
0.105973
0.082942
0.121593
0.120778
0.120821
0.094624
0.105670
0.103062
0.106614
0.046563
0.112053
0.121774
0.121504
0.121007
0.049516
0.093246
0.086176
0.094292
0.031293
0.105371
0.105862
0.106183
0.108286
0.039524
0.101516
0.093570
0.088660
0.089753
0.108608
0.108748
0.108026
0.067092
0.093798
0.092543
0.102459
0.039369
0.109554
0.118986
0.118608
0.118173
0.059562
0.106581
0.106930
0.106394
0.073937
0.121883
0.119349
0.119668
0.100470
0.104118
0.101441
0.105011
0.042980
0.112211
0.119236
0.121467
0.121319
0.062850
0.103261
0.098565
0.107097
0.038405
0.113183
0.121317
0.121194
0.124093
0.067910
0.113131
0.107437
0.092237
0.108469
0.121409
0.121297
0.122167
0.073619
0.107866
0.104853
0.103086
0.042092
0.120660
0.120585
0.120009
0.121182
0.070340
0.107367
0.102012
0.081649
0.111606
0.122551
0.121984
0.123595
0.060301
0.109789
0.100379
0.107517
0.047089
0.119111
0.119237
0.121177
0.120563
0.063317
0.101896
0.102878
0.089720
0.111135
0.119081
0.118626
0.120018
0.058989
0.105235
0.104372
0.105218
0.038285
0.095625
0.119629
0.121426
0.120615
0.079198
0.109614
0.104932
0.107019
0.050191
0.119113
0.117214
0.120469
0.122096
0.064963
0.106257
0.089546
0.100990
0.036759
0.120400
0.121280
0.120966
0.123482
0.072557
0.109438
0.108940
0.082870
0.115117
0.121054
0.122463
0.121619
0.061404
0.109983
0.103869
0.101272
0.081582
0.124296
0.121410
0.120605
0.091779
0.113273
0.104465
0.107391
0.035172
0.120200
0.121707
0.120818
0.120485
0.050719
0.111364
0.101567
0.104762
0.071349
0.119931
0.120006
0.121022
0.102268
0.099689
0.105157
0.103272
0.045075
0.109396
0.121900
0.120291
0.120793
0.071292
0.113092
0.102684
0.101032
0.101529
0.121492
0.121765
0.120461
0.073998
0.112659
0.100621
0.107868
0.045686
0.121418
0.120687
0.119984
0.121958
0.065732
0.104462
0.106212
0.083764
0.057215
0.119576
0.123589
0.123528
0.111244
0.099468
0.104206
0.107774
0.048369
0.088591
0.120981
0.121602
0.120796
0.089195
0.110862
0.099621
0.106347
0.038164
0.102598
0.121842
0.120542
0.120423
0.071738
0.114916
0.098878
0.105417
0.036584
0.101852
0.118662
0.118963
0.121608
0.077374
0.114763
0.107114
0.104213
0.038757
0.112219
0.120453
0.119694
0.117816
0.064507
0.112559
0.101326
0.101896
0.035894
0.115021
0.119406
0.120881
0.121988
0.055582
0.108580
0.101173
0.103026
0.042341
0.109024
0.120633
0.119704
0.119455
0.069894
0.112523
0.086895
0.105958
0.044591
0.072417
0.119344
0.120166
0.119035
0.102340
0.096743
0.105726
0.105672
0.048670
0.108224
0.121151
0.121652
0.122060
0.068628
0.111481
0.100381
0.103712
0.039024
0.116860
0.120299
0.120889
0.120805
0.048853
0.112087
0.098207
0.106913
0.040250
0.099487
0.120212
0.117862
0.121044
0.069800
0.109388
0.099542
0.106685
0.036318
0.099441
0.119102
0.117152
0.121675
0.077231
0.111919
0.103922
0.107851
0.097133
0.120437
0.120814
0.117421
0.084526
0.111994
0.098219
0.101860
0.034043
0.110579
0.122618
0.121185
0.120684
0.063334
0.113435
0.099665
0.106724
0.038024
0.120940
0.120543
0.120516
0.120590
0.050937
0.107844
0.099661
0.100549
0.056838
0.123190
0.118588
0.117589
0.116007
0.094529
0.107681
0.102426
0.043540
0.113635
0.117852
0.120511
0.121269
0.067722
0.110076
0.100973
0.101314
0.038582
0.120324
0.119217
0.122674
0.121888
0.046984
0.105389
0.099783
0.101428
0.039967
0.120090
0.121090
0.118266
0.121877
0.059849
0.107357
0.101865
0.102321
0.035321
0.115125
0.119542
0.121574
0.119095
0.061538
0.110333
0.105541
0.102866
0.064053
0.118914
0.120900
0.121168
0.114378
0.080908
0.099513
0.097270
0.077027
0.093538
0.121461
0.120090
0.121585
0.083236
0.112704
0.098834
0.103204
0.038110
0.104105
0.121072
0.120387
0.119094
0.070501
0.109960
0.106480
0.108009
0.037393
0.116491
0.121979
0.120811
0.121760
0.058230
0.103135
0.100006
0.106107
0.042048
0.121359
0.121441
0.117781
0.119582
0.059809
0.107610
0.103056
0.100701
0.112833
0.123004
0.121102
0.120209
0.061871
0.113025
0.099974
0.106932
0.042288
0.120365
0.121634
0.121879
0.120420
0.050710
0.108961
0.098018
0.102930
0.037199
0.110120
0.122002
0.119730
0.120412
0.068615
0.110355
0.101972
0.104278
0.038894
0.121371
0.121836
0.120956
0.121437
0.052613
0.107774
0.103524
0.103533
0.035401
0.117494
0.121089
0.117262
0.119893
0.062120
0.110641
0.101114
0.100281
0.033168
0.093465
0.118925
0.121356
0.121065
0.082295
0.099346
0.106399
0.106538
0.049455
0.093996
0.120562
0.121561
0.120803
0.085895
0.111911
0.101412
0.104973
0.037472
0.105364
0.122802
0.119993
0.120231
0.068181
0.112630
0.102917
0.108108
0.036236
0.122480
0.120242
0.121049
0.121869
0.054059
0.111024
0.106730
0.102113
0.047408
0.121674
0.121313
0.122393
0.122001
0.042573
0.111503
0.103445
0.103390
0.040417
0.121616
0.121870
0.121590
0.121730
0.058414
0.108883
0.103544
0.091908
0.037423
0.115274
0.121852
0.121747
0.122011
0.065911
0.112799
0.105711
0.095151
0.110918
0.120525
0.120251
0.120525
0.065446
0.112641
0.096233
0.107368
0.037974
0.113732
0.120391
0.120094
0.121460
0.062337
0.112922
0.107882
0.105330
0.047098
0.121355
0.121584
0.121407
0.123559
0.062780
0.110377
0.102110
0.080923
0.062435
0.121036
0.119770
0.119066
0.116960
0.084296
0.105576
0.100024
0.070310
0.113362
0.119677
0.119494
0.121300
0.066944
0.110443
0.100522
0.107620
0.041930
0.120132
0.121427
0.121387
0.121902
0.052128
0.106216
0.099971
0.103301
0.036028
0.115040
0.121648
0.121819
0.123043
0.063734
0.113039
0.102895
0.099576
0.110350
0.119421
0.121077
0.121680
0.071397
0.111401
0.099586
0.105217
0.038845
0.119143
0.121837
0.121027
0.123889
0.052851
0.109881
0.102627
0.102619
0.044321
0.120382
0.121338
0.120428
0.121274
0.071739
0.106820
0.100291
0.084154
0.109413
0.120025
0.119841
0.120745
0.068147
0.109924
0.099106
0.104023
0.036418
0.096379
0.119400
0.119882
0.119092
0.082540
0.104101
0.104316
0.104700
0.044745
0.108469
0.119288
0.119074
0.121256
0.069970
0.106493
0.098333
0.110019
0.044024
0.108332
0.119582
0.119197
0.118801
0.066417
0.111994
0.098750
0.102455
0.037946
0.099841
0.117469
0.119199
0.122176
0.081114
0.113617
0.103498
0.107534
0.082074
0.121401
0.120932
0.121511
0.095395
0.104126
0.099674
0.106584
0.050690
0.093748
0.120780
0.119488
0.119367
0.079145
0.113416
0.099001
0.106851
0.036161
0.106724
0.118438
0.120148
0.120734
0.066558
0.109856
0.102263
0.109488
0.038754
0.115544
0.121770
0.121489
0.121741
0.063453
0.107881
0.101065
0.102970
0.034895
0.111105
0.121177
0.120241
0.121475
0.057810
0.110959
0.100235
0.105783
0.042121
0.114382
0.118268
0.121497
0.121454
0.073332
0.110533
0.109331
0.097443
0.110699
0.119615
0.120138
0.120610
0.067664
0.110053
0.101939
0.107209
0.037826
0.119714
0.118520
0.120672
0.122110
0.047516
0.107715
0.098647
0.104251
0.040593
0.112352
0.121084
0.121418
0.121125
0.062041
0.113732
0.103206
0.103312
0.036303
0.117801
0.121768
0.121546
0.119475
0.062569
0.110368
0.100535
0.102022
0.036114
0.115096
0.121525
0.119242
0.119551
0.055723
0.110230
0.091491
0.104742
0.051722
0.096482
0.119419
0.122225
0.119451
0.082259
0.108933
0.097753
0.105739
0.041509
0.103128
0.120826
0.120715
0.120249
0.071478
0.111452
0.101500
0.105155
0.038139
0.110282
0.125059
0.118445
0.119145
0.063384
0.112263
0.088835
0.102808
0.080220
0.121862
0.119256
0.120670
0.101688
0.099604
0.107901
0.104784
0.050739
0.096023
0.121771
0.117531
0.120865
0.077371
0.108377
0.098895
0.102300
0.042192
0.097692
0.121710
0.121989
0.121720
0.076586
0.102960
0.102454
0.105752
0.037372
0.104638
0.121248
0.121722
0.121010
0.063102
0.113812
0.103254
0.104144
0.037264
0.117985
0.123528
0.120465
0.120462
0.067028
0.111166
0.100199
0.096752
0.038369
0.119922
0.121924
0.121039
0.121591
0.052838
0.105903
0.103921
0.102495
0.105486
0.120112
0.120047
0.121685
0.071550
0.109642
0.099908
0.106844
0.034302
0.109241
0.118690
0.119845
0.120282
0.064925
0.109707
0.102421
0.102387
0.033544
0.112354
0.118889
0.119723
0.119232
0.058302
0.101021
0.112227
0.108933
0.034809
0.110472
0.122094
0.118541
0.120777
0.062922
0.101788
0.101640
0.105496
0.041348
0.095794
0.119276
0.122311
0.121734
0.081550
0.107603
0.101125
0.104463
0.044855
0.075290
0.118567
0.121599
0.122392
0.094969
0.105236
0.103046
0.103804
0.044446
0.106040
0.119269
0.120048
0.118838
0.073401
0.109007
0.098975
0.108136
0.043183
0.111127
0.118636
0.121258
0.121019
0.063363
0.109922
0.106990
0.104543
0.038599
0.117118
0.122888
0.121408
0.123653
0.069445
0.108949
0.104436
0.092823
0.097692
0.119558
0.120815
0.120348
0.078471
0.101310
0.098738
0.105790
0.046795
0.090042
0.118164
0.115958
0.122194
0.079971
0.112196
0.097317
0.102357
0.086087
0.117133
0.117210
0.119132
0.087535
0.100880
0.095475
0.105807
0.047932
0.109351
0.116325
0.120087
0.118703
0.064871
0.105011
0.097157
0.094664
0.035078
0.121801
0.120935
0.119710
0.119329
0.053924
0.104866
0.100064
0.098937
0.041338
0.117647
0.121771
0.118392
0.121601
0.036124
0.110631
0.103041
0.099861
0.030391
0.120263
0.118323
0.121657
0.119523
0.045224
0.112595
0.100502
0.105921
0.029985
0.121721
0.114960
0.118461
0.119732
0.054818
0.111552
0.103168
0.094886
0.042904
0.120122
0.121758
0.121144
0.121229
0.070276
0.103104
0.104912
0.087526
0.110579
0.119112
0.120502
0.121183
0.070289
0.114869
0.109503
0.101040
0.101278
0.121331
0.120455
0.119889
0.078455
0.111966
0.098486
0.103573
0.037139
0.103845
0.119363
0.121755
0.121014
0.074555
0.114559
0.100666
0.104980
0.039917
0.119933
0.120361
0.121034
0.122183
0.043454
0.111389
0.100841
0.107294
0.040695
0.115378
0.118391
0.119223
0.120859
0.061891
0.110298
0.099480
0.103772
0.036756
0.106867
0.119767
0.121032
0.121264
0.071615
0.112110
0.108329
0.102185
0.076889
0.117355
0.119737
0.120583
0.101187
0.106369
0.103385
0.111791
0.036613
0.112132
0.120566
0.120875
0.121939
0.064514
0.110405
0.102568
0.101553
0.039308
0.103762
0.122000
0.121054
0.121768
0.069441
0.113314
0.099834
0.103772
0.038711
0.108751
0.118003
0.118422
0.121987
0.074167
0.112764
0.101957
0.104522
0.034888
0.111948
0.120939
0.121369
0.121622
0.062145
0.110854
0.099890
0.104205
0.037309
0.106775
0.119144
0.120347
0.122193
0.071629
0.112043
0.104526
0.104990
0.061331
0.121106
0.120547
0.122355
0.112988
0.074018
0.100066
0.097946
0.079488
0.074991
0.121268
0.120379
0.120792
0.102024
0.089657
0.099790
0.099845
0.067567
0.045018
0.121621
0.120539
0.120342
0.121933
0.067306
0.107275
0.103858
0.086567
0.109854
0.119109
0.120525
0.119377
0.070870
0.111704
0.099948
0.109690
0.033526
0.110049
0.119995
0.121309
0.121481
0.063809
0.110298
0.102494
0.107238
