0.013270
0.081716
0.099578
0.101837
0.083763
0.091105
0.119092
0.119745
0.121365
0.092726
0.096167
0.102609
0.102078
0.066539
0.103758
0.121495
0.121003
0.120521
0.082573
0.104184
0.101072
0.107184
0.050565
0.105170
0.122173
0.122120
0.120046
0.083296
0.105844
0.099575
0.105014
0.049207
0.076772
0.119847
0.122715
0.121069
0.104700
0.062531
0.097742
0.097589
0.087373
0.034689
0.105459
0.118286
0.118409
0.120933
0.075366
0.099863
0.101693
0.108057
0.046925
0.077408
0.122077
0.122210
0.119788
0.107789
0.077712
0.099679
0.101043
0.084017
0.037079
0.117112
0.119871
0.118630
0.122154
0.066786
0.114554
0.095475
0.107451
0.043826
0.115071
0.121952
0.120225
0.118502
0.073993
0.107758
0.101636
0.105426
0.046517
0.079418
0.119719
0.121739
0.121193
0.106910
0.062245
0.091939
0.088789
0.068810
0.077981
0.106944
0.105506
0.106358
0.080948
0.077914
0.095301
0.093859
0.060766
0.099241
0.109575
0.109727
0.109737
0.071316
0.089055
0.095166
0.096813
0.043441
0.091631
0.121804
0.119030
0.121985
0.085316
0.101730
0.098300
0.105995
0.050959
0.085680
0.118073
0.122533
0.121943
0.087919
0.101937
0.101207
0.104133
0.053649
0.074279
0.120183
0.121512
0.118400
0.112901
0.065648
0.100215
0.105526
0.085483
0.084208
0.119900
0.119117
0.119586
0.101064
0.088593
0.105128
0.100211
0.073351
0.109853
0.118527
0.121917
0.119514
0.076551
0.107104
0.103017
0.103762
0.048563
0.107895
0.116899
0.119102
0.121913
0.080251
0.104942
0.099340
0.108203
0.047775
0.085276
0.122375
0.121896
0.122710
0.099040
0.087316
0.101422
0.104836
0.064258
0.076376
0.122539
0.118130
0.122003
0.109413
0.068403
0.102819
0.101343
0.087064
0.081374
0.121359
0.117511
0.121921
0.097550
0.085972
0.103828
0.106348
0.073141
0.045759
0.123050
0.118284
0.119996
0.121410
0.037971
0.105200
0.100683
0.105128
0.050083
0.090044
0.119436
0.122151
0.118230
0.096351
0.096946
0.101809
0.101045
0.058584
0.069606
0.117098
0.119688
0.119017
0.119844
0.053300
0.109194
0.104550
0.091607
0.040359
0.118506
0.121312
0.115481
0.119447
0.051455
0.103192
0.103229
0.104454
0.041213
0.091750
0.122005
0.118619
0.122428
0.085714
0.101920
0.104512
0.106929
0.042300
0.108927
0.113325
0.122790
0.118575
0.076273
0.102657
0.099036
0.108318
0.046213
0.107673
0.121454
0.117851
0.119558
0.075418
0.104710
0.107201
0.102064
0.044742
0.085298
0.121735
0.118166
0.117340
0.066530
0.101936
0.099737
0.093112
0.033358
0.112363
0.118099
0.117064
0.122195
0.067519
0.100677
0.104239
0.100582
0.055260
0.059556
0.122452
0.121098
0.118231
0.119949
0.032486
0.110051
0.101493
0.109544
0.035033
0.102299
0.118625
0.115737
0.122358
0.087323
0.092249
0.100549
0.105083
0.070507
0.039256
0.119431
0.119944
0.117854
0.122089
0.052901
0.112141
0.103330
0.102712
0.043944
0.090243
0.121525
0.117040
0.118694
0.091700
0.066756
0.100765
0.060340
0.103471
0.054243
0.048193
0.117583
0.122199
0.119527
0.121457
0.044849
0.108603
0.100746
0.105848
0.041344
0.093883
0.118923
0.120358
0.118490
0.088896
0.093063
0.105284
0.099787
0.060769
0.096219
0.114406
0.121541
0.118110
0.090460
0.094718
0.102000
0.099777
0.060787
0.101417
0.117939
0.119595
0.118511
0.082184
0.092178
0.100075
0.097170
0.074313
0.039148
0.122349
0.121571
0.117181
0.116175
0.051546
0.105418
0.104472
0.101374
0.044139
0.073091
0.120361
0.118512
0.119941
0.112448
0.068177
0.104623
0.102940
0.078741
0.056714
0.119452
0.117649
0.115504
0.122366
0.069436
0.105686
0.103001
0.094005
0.035308
0.113831
0.118302
0.118126
0.122307
0.095252
0.102595
0.099806
0.061152
0.098779
0.121614
0.119498
0.122180
0.084393
0.100481
0.104660
0.105702
0.050391
0.092638
0.121902
0.119465
0.121836
0.082800
0.084802
0.104710
0.102049
0.067454
0.101055
0.120771
0.123720
0.120983
0.082368
0.098685
0.102469
0.105359
0.052632
0.108416
0.120080
0.115680
0.121472
0.072150
0.099467
0.100502
0.095982
0.060530
0.064309
0.119814
0.122218
0.119575
0.119260
0.034340
0.113908
0.104217
0.106324
0.028150
0.109871
0.121279
0.118335
0.121204
0.077420
0.105935
0.102712
0.107486
0.046231
0.084650
0.119920
0.122148
0.120884
0.101260
0.095827
0.101359
0.104515
0.063590
0.111609
0.120388
0.117538
0.119849
0.079810
0.103735
0.102008
0.105544
0.050087
0.066584
0.116880
0.119767
0.119873
0.122527
0.067880
0.104602
0.105735
0.091444
0.039290
0.121285
0.120617
0.118318
0.120044
0.061195
0.102043
0.103119
0.102808
0.055394
0.052055
0.122207
0.118947
0.118809
0.120002
0.049950
0.102933
0.085231
0.098358
0.078482
0.040239
0.121173
0.120746
0.121684
0.121863
0.057441
0.100977
0.102500
0.105165
0.056013
0.094107
0.118786
0.119836
0.121765
0.093206
0.063186
0.107832
0.103200
0.088138
0.035141
0.108027
0.118902
0.121091
0.120788
0.078923
0.093977
0.099068
0.103079
0.061979
0.047666
0.121639
0.122392
0.121311
0.118047
0.056251
0.100436
0.101714
0.103764
0.056255
0.037074
0.114742
0.122322
0.120037
0.122159
0.065948
0.103433
0.102003
0.108817
0.049908
0.058660
0.120269
0.119490
0.121165
0.121415
0.067981
0.103148
0.100181
0.100816
0.037012
0.107638
0.118958
0.119635
0.121976
0.082088
0.103543
0.105172
0.103745
0.050096
0.039964
0.122090
0.121766
0.121210
0.119180
0.063125
0.107505
0.102188
0.110464
0.039381
0.074010
0.122211
0.121225
0.118470
0.113475
0.081117
0.100417
0.102393
0.082334
0.058787
0.121257
0.118788
0.118854
0.120500
0.055012
0.109448
0.103864
0.107472
0.039652
0.115449
0.122026
0.121202
0.117252
0.069860
0.114799
0.098012
0.102840
0.045860
0.044713
0.119941
0.121288
0.117105
0.122535
0.057577
0.101511
0.102540
0.104527
0.055930
0.056423
0.121628
0.121711
0.122159
0.122506
0.051502
0.110398
0.102747
0.105449
0.038518
0.109006
0.122094
0.122066
0.121352
0.076805
0.088993
0.100531
0.098106
0.077482
0.039065
0.121698
0.122073
0.121818
0.121022
0.061210
0.113918
0.104472
0.108045
0.043031
0.120615
0.119383
0.121685
0.121619
0.059678
0.113588
0.096328
0.105620
0.044879
0.084723
0.124955
0.121634
0.121932
0.099672
0.099638
0.106321
0.100085
0.063316
0.078264
0.121156
0.119267
0.121892
0.108912
0.088946
0.103361
0.102065
0.071275
0.041304
0.118855
0.119120
0.120951
0.122517
0.061094
0.108289
0.104230
0.108294
0.043121
0.108287
0.122602
0.121079
0.121476
0.076737
0.104597
0.100650
0.103904
0.053262
0.060603
0.121053
0.117479
0.121815
0.122133
0.070493
0.103713
0.104774
0.089422
0.036089
0.115703
0.121157
0.117855
0.122073
0.070353
0.107163
0.100289
0.103629
0.052412
0.078149
0.122344
0.121033
0.120558
0.109884
0.093059
0.100691
0.101401
0.070435
0.058374
0.121035
0.117644
0.121775
0.122419
0.064878
0.111233
0.105345
0.090544
0.041433
0.117058
0.121753
0.119295
0.121838
0.072205
0.109476
0.101742
0.107961
0.040008
0.083366
0.121171
0.119782
0.122006
0.101238
0.092717
0.101260
0.103431
0.072799
0.104297
0.118419
0.121345
0.119277
0.087411
0.072942
0.100430
0.101470
0.088297
0.036156
0.110666
0.119915
0.122132
0.122168
0.073356
0.093721
0.101358
0.102267
0.066711
0.060852
0.121744
0.122321
0.122599
0.121537
0.062679
0.107413
0.106894
0.089313
0.039645
0.110929
0.120726
0.118383
0.119024
0.083770
0.103392
0.099816
0.106373
0.052339
0.073800
0.122076
0.122229
0.119808
0.112493
0.079536
0.097632
0.101122
0.087917
0.047143
0.122073
0.122625
0.120336
0.118781
0.060107
0.108284
0.100122
0.108427
0.039917
0.084735
0.118451
0.119710
0.121909
0.103253
0.085292
0.096609
0.100210
0.085277
0.040065
0.120324
0.118365
0.121837
0.122290
0.057797
0.113825
0.101615
0.106261
0.045964
0.108431
0.120002
0.119253
0.119323
0.084776
0.105198
0.106228
0.105022
0.050257
0.058806
0.119745
0.118040
0.119490
0.122546
0.066943
0.105338
0.100528
0.098166
0.045702
0.119247
0.121848
0.122199
0.121518
0.053549
0.111844
0.102521
0.107799
0.042581
0.107654
0.121949
0.121488
0.117311
0.082158
0.104708
0.105996
0.102969
0.052616
0.056413
0.122180
0.122197
0.122001
0.122007
0.037193
0.112292
0.103185
0.108419
0.043330
0.081714
0.121764
0.121293
0.120700
0.102667
0.061450
0.107095
0.105565
0.090077
0.035635
0.108848
0.119844
0.119748
0.118242
0.078200
0.107050
0.099804
0.108367
0.045399
0.075749
0.120258
0.118316
0.122255
0.113328
0.084682
0.102365
0.099889
0.080959
0.046096
0.118672
0.122224
0.121589
0.122425
0.053236
0.113047
0.101572
0.108967
0.042182
0.109430
0.120159
0.118822
0.119511
0.083541
0.105848
0.100211
0.107875
0.049752
0.087217
0.122279
0.119146
0.118462
0.102274
0.097612
0.096962
0.098948
0.073298
0.110523
0.118517
0.121126
0.119472
0.082112
0.101814
0.101700
0.107276
0.048364
0.073433
0.121413
0.120511
0.117307
0.109039
0.078536
0.099479
0.101707
0.082571
0.087814
0.119833
0.121905
0.122118
0.089123
0.099192
0.104172
0.103230
0.058123
0.047712
0.121802
0.119862
0.121891
0.117451
0.056739
0.111077
0.095742
0.108479
0.042800
0.101568
0.122075
0.121655
0.122060
0.083505
0.108842
0.101779
0.105377
0.046396
0.064743
0.121769
0.122256
0.121289
0.118586
0.067467
0.101816
0.104301
0.093527
0.036756
0.114361
0.122179
0.121528
0.119121
0.071545
0.108659
0.102371
0.107963
0.047843
0.092985
0.121978
0.121921
0.121315
0.094776
0.084476
0.101040
0.100960
0.070369
0.058537
0.121335
0.118913
0.119385
0.122454
0.055782
0.112065
0.098895
0.103320
0.038514
0.108590
0.119886
0.118910
0.123740
0.079944
0.102904
0.102009
0.106614
0.054351
0.054251
0.122110
0.121888
0.121445
0.121667
0.038470
0.111264
0.102582
0.111943
0.044061
0.093798
0.120326
0.118674
0.119979
0.096246
0.063549
