0.014373
0.089488
0.091845
0.032077
0.096088
0.109705
0.109654
0.110282
0.066652
0.091396
0.094621
0.096303
0.042915
0.090919
0.109421
0.109357
0.109541
0.074733
0.088186
0.100979
0.100910
0.065529
0.057791
0.117841
0.121949
0.117878
0.119641
0.057465
0.106657
0.097425
0.097263
0.037607
0.107512
0.121060
0.115082
0.121299
0.073556
0.105642
0.102640
0.104230
0.043227
0.074262
0.122146
0.121615
0.121472
0.108054
0.063775
0.101010
0.100017
0.092096
0.054314
0.122057
0.121948
0.119637
0.118975
0.071497
0.099711
0.106025
0.089329
0.036636
0.121123
0.121944
0.121978
0.118232
0.061184
0.109147
0.100944
0.109457
0.037008
0.084732
0.118660
0.121814
0.121510
0.098483
0.096204
0.100588
0.099871
0.072518
0.110225
0.117979
0.120989
0.119396
0.082648
0.107147
0.100034
0.108062
0.047616
0.076242
0.124791
0.120751
0.121562
0.106159
0.094467
0.099281
0.102825
0.070527
0.063406
0.119438
0.121536
0.121239
0.122444
0.065273
0.106968
0.099896
0.097540
0.041491
0.119590
0.121784
0.120937
0.118861
0.062782
0.114961
0.105695
0.107314
0.035493
0.106054
0.120395
0.121152
0.121069
0.078944
0.107171
0.104821
0.108097
0.047919
0.097640
0.121046
0.120492
0.118352
0.092108
0.102581
0.104073
0.107597
0.050663
0.080623
0.121877
0.121156
0.121374
0.103121
0.094954
0.106982
0.099908
0.061684
0.092162
0.119880
0.118396
0.121449
0.099059
0.096896
0.106189
0.105446
0.059479
0.060555
0.121199
0.119599
0.121540
0.122063
0.064122
0.104505
0.108660
0.089342
0.041906
0.119714
0.119036
0.120992
0.120158
0.064590
0.108572
0.101168
0.107401
0.039738
0.100087
0.121784
0.121691
0.121001
0.084360
0.095128
0.107736
0.101439
0.062445
0.084751
0.121171
0.120366
0.121306
0.100231
0.094691
0.102603
0.104087
0.060760
0.062604
0.119596
0.118038
0.120977
0.122137
0.073202
0.104829
0.103718
0.088677
0.083298
0.119514
0.121682
0.121639
0.103935
0.089119
0.104745
0.102170
0.066987
0.110361
0.121429
0.120410
0.120993
0.078438
0.101825
0.103567
0.085298
0.045322
0.121617
0.121034
0.118169
0.119905
0.056995
0.111066
0.105904
0.108495
0.038802
0.112106
0.119642
0.119611
0.121650
0.076907
0.109913
0.094987
0.104871
0.048726
0.056621
0.121723
0.122177
0.120631
0.121287
0.043731
0.112648
0.103764
0.108108
0.037738
0.084442
0.121485
0.121562
0.121816
0.093348
0.095156
0.099115
0.102579
0.071118
0.047298
0.120858
0.118746
0.119720
0.120902
0.053763
0.106843
0.105806
0.102990
0.040169
0.090490
0.118150
0.117098
0.121646
0.098263
0.074475
0.102599
0.098031
0.081618
0.039463
0.113036
0.120801
0.118089
0.119194
0.073162
0.097918
0.106323
0.101395
0.058445
0.045194
0.121420
0.120850
0.120387
0.119625
0.054044
0.099333
0.103711
0.104013
0.058348
0.057070
0.122038
0.120561
0.120211
0.119831
0.063812
0.104705
0.099392
0.102226
0.039275
0.113169
0.121456
0.119261
0.121847
0.071862
0.092099
0.097659
0.105133
0.066477
0.038914
0.121392
0.121977
0.123069
0.119490
0.063546
0.109251
0.100739
0.109371
0.034352
0.101902
0.118238
0.119388
0.121351
0.086034
0.099314
0.106472
0.104862
0.056628
0.109921
0.121402
0.121746
0.122011
0.076282
0.102911
0.099424
0.108535
0.049349
0.073839
0.121399
0.120745
0.123346
0.107836
0.091398
0.099263
0.103215
0.070706
0.108980
0.120332
0.122064
0.118487
0.079449
0.107135
0.102732
0.107612
0.046640
0.075033
0.120955
0.119285
0.123525
0.109652
0.094217
0.101235
0.100012
0.068391
0.038188
0.112591
0.120709
0.118074
0.122126
0.075271
0.102220
0.107921
0.104344
0.050414
0.079786
0.124523
0.120860
0.121631
0.102476
0.096383
0.103060
0.101679
0.064293
0.059881
0.121973
0.121320
0.121557
0.121859
0.063201
0.104985
0.104222
0.095051
0.038089
0.112070
0.120251
0.120310
0.121382
0.063795
0.112221
0.105057
0.108079
0.043342
0.099465
0.121600
0.120650
0.118767
0.087949
0.109270
0.099332
0.108400
0.046968
0.076485
0.120606
0.121679
0.121499
0.107412
0.089083
0.104446
0.103423
0.067603
0.073793
0.120979
0.120579
0.123438
0.112215
0.081345
0.100471
0.099730
0.086089
0.049531
0.118487
0.121848
0.121514
0.122103
0.051301
0.106846
0.097780
0.107708
0.044468
0.098619
0.121789
0.124200
0.118852
0.081997
0.104600
0.101449
0.102772
0.052467
0.096771
0.121720
0.120870
0.120578
0.084866
0.102287
0.102657
0.106328
0.049715
0.077579
0.121937
0.121770
0.121168
0.108001
0.079599
0.101819
0.099789
0.082804
0.057433
0.121418
0.120388
0.120457
0.122343
0.065826
0.104861
0.104753
0.089754
0.040380
0.118515
0.121582
0.121697
0.121078
0.063848
0.106864
0.101386
0.108082
0.041013
0.099528
0.121495
0.121282
0.120300
0.085406
0.103762
0.102191
0.108342
0.053666
0.074218
0.124130
0.120313
0.120738
0.106210
0.091675
0.098457
0.103176
0.069944
0.103701
0.120865
0.118534
0.121522
0.086074
0.102496
0.101912
0.109725
0.051320
0.068480
0.120738
0.121436
0.120309
0.114271
0.092960
0.104098
0.100159
0.067689
0.081567
0.121631
0.121485
0.121772
0.102009
0.071930
0.103274
0.100175
0.084404
0.036994
0.111526
0.120742
0.119870
0.118212
0.076792
0.110155
0.098190
0.107609
0.047243
0.097485
0.121188
0.121220
0.120888
0.089012
0.104502
0.101389
0.106509
0.048031
0.085310
0.121958
0.121566
0.121570
0.100404
0.098695
0.105067
0.103529
0.059288
0.066486
0.120301
0.121148
0.121140
0.115122
0.094251
0.103315
0.103764
0.067334
0.108954
0.118113
0.120508
0.119829
0.080629
0.107488
0.101544
0.102773
0.049665
0.080981
0.121923
0.120914
0.122036
0.100914
0.065173
0.102511
0.103865
0.087278
0.063105
0.120551
0.119708
0.120336
0.121130
0.062190
0.106082
0.102581
0.089947
0.036785
0.111760
0.119509
0.119060
0.120924
0.076998
0.109602
0.101888
0.102833
0.040707
0.103070
0.120696
0.121403
0.121094
0.078017
0.103876
0.101419
0.106272
0.049819
0.079787
0.118450
0.119464
0.120508
0.104924
0.080719
0.099339
0.098594
0.085366
0.045533
0.120571
0.120040
0.119065
0.121683
0.057869
0.113191
0.098190
0.102797
0.040641
0.093561
0.120237
0.121630
0.121315
0.093240
0.099855
0.104882
0.104337
0.055901
0.086291
0.120768
0.118112
0.121266
0.098839
0.106085
0.101200
0.103692
0.051909
0.063566
0.121189
0.121384
0.118270
0.115733
0.048999
0.109969
0.101212
0.102358
0.036650
0.118280
0.121888
0.124596
0.122370
0.061189
0.106293
0.101128
0.105734
0.044034
0.102335
0.121685
0.121644
0.120507
0.080113
0.105048
0.101516
0.108212
0.051501
0.062530
0.120854
0.121863
0.121430
0.116307
0.085807
0.101425
0.105636
0.071964
0.102824
0.120393
0.121656
0.120762
0.082190
0.097601
0.103194
0.106627
0.047221
0.056765
0.121528
0.119105
0.121360
0.122364
0.048424
0.106994
0.100271
0.105939
0.041165
0.111420
0.120923
0.121699
0.120922
0.075549
0.092868
0.101538
0.097449
0.070332
0.042325
0.117666
0.121397
0.121309
0.121076
0.060682
0.106100
0.101344
0.107766
0.034362
0.093132
0.118813
0.119613
0.121838
0.090702
0.094759
0.104082
0.108624
0.053924
0.062367
0.121456
0.121459
0.120371
0.117568
0.077399
0.100024
0.101248
0.085795
0.036651
0.114814
0.118115
0.119434
0.121838
0.066758
0.101089
0.103095
0.107329
0.052240
0.081403
0.121567
0.120803
0.119353
0.101844
0.097373
0.103989
0.100036
0.063451
0.060907
0.120979
0.120009
0.121108
0.123623
0.070489
0.100667
0.104451
0.089772
0.035248
0.114424
0.124262
0.120522
0.121771
0.067694
0.114497
0.101572
0.105788
0.044654
0.108930
0.117870
0.124392
0.121005
0.075718
0.107558
0.101587
0.096941
0.036093
0.089374
0.105986
0.105873
0.105751
0.069321
0.074714
0.091499
0.093104
0.055996
0.082524
0.109558
0.109019
0.109096
0.083286
0.096622
0.089518
0.090250
0.031254
0.104883
0.108336
0.117000
0.118983
0.064493
0.113508
0.096529
0.110459
0.044590
0.109145
0.119134
0.118309
0.119406
0.082717
0.113763
0.099747
0.107156
0.040711
0.085924
0.119858
0.121732
0.120399
0.101730
0.101332
0.105507
0.098207
0.059284
0.094730
0.119559
0.119209
0.121154
0.092322
0.097812
0.105743
0.102816
0.055494
0.059432
0.120782
0.122236
0.121030
0.121220
0.068660
0.105060
0.108362
0.089654
0.045728
0.121120
0.121587
0.121732
0.119555
0.059369
0.109947
0.102936
0.107489
0.035857
0.108202
0.121289
0.121427
0.122124
0.076045
0.107691
0.105033
0.105353
0.047420
0.103285
0.120794
0.118208
0.120905
0.085347
0.102968
0.101508
0.108261
0.049808
0.079526
0.121987
0.121354
0.120902
0.105353
0.095964
0.103757
0.104654
0.061273
0.074638
0.121863
0.121817
0.121711
0.109289
0.073638
0.104089
0.099461
0.086518
0.038484
0.117995
0.120982
0.118164
0.122105
0.063745
0.114798
0.100030
0.108033
0.044236
0.097416
0.121745
0.122274
0.121203
0.084848
0.103361
0.101670
0.105114
0.049275
0.067387
0.121704
0.121816
0.120603
0.116059
0.064527
0.107315
0.101739
0.096530
0.037280
0.107364
0.120985
0.120972
0.120553
0.077878
0.106905
0.099229
0.107844
0.045947
0.077770
0.124476
0.121230
0.121386
0.103052
0.082808
0.103142
0.099635
0.081045
0.078824
0.121816
0.120770
0.118584
0.109105
0.072893
0.101859
0.104055
0.083853
0.036775
0.117074
0.121514
0.121515
0.121775
0.065104
0.113458
0.097945
0.110538
0.043182
0.090418
0.121774
0.121963
0.121737
0.093474
0.096658
0.109582
0.104257
0.056608
0.075960
0.120949
0.120689
0.121529
0.110967
0.084114
0.102057
0.110209
0.069515
0.064888
0.122102
0.121519
0.121554
0.119043
0.076115
0.102027
0.104693
0.085078
0.034850
0.117130
0.120877
0.120128
0.121186
0.063775
0.111472
0.104609
0.108022
0.042947
0.101342
0.121821
0.120945
0.121100
0.085029
0.101718
0.104143
0.108961
0.049964
0.076627
0.121753
0.123908
0.121736
0.103902
0.092278
0.098575
0.102917
0.069772
0.104128
0.119532
0.117982
0.119249
0.087024
0.101730
0.104666
0.108555
0.051872
0.059781
0.121731
0.121731
0.121303
0.119850
0.082645
0.104574
0.103769
0.076077
0.045117
0.121584
0.121726
0.121572
0.122889
0.074099
0.109083
0.106178
0.091607
0.037894
0.119076
0.120607
0.121618
0.121291
0.060087
0.110847
0.101809
0.110428
0.043251
0.100888
0.119601
0.121511
0.121868
0.086470
0.102049
0.104878
0.103050
0.054652
0.066109
0.121204
0.121259
0.121474
0.118323
0.076911
0.099843
0.099983
0.086913
0.047917
0.121729
0.121831
0.121659
0.120917
0.070801
0.109364
0.099684
0.102315
0.038137
0.112619
0.121678
0.120300
0.120410
0.073929
0.111394
0.104615
0.107797
0.040023
0.092582
0.121026
0.120297
0.121443
0.090244
0.098464
0.101249
0.104537
0.066115
0.097692
0.121517
0.121874
0.121729
0.086757
0.106050
0.099411
0.105523
0.045740
0.086749
0.118625
0.117914
0.118105
0.094823
0.094865
0.104170
0.103648
0.055441
0.099514
0.121613
0.118629
0.117974
0.079444
0.095083
0.102587
0.098309
0.059935
0.090708
0.117347
0.115227
0.121447
0.087717
0.049978
0.106304
0.100304
0.100720
0.062848
0.117085
0.121430
0.118382
0.113235
0.063482
0.103761
0.109221
0.083051
0.093972
0.118054
0.116284
0.121013
0.087057
0.100993
0.099165
0.103682
0.051690
0.093047
0.121503
0.121300
0.119644
0.083812
0.102752
0.104720
0.107347
0.050468
0.071156
0.120959
0.121517
0.119015
0.106361
0.084600
0.102747
0.099233
0.080956
0.059023
0.119351
0.119205
0.121580
0.122173
0.060305
0.108773
0.099824
0.097670
0.076117
0.121574
0.121368
0.121572
0.108595
0.071415
0.102815
0.104119
0.083679
0.036808
0.117703
0.123377
0.119338
0.119366
0.064860
0.110719
0.100069
0.103503
0.041897
0.097866
0.118433
0.121666
0.121606
0.086758
0.093087
0.099529
0.105386
0.067653
0.081264
0.121318
0.120339
0.120705
0.107262
0.087533
0.103591
0.102569
0.067441
0.039135
0.121753
0.120521
0.117872
0.121563
0.065958
0.112157
0.098585
0.104789
0.039191
0.086724
0.121785
0.121427
0.120703
0.101071
0.100415
0.105361
0.099317
0.059434
0.057940
0.122075
0.121467
0.120929
0.118682
0.074511
0.102417
0.105271
0.091473
0.038298
0.119713
0.121993
0.121556
0.121190
0.056115
0.113953
0.103613
0.106932
0.044183
0.107995
0.117951
0.121857
0.121793
0.080050
0.100528
0.104042
0.106065
0.050745
0.067680
0.121375
0.119357
0.121414
0.118246
0.086251
0.096071
0.099378
0.084419
0.067922
0.121299
0.120451
0.120550
0.115410
0.061741
0.105814
0.105455
0.091931
0.047079
0.121296
0.121980
0.121254
0.121563
0.059021
0.108818
0.101225
0.108271
0.036471
0.099252
0.121650
0.122229
0.121431
0.083270
0.108430
0.101529
0.102253
0.049279
0.085010
0.119460
0.120881
0.121555
0.103130
0.094336
0.104226
0.103938
0.064041
0.059862
0.121832
0.120617
0.120570
0.119955
0.061838
0.107324
0.103157
0.093466
0.039198
0.112744
0.119246
0.121123
0.119209
0.068067
0.098791
0.104656
0.108088
0.048176
0.079256
0.121898
0.121562
0.118167
0.103773
0.092560
0.099821
0.100775
0.072929
0.048351
0.118851
0.121884
0.121716
0.118853
0.055667
0.108179
0.105441
0.103119
0.035963
0.114334
0.120564
0.118133
0.120432
0.072067
0.107443
0.102401
0.104010
0.048731
0.074036
0.124034
0.121806
0.121729
0.108445
0.089445
0.101027
0.100629
0.072231
0.047717
0.121794
0.122078
0.118145
0.122085
0.052195
0.107837
0.101556
0.107737
0.042725
0.112862
0.119414
0.121150
0.121344
0.075172
0.102914
0.099311
0.108653
0.043875
0.099122
0.119192
0.123919
0.121593
0.081374
0.111271
0.096171
0.107048
0.043495
0.076343
0.122021
0.121346
0.121674
0.106080
0.075306
0.097777
0.104090
0.084323
0.039352
0.121620
0.121008
0.118252
0.121887
0.063112
0.106482
0.081686
0.098284
0.067425
0.056941
0.120877
0.121218
0.120499
0.122110
0.063046
0.108907
0.100834
0.097844
0.040946
0.115850
0.119366
0.121605
0.121353
0.065723
0.107092
0.099312
0.108448
0.044158
0.080726
0.121373
0.117318
0.123967
0.106263
0.094437
0.099625
0.105484
0.068768
0.073496
0.124747
0.121131
0.120960
0.107718
0.092287
0.102061
0.100188
0.070221
0.057884
0.121318
0.118994
0.119544
0.122043
0.065195
0.108042
0.104105
0.095978
0.041065
0.120629
0.120394
0.121397
0.121675
0.055775
0.110830
0.101345
0.106142
0.043910
0.109486
0.119382
0.118870
0.121693
0.079991
0.104595
0.102213
0.108516
0.045346
0.076080
0.120104
0.120408
0.121227
0.110026
0.092520
0.100129
0.101004
0.072913
0.085737
0.121513
0.121727
0.120906
0.091095
0.097306
0.103112
0.104173
0.062779
0.087271
0.121740
0.121782
0.121340
0.096805
0.091710
0.097499
0.097286
0.075636
0.043331
0.121411
0.121920
0.121782
0.121185
0.059597
0.111401
0.103950
0.107325
0.037199
0.097220
0.121469
0.121104
0.122117
0.085711
0.102314
0.104160
0.105027
0.050340
0.042900
0.117369
0.121726
0.121812
0.121954
0.057522
0.110129
0.098761
0.110722
0.044362
0.088798
0.121988
0.121593
0.120752
0.093442
0.096185
0.104374
0.101187
0.060926
0.083780
0.121873
0.119682
0.118195
0.105480
0.086071
0.099381
0.100179
0.078582
0.050486
0.121205
0.121874
0.121558
0.121593
0.060464
0.111660
0.102270
0.101067
0.038399
0.115747
0.121907
0.121565
0.121195
0.065644
0.111221
0.098848
0.110173
0.041922
0.098174
0.119373
0.120646
0.121673
0.086666
0.107248
0.104616
0.108820
0.047408
0.095576
0.121187
0.120030
0.120425
0.080798
0.068815
0.099683
0.101365
0.085376
0.075655
0.123781
0.121226
0.121004
0.107035
0.073951
0.100533
0.099305
0.089427
0.040160
0.121341
0.119545
0.119472
0.122101
0.065512
0.110869
0.101514
0.109685
0.036076
0.089967
0.121918
0.121000
0.118428
0.098840
0.103883
0.103984
0.104006
0.049864
0.060187
0.120895
0.117580
0.121721
0.121085
0.065062
0.103023
0.101217
0.101089
0.037554
0.114888
0.121196
0.120716
0.121436
0.064389
0.113792
0.101382
0.106047
0.044118
0.107865
0.119436
0.120689
0.124145
0.076200
0.112721
0.099095
0.113135
0.040787
0.083653
0.119645
0.121527
0.121558
0.102772
0.101699
0.105817
0.103404
0.054540
0.063895
0.121973
0.120871
0.121669
0.119523
0.079838
0.102056
0.101717
0.068855
0.084015
0.108053
0.105085
0.105510
0.070442
0.080148
0.090854
0.093730
0.058044
0.069659
0.109691
0.109232
0.112132
0.091941
0.068422
0.090631
0.090234
0.073676
0.049048
0.109593
0.108406
0.117578
0.122326
0.063206
0.104704
0.101559
0.101052
0.052049
0.121744
0.121222
0.121971
0.121696
0.069599
0.110011
0.106301
0.094182
0.039093
0.119268
0.121558
0.121996
0.121861
0.067260
0.109538
0.102458
0.107803
0.042654
0.094218
0.121764
0.121882
0.121768
0.093212
0.099445
0.105891
0.104021
0.056342
0.060830
0.120784
0.122660
0.121200
0.121530
0.057212
0.111722
0.105095
0.094064
0.037971
0.115261
0.121457
0.121655
0.122080
0.072115
0.114141
0.103382
0.107662
0.041528
0.116027
0.121279
0.121824
0.121851
0.070704
0.113638
0.098443
0.110547
0.043906
0.081786
0.121855
0.121924
0.121563
0.102870
0.094940
0.103864
0.104216
0.064968
0.102834
0.122178
0.121660
0.121046
0.084868
0.102639
0.103757
0.106316
0.054283
0.109645
0.122114
0.121637
0.121377
0.078913
0.112396
0.102434
0.110593
0.050162
0.120070
0.121778
0.121551
0.121649
0.067484
0.107968
0.097126
0.112991
0.046198
0.109859
0.121678
0.121661
0.121614
0.076526
0.107864
0.102541
0.108020
0.046378
0.082181
0.122185
0.121819
0.121324
0.102331
0.098829
0.107635
0.106142
0.058609
0.064425
0.121994
0.121923
0.121894
0.121197
0.082852
0.098606
0.101156
0.088466
0.039181
0.117991
0.121865
0.121956
0.121774
0.063332
0.111523
0.097971
0.112666
0.041584
0.086143
0.122035
0.121680
0.121800
0.099206
0.090241
0.102048
0.101912
0.074608
0.102642
0.121238
0.121910
0.121268
0.084107
0.108791
0.100288
0.108576
0.049607
0.108864
0.121566
0.123843
0.121345
0.075946
0.102357
0.104534
0.111326
0.050823
0.101490
0.121666
0.121434
0.121378
0.084558
0.108967
0.099732
0.107573
0.052767
0.115440
0.121386
0.121624
0.122151
0.070639
0.109952
0.097548
0.108053
0.050122
0.104132
0.121972
0.122066
0.121702
0.083168
0.095129
0.109459
0.104473
0.059129
0.108305
0.121675
0.121382
0.122109
0.075252
0.110052
0.097872
0.108488
0.050748
0.100114
0.121077
0.120688
0.122149
0.085185
0.104552
0.106222
0.104609
0.053644
0.105038
0.121700
0.121572
0.122085
0.084159
0.109716
0.101710
0.107287
0.048060
0.109152
0.123575
0.121870
0.121941
0.076270
0.115169
0.102224
0.107662
0.044469
0.080218
0.122212
0.121772
0.121348
0.103259
0.095758
0.104221
0.101346
0.067016
0.109931
0.121793
0.121802
0.122037
0.078492
0.115922
0.098029
0.112011
0.043893
0.095373
0.122026
0.121999
0.121903
0.089089
0.097759
0.107951
0.098451
0.038579
0.083231
0.105770
0.105269
0.105168
0.073651
0.049943
0.095528
0.097200
0.082308
0.067914
0.109592
0.109070
0.109519
0.098620
0.053606
0.092974
0.095690
0.080896
0.040317
0.110744
0.119686
0.121550
0.121896
0.060354
0.109457
0.103978
0.108544
0.037544
0.109566
0.122598
0.121051
0.122179
0.079047
0.114556
0.109432
0.107893
0.039838
0.107748
0.122202
0.123121
0.121583
0.075616
0.102021
0.104499
0.106193
0.054136
0.103195
0.121565
0.121572
0.121620
0.084355
0.103304
0.103844
0.052953
0.104416
0.122277
0.121430
0.122127
0.083294
0.108719
0.099436
0.108537
0.050197
0.093305
0.121958
0.121712
0.121255
0.098483
0.102582
0.103588
0.106823
0.054364
0.109020
0.122004
0.121945
0.121814
0.077655
0.108552
0.100772
0.109761
0.047712
0.109110
0.121567
0.121415
0.121877
0.077928
0.101727
0.104152
0.102518
0.059156
0.109378
0.121713
0.122241
0.121363
0.078639
0.108028
0.100353
0.107676
0.049906
0.109769
0.122000
0.121535
0.121370
0.077844
0.108506
0.099094
0.108125
0.051076
0.108274
0.121732
0.121247
0.121726
0.077807
0.102932
0.104286
0.106467
0.054541
0.109163
0.121734
0.121640
0.121655
0.078557
0.108522
0.100495
0.107927
0.049582
0.108685
0.121343
0.121346
0.121394
0.075891
0.102329
0.103797
0.106440
0.053161
0.067767
0.122353
0.121677
0.121426
0.116559
0.086400
0.103002
0.099042
0.081954
0.051558
0.120280
0.122043
0.108104
0.105868
0.036585
0.093260
0.088737
0.096697
0.032126
0.094297
0.105072
0.108276
0.109114
0.068555
0.092316
0.092479
0.096705
0.043273
0.087772
0.109601
0.109857
0.109683
0.076740
0.084741
0.099275
0.103928
0.063140
0.067262
0.120131
0.119657
0.119197
0.120253
0.042596
0.107492
0.109791
0.100377
0.037646
0.110435
0.122119
0.121651
0.121943
0.075614
0.103981
0.105687
0.105222
0.048301
0.057542
0.121876
0.121185
0.118358
0.119939
0.075281
0.105462
0.103248
0.089748
0.048256
0.122062
0.121751
0.121758
0.121310
0.063140
0.109732
0.101515
0.104726
0.038394
0.093637
0.123816
0.120649
0.121450
0.090224
0.102234
0.104400
0.106406
0.053975
0.075313
0.122256
0.121777
0.121382
0.109587
0.095694
0.097589
0.105734
0.065324
0.052605
0.117874
0.121245
0.121538
0.122458
0.067778
0.107697
0.102779
0.098479
0.039158
0.114476
0.121971
0.121449
0.121737
0.064821
0.110558
0.104012
0.108019
0.041843
0.092269
0.121933
0.120958
0.120388
0.093226
0.102590
0.105064
0.105421
0.054079
0.065261
0.121024
0.119083
0.121651
0.118919
0.085886
0.100442
0.098636
0.079889
0.038379
0.118417
0.120960
0.117846
0.120733
0.068784
0.112892
0.098717
0.110796
0.044017
0.101219
0.123581
0.120548
0.121089
0.085156
0.107568
0.101871
0.103636
0.049984
0.058062
0.121600
0.121766
0.121402
0.122106
0.065835
0.104190
0.100041
0.098055
0.037797
0.102474
0.121665
0.121270
0.123941
0.079690
0.101742
0.103587
0.108340
0.049951
0.055516
0.120597
0.121680
0.121460
0.121573
0.067197
0.104478
0.100487
0.097486
0.081234
0.121210
0.118067
0.121769
0.111189
0.078367
0.099594
0.098768
0.086709
0.040373
0.119380
0.121154
0.120612
0.119882
0.059837
0.113114
0.103068
0.107930
0.044883
0.108414
0.118207
0.119200
0.121683
0.081941
0.100319
0.103794
0.106567
0.054077
0.084753
0.121171
0.124370
0.114434
0.082796
0.065010
0.089257
0.089950
0.066648
0.078368
0.106065
0.108255
0.110530
0.080622
0.075708
0.094042
0.096587
0.060698
0.091377
0.109423
0.108850
0.109315
0.075191
0.092370
0.095149
0.106033
0.050951
0.066518
0.122407
0.121011
0.121252
0.118807
0.079300
0.103399
0.101485
0.083867
0.046916
0.121566
0.121870
0.121789
0.119344
0.055822
0.109187
0.100238
0.110501
0.044393
0.079937
0.124748
0.120343
0.118285
0.104620
0.091868
0.100554
0.103055
0.072000
0.094629
0.121382
0.120796
0.121732
0.094717
0.092944
0.101224
0.104737
0.066587
0.058934
0.121676
0.121794
0.121972
0.122028
0.064783
0.107637
0.106033
0.092372
0.038155
0.112269
0.121673
0.121441
0.121459
0.075064
0.112288
0.102008
0.110377
0.041903
0.093010
0.121973
0.122000
0.121707
0.094529
0.100899
0.107137
0.106068
0.056949
0.074607
0.123930
0.119868
0.121891
0.111207
0.087255
0.101440
0.102292
0.076702
0.045245
0.121284
0.121779
0.118917
0.121621
0.062996
0.109821
0.103109
0.108607
0.040387
0.110511
0.120712
0.118207
0.119436
0.082624
0.102212
0.104580
0.106401
0.055488
0.108494
0.122130
0.121337
0.120716
0.076718
0.103214
0.107868
0.105228
0.050647
0.084948
0.120940
0.119367
0.121709
0.104347
0.093177
0.105014
0.104847
0.064526
0.062098
0.119267
0.121915
0.122071
0.122100
0.059535
0.107327
0.103629
0.096105
0.038882
0.116408
0.121612
0.122080
0.122601
0.064312
0.112223
0.097720
0.108294
0.049091
0.108896
0.121032
0.120605
0.120940
0.079924
0.103380
0.100144
0.103919
0.054554
0.065325
0.121855
0.121639
0.121829
0.118731
0.074663
0.105253
0.105114
0.085616
0.052487
0.121397
0.122001
0.121360
0.121909
0.060481
0.109471
0.102191
0.101233
0.038031
0.114937
0.122084
0.122310
0.121383
0.069941
0.113829
0.097795
0.110590
0.044410
0.093514
0.122028
0.121965
0.121953
0.093646
0.094685
0.109185
0.106827
0.055658
0.065869
0.121751
0.121650
0.121979
0.117911
0.079573
0.101107
0.102473
0.083896
0.037616
0.115349
0.122582
0.120651
0.121972
0.064150
0.110980
0.103226
0.110519
0.043442
0.100638
0.121523
0.119538
0.121375
0.089089
0.102815
0.109355
0.108410
0.049206
0.111454
0.122162
0.121783
0.121670
0.075792
0.102727
0.104893
0.107965
0.047528
0.074197
0.121843
0.121927
0.121472
0.109887
0.090710
0.104351
0.101176
0.070766
0.044769
0.122167
0.121612
0.121631
0.121447
0.063801
0.107877
0.103259
0.108425
0.038378
0.110856
0.122819
0.121825
0.120869
0.075420
0.112075
0.096752
0.102910
0.052505
0.064747
0.120702
0.121952
0.119694
0.118199
0.079019
0.103406
0.102093
0.084507
0.037005
0.117996
0.122002
0.121725
0.122123
0.062990
0.112818
0.100201
0.110477
0.043454
0.109079
0.120700
0.121504
0.118740
0.079769
0.104044
0.108206
0.106120
0.049812
0.075272
0.122010
0.121415
0.120778
0.108388
0.092440
0.100527
0.102529
0.070890
0.059738
0.121406
0.121887
0.117628
0.112794
0.096998
0.099988
0.105860
0.068396
0.064816
0.121840
0.121667
0.121288
0.120914
0.063020
0.104913
0.106364
0.091986
0.036855
0.116220
0.119585
0.122004
0.121740
0.066783
0.107419
0.102459
0.108191
0.049480
0.108624
0.120859
0.118224
0.121985
0.080850
0.103499
0.108212
0.094071
0.036161
0.095305
0.105663
0.105932
0.105865
0.062987
0.026040
0.099198
0.090691
0.095956
0.034512
0.091863
0.109087
0.109746
0.109204
0.072494
0.095170
0.092030
0.097136
0.042774
0.087307
0.119257
0.121831
0.122020
0.088533
0.104859
0.102227
0.108593
0.052903
0.094846
0.121878
0.122253
0.121669
0.093399
0.101120
0.103632
0.106293
0.057814
0.082047
0.122331
0.122005
0.122388
0.105171
0.098477
0.102158
0.104019
0.066586
0.071965
0.121720
0.121584
0.121595
0.113899
0.089231
0.098108
0.100295
0.079678
0.043736
0.121769
0.121985
0.121871
0.121232
0.057897
0.107471
0.097850
0.110532
0.043385
0.107366
0.122140
0.121852
0.121527
0.075773
0.103995
0.106874
0.111583
0.051422
0.103088
0.121634
0.121018
0.119857
0.083965
0.103830
0.101845
0.108532
0.051880
0.075224
0.122635
0.120970
0.121848
0.110458
0.076116
0.097639
0.101497
0.089767
0.037961
0.116291
0.121450
0.122234
0.122010
0.063816
0.106981
0.102671
0.108069
0.046787
0.084095
0.122234
0.121981
0.122121
0.101024
0.099653
0.107356
0.110020
0.052210
0.109542
0.121505
0.121633
0.120859
0.077692
0.103530
0.106326
0.104774
0.048712
0.066745
0.121727
0.121104
0.121162
0.116312
0.077345
0.102962
0.101633
0.086163
0.039535
0.122081
0.121909
0.121380
0.121700
0.055811
0.113543
0.099725
0.110047
0.043251
0.111844
0.122049
0.122843
0.121575
0.072785
0.113206
0.102186
0.107919
0.042964
0.108881
0.121760
0.121899
0.120864
0.078106
0.103247
0.104286
0.107736
0.048046
0.086575
0.121309
0.121183
0.121665
0.100366
0.098536
0.104877
0.101944
0.064869
0.073849
0.122448
0.120929
0.120776
0.111152
0.084078
0.102887
0.099520
0.081088
0.045716
0.121403
0.121248
0.121398
0.121198
0.053112
0.110966
0.099337
0.106563
0.044559
0.101196
0.121843
0.121680
0.121861
0.081263
0.103565
0.108055
0.104634
0.050180
0.072713
0.121888
0.121819
0.121723
0.115371
0.076260
0.103746
0.102272
0.086047
0.038332
0.114679
0.119454
0.121796
0.121752
0.070087
0.110344
0.102011
0.103674
0.047270
0.074183
0.121515
0.121280
0.121485
0.109743
0.084597
0.102780
0.101829
0.077748
0.040116
0.116978
0.119813
0.121665
0.122185
0.062895
0.112368
0.098094
0.109114
0.046660
0.097658
0.121778
0.121324
0.121869
0.086681
0.106529
0.105566
0.107328
0.048440
0.094280
0.121303
0.121459
0.121315
0.094441
0.112601
0.099786
0.107460
0.050440
0.082575
0.122282
0.121674
0.121143
0.102083
0.084508
0.100082
0.103516
0.076889
0.051057
0.121355
0.121338
0.121099
0.122498
0.062451
0.109267
0.099221
0.101024
0.037723
0.098184
0.117262
0.119385
0.121673
0.094361
0.095910
0.107031
0.101066
0.061378
0.065863
0.120140
0.121801
0.121477
0.117340
0.078612
0.103927
0.106270
0.081191
0.061757
0.121256
0.121797
0.119896
0.119120
0.071509
0.103399
0.104759
0.088906
0.042707
0.121295
0.121949
0.120983
0.121368
0.060757
0.111513
0.103596
0.108445
0.038580
0.097533
0.118436
0.119117
0.121288
0.091666
0.079229
0.094191
0.100811
0.090388
0.039040
0.117721
0.121622
0.121961
0.121752
0.069628
0.113764
0.106325
0.108670
0.035444
0.112941
0.124517
0.121268
0.120775
0.072277
0.108400
0.101938
0.109246
0.041928
0.095119
0.105836
0.105931
0.106033
0.063261
0.082832
0.093655
0.097248
0.040416
0.090821
0.109765
0.109220
0.109370
0.074536
0.089278
0.095572
0.096976
0.045016
0.088785
0.109724
0.109554
0.113659
0.085491
0.101926
0.104144
0.108691
0.055554
0.112439
0.121570
0.121965
0.121942
0.076019
0.100592
0.104669
0.109061
0.050583
0.077473
0.121290
0.121336
0.121603
0.110449
0.094154
0.095737
0.098351
0.081081
0.065304
0.121979
0.121349
0.121067
0.119101
0.078866
0.103206
0.104184
0.082873
0.039905
0.120269
0.121580
0.121605
0.122039
0.062158
0.113074
0.103605
0.108352
0.041037
0.109200
0.119661
0.121520
0.121339
0.078431
0.108867
0.099059
0.110955
0.049206
0.111150
0.121435
0.121704
0.122057
0.076361
0.112504
0.102991
0.109736
0.043734
0.091835
0.121904
0.122031
0.121268
0.095876
0.097123
0.106693
0.104470
0.057271
0.075084
0.123068
0.121266
0.121339
0.111192
0.098560
0.107543
0.104029
0.061051
0.108981
0.121882
