0.016729
0.121868
0.119884
0.121933
0.120401
0.064698
0.109927
0.104662
0.102472
0.038027
0.114008
0.118990
0.121103
0.121943
0.077474
0.105720
0.103045
0.107582
0.044824
0.074570
0.122586
0.121284
0.118889
0.112878
0.084614
0.102802
0.101166
0.078283
0.059877
0.119675
0.118698
0.119487
0.122382
0.048333
0.110224
0.105468
0.103451
0.037692
0.110933
0.122092
0.120032
0.119153
0.077989
0.091230
0.099783
0.103294
0.070235
0.039697
0.120879
0.118550
0.121664
0.122500
0.060695
0.114189
0.103726
0.109196
0.041221
0.111544
0.120671
0.120722
0.120766
0.077452
0.105997
0.102487
0.110549
0.043752
0.080635
0.122161
0.120836
0.118343
0.106056
0.089236
0.104442
0.100202
0.074044
0.103016
0.121578
0.118442
0.118969
0.091343
0.104884
0.101682
0.108231
0.050311
0.058334
0.118473
0.119786
0.121720
0.120191
0.067984
0.103220
0.102586
0.102438
0.039924
0.108085
0.120921
0.119848
0.121695
0.079746
0.101910
0.104037
0.106433
0.052708
0.078966
0.122215
0.121811
0.121501
0.106697
0.093632
0.102506
0.105153
0.064501
0.061024
0.121480
0.117764
0.121615
0.120160
0.052957
0.108563
0.099634
0.108966
0.034823
0.100299
0.122285
0.122273
0.122217
0.084741
0.104676
0.104742
0.108171
0.045498
0.080272
0.122448
0.121718
0.122160
0.104249
0.095116
0.103488
0.100381
0.066150
0.107790
0.122219
0.121285
0.120620
0.078534
0.102412
0.102697
0.101844
0.050034
0.074209
0.121228
0.121357
0.119140
0.115671
0.098724
0.104569
0.097219
0.066131
0.057712
0.122248
0.122006
0.117035
0.120424
0.073106
0.106736
0.110021
0.089185
0.060906
0.119931
0.118200
0.119230
0.122772
0.050869
0.107169
0.103540
0.108866
0.036968
0.107204
0.120239
0.117893
0.122000
0.079732
0.112110
0.097406
0.111035
0.042882
0.075520
0.122108
0.121380
0.118780
0.113240
0.091834
0.103755
0.102616
0.070753
0.065696
0.122149
0.121560
0.122101
0.120506
0.081770
0.100840
0.101236
0.085212
0.051067
0.121365
0.122360
0.121164
0.121802
0.044940
0.109894
0.107219
0.105127
0.038943
0.118041
0.121813
0.120841
0.121476
0.067074
0.107709
0.101991
0.106921
0.047038
0.096733
0.122092
0.122057
0.121626
0.087368
0.094371
0.102313
0.108350
0.064243
0.076527
0.122361
0.123365
0.118354
0.108877
0.085977
0.103939
0.098288
0.073687
0.110951
0.121670
0.119744
0.121011
0.076871
0.109923
0.096767
0.104945
0.047158
0.082448
0.122112
0.121764
0.121872
0.102017
0.082987
0.103236
0.099334
0.081404
0.038455
0.120634
0.119644
0.121823
0.122246
0.055336
0.111030
0.105954
0.108266
0.044216
0.109210
0.118807
0.121089
0.119347
0.080565
0.107244
0.100590
0.108192
0.044163
0.071082
0.122476
0.121962
0.122088
0.115494
0.090222
0.103261
0.102258
0.072685
0.055226
0.119788
0.121655
0.122126
0.121311
0.065156
0.109010
0.109174
0.089742
0.040992
0.121141
0.118780
0.121290
0.122021
0.059917
0.104820
0.101367
0.106558
0.052023
0.056670
0.119551
0.121946
0.121608
0.121515
0.066693
0.107517
0.102000
0.096063
0.042510
0.120461
0.120101
0.121540
0.121058
0.058961
0.111622
0.101622
0.103632
0.044832
0.080918
0.122298
0.122069
0.122199
0.103227
0.089607
0.099319
0.097852
0.077875
0.043163
0.121758
0.119955
0.121012
0.118163
0.063185
0.110772
0.100340
0.108265
0.035544
0.108975
0.120209
0.121777
0.120749
0.077704
0.101678
0.102131
0.110328
0.049588
0.057223
0.121276
0.120684
0.119467
0.122264
0.067532
0.102836
0.104294
0.095343
0.039049
0.114134
0.119365
0.122220
0.121321
0.066692
0.107388
0.104965
0.102896
0.049611
0.101698
0.119532
0.122041
0.121334
0.087142
0.097404
0.106587
0.101180
0.058405
0.056932
0.121991
0.122248
0.121649
0.121866
0.066556
0.102923
0.104173
0.093659
0.037225
0.119341
0.121180
0.121613
0.122152
0.061922
0.112689
0.101690
0.106179
0.043649
0.104035
0.120305
0.118885
0.119742
0.087914
0.104357
0.101882
0.106235
0.051648
0.061019
0.122002
0.118468
0.122154
0.122356
0.077457
0.102915
0.099663
0.090498
0.050486
0.121287
0.118299
0.119472
0.122045
0.053973
0.110560
0.101598
0.111140
0.038518
0.098081
0.121970
0.121839
0.121028
0.086761
0.099295
0.107287
0.108784
0.052248
0.100714
0.121768
0.121579
0.121469
0.088947
0.104865
0.101912
0.103737
0.051696
0.071789
0.120173
0.122174
0.121816
0.112528
0.074342
0.099479
0.102046
0.089184
0.039573
0.118689
0.122293
0.121792
0.122636
0.062767
0.113733
0.103993
0.107929
0.037651
0.094974
0.120042
0.121334
0.121236
0.091435
0.097633
0.106861
0.103431
0.056033
0.047770
0.121605
0.121301
0.117519
0.120237
0.068962
0.107602
0.103329
0.103641
0.040796
0.115329
0.118448
0.119564
0.122172
0.069540
0.115500
0.102541
0.108392
0.040312
0.099107
0.121172
0.119732
0.122177
0.086265
0.109065
0.103909
0.105600
0.045873
0.075942
0.118695
0.119097
0.122174
0.113295
0.081452
0.098112
0.102126
0.084723
0.067190
0.120454
0.118488
0.119760
0.119515
0.079592
0.103193
0.102367
0.083818
0.101963
0.121908
0.121033
0.118063
0.087394
0.103916
0.101700
0.106285
0.052672
0.075496
0.122164
0.121732
0.121648
0.108159
0.085926
0.103150
0.095294
0.080917
0.095217
0.119752
0.119074
0.121608
0.094815
0.099784
0.104715
0.103788
0.051450
0.057984
0.121231
0.117420
0.122302
0.122537
0.067831
0.109957
0.104380
0.089841
0.044652
0.121622
0.119385
0.121643
0.122494
0.052202
0.106723
0.103822
0.102167
0.051264
0.096565
0.121982
0.121972
0.121062
0.088345
0.105246
0.101557
0.106544
0.046712
0.107758
0.120079
0.118933
0.121760
0.080342
0.106450
0.101780
0.102964
0.048177
0.063852
0.121931
0.121573
0.119603
0.120439
0.070391
0.106257
0.106390
0.085791
0.058125
0.121406
0.118532
0.119626
0.121635
0.063679
0.104222
0.102638
0.101391
0.038505
0.113605
0.122147
0.118512
0.122071
0.072036
0.114246
0.099857
0.107180
0.041066
0.076574
0.119167
0.121819
0.121903
0.110258
0.091243
0.102776
0.101214
0.072464
0.093411
0.122050
0.121958
0.121679
0.088509
0.105639
0.101202
0.108390
0.047614
0.059575
0.117010
0.120118
0.121740
0.120745
0.069793
0.109619
0.106271
0.089477
0.035481
0.115645
0.118540
0.121023
0.121631
0.066800
0.108576
0.100114
0.103225
0.054335
0.076924
0.119662
0.122079
0.120371
0.107828
0.077423
0.099874
0.102407
0.082548
0.100545
0.122284
0.121013
0.118488
0.089756
0.103335
0.101692
0.106294
0.051980
0.062143
0.122266
0.122146
0.122029
0.116977
0.071882
0.102493
0.100700
0.090657
0.039647
0.110893
0.121131
0.118937
0.121676
0.071451
0.102499
0.102368
0.107577
0.054088
0.100353
0.121539
0.118419
0.121633
0.084188
0.103660
0.101494
0.106745
0.050300
0.077672
0.119613
0.121765
0.122303
0.111047
0.077918
0.081681
0.102004
0.102848
0.037555
0.110707
0.121903
0.119206
0.118613
0.077553
0.097091
0.105726
0.101054
0.063307
0.075490
0.118673
0.119584
0.121919
0.111295
0.080687
0.099909
0.096720
0.085320
0.084202
0.119817
0.122326
0.117036
0.099339
0.094259
0.098614
0.100646
0.072791
0.099971
0.120055
0.119426
0.121833
0.088216
0.096646
0.104730
0.108307
0.049334
0.075684
0.122283
0.122051
0.122563
0.111099
0.096950
0.102532
0.104285
0.064841
0.048264
0.119655
0.121724
0.121543
0.122586
0.061677
0.109702
0.099897
0.101424
0.038774
0.117902
0.120939
0.118302
0.119517
0.069153
0.107565
0.103638
0.106086
0.047646
0.095495
0.117338
0.122172
0.121577
0.092368
0.098286
0.104628
0.101295
0.062575
0.055821
0.121432
0.118871
0.121988
0.122113
0.077376
0.103150
0.103810
0.089543
0.039432
0.116528
0.117024
0.120505
0.119670
0.067750
0.104489
0.102080
0.108531
0.050759
0.103109
0.120240
0.118275
0.120401
0.087329
0.101679
0.105003
0.104269
0.050235
0.078658
0.121736
0.120942
0.119742
0.112888
0.091393
0.101983
0.101370
0.072691
0.102501
0.120869
0.118509
0.118983
0.091178
0.099638
0.102224
0.103436
0.055499
0.069059
0.122141
0.121172
0.117712
0.118271
0.077541
0.100837
0.098730
0.091704
0.040373
0.118739
0.119674
0.122258
0.119823
0.060136
0.109421
0.102845
0.110639
0.045225
0.092752
0.120627
0.119582
0.121446
0.093000
0.093981
0.102984
0.104658
0.061651
0.077596
0.114866
0.119771
0.122256
0.114739
0.089845
0.097621
0.100345
0.079585
0.050443
0.122131
0.122125
0.122104
0.121213
0.068520
0.109068
0.109061
0.089559
0.092079
0.121336
0.121809
0.119184
0.092326
0.096181
0.104215
0.103959
0.061386
0.064759
0.122462
0.122160
0.121772
0.121086
0.080439
0.099694
0.098746
0.086796
0.046024
0.121290
0.120924
0.122111
0.121925
0.053855
0.105137
0.102655
0.108018
0.047405
0.071687
0.122218
0.121804
0.117831
0.110992
0.067615
0.104337
0.104325
0.085589
0.038984
0.076821
0.122368
0.121676
0.122104
0.105066
