0.018167
0.103455
0.108260
0.049463
0.109864
0.121768
0.121534
0.122471
0.078255
0.109579
0.100576
0.108879
0.050313
0.109469
0.118914
0.119679
0.122499
0.082378
0.103960
0.102309
0.097352
0.040436
0.098642
0.105802
0.105479
0.106140
0.062063
0.053171
0.090648
0.096945
0.079240
0.084308
0.109867
0.109420
0.109918
0.082526
0.079434
0.092744
0.094867
0.059298
0.066574
0.110229
0.109920
0.120695
0.109949
0.084313
0.106634
0.105375
0.073796
0.060708
0.121931
0.121879
0.122021
0.121667
0.068212
0.105713
0.103698
0.092512
0.037749
0.112886
0.121687
0.122258
0.121918
0.072142
0.107316
0.103979
0.105597
0.048196
0.073996
0.118128
0.119898
0.121842
0.117485
0.084006
0.106000
0.102185
0.078932
0.076974
0.122554
0.121985
0.121725
0.108388
0.094698
0.100291
0.103322
0.072794
0.109790
0.120953
0.120203
0.122059
0.080231
0.105314
0.105844
0.105076
0.051679
0.092776
0.122182
0.121692
0.121358
0.097196
0.106376
0.102266
0.107125
0.055387
0.085993
0.123054
0.121904
0.122269
0.096263
0.100307
0.107121
0.110012
0.053745
0.073105
0.122416
0.122312
0.121393
0.110690
0.093359
0.102990
0.102893
0.070740
0.043880
0.122053
0.122290
0.121840
0.122476
0.056123
0.113859
0.104085
0.107937
0.041145
0.110035
0.122127
0.122161
0.122402
0.076369
0.109720
0.100211
0.108409
0.051694
0.110485
0.121976
0.122077
0.121985
0.077067
0.093262
0.107362
0.104874
0.059710
0.079398
0.122456
0.121695
0.122016
0.108470
0.080356
0.097465
0.099934
0.086990
0.038548
0.116534
0.122335
0.121631
0.122516
0.066171
0.113217
0.102205
0.108128
0.041891
0.084206
0.122750
0.122001
0.122120
0.100406
0.098180
0.104514
0.104948
0.063218
0.062001
0.122464
0.122252
0.122078
0.122082
0.079326
0.098643
0.104083
0.087811
0.038835
0.116370
0.121988
0.122114
0.122788
0.069587
0.109537
0.100440
0.103332
0.052416
0.066231
0.122183
0.121934
0.122118
0.115951
0.084656
0.098921
0.099913
0.086421
0.038932
0.117945
0.122236
0.122102
0.122972
0.065237
0.115039
0.099387
0.110732
0.044376
0.100189
0.121967
0.122337
0.122242
0.087291
0.099118
0.104633
0.098866
0.062399
0.045422
0.121708
0.119425
0.121620
0.122291
0.062448
0.110721
0.101016
0.105755
0.042926
0.089916
0.122391
0.122038
0.121586
0.097338
0.102173
0.105115
0.107175
0.055611
0.076762
0.122311
0.122234
0.122292
0.109864
0.091962
0.102509
0.102854
0.072083
0.045806
0.121820
0.122062
0.122088
0.122501
0.057732
0.110457
0.103451
0.108119
0.040008
0.111134
0.125549
0.120383
0.122479
0.074093
0.107935
0.105009
0.109210
0.047095
0.082193
0.122610
0.121937
0.121769
0.105032
0.091347
0.101174
0.102813
0.070426
0.052808
0.119629
0.122250
0.122077
0.122524
0.061290
0.109769
0.105881
0.103670
0.039178
0.109638
0.121804
0.121461
0.122098
0.078464
0.106576
0.103269
0.105514
0.049796
0.085287
0.122919
0.120910
0.122167
0.103470
0.092942
0.102680
0.104375
0.069701
0.051159
0.122078
0.121927
0.122081
0.122575
0.058660
0.105145
0.101012
0.105843
0.040978
0.099671
0.122252
0.122160
0.122373
0.087008
0.099256
0.107136
0.105157
0.057497
0.106524
0.121742
0.121114
0.122483
0.081190
0.105635
0.101743
0.104676
0.056352
0.078244
0.122638
0.122094
0.122102
0.107604
0.100853
0.106516
0.105076
0.059745
0.104285
0.121895
0.121660
0.122030
0.082845
0.101922
0.102436
0.104301
0.056924
0.059466
0.122130
0.122321
0.121900
0.119973
0.065882
0.103552
0.094871
0.072015
0.081529
0.106544
0.106082
0.106109
0.075859
0.056481
0.093848
0.092068
0.078456
0.038601
0.109993
0.109880
0.109967
0.110506
0.042237
0.096440
0.091215
0.097049
0.040153
0.091847
0.118963
0.121999
0.121499
0.084318
0.101758
0.104423
0.104238
0.055228
0.068485
0.122725
0.122970
0.121074
0.117019
0.082736
0.099654
0.102586
0.085110
0.039152
0.121316
0.121929
0.122280
0.122389
0.059726
0.108238
0.103038
0.108201
0.043084
0.106699
0.121919
0.125109
0.121385
0.077494
0.102202
0.102491
0.104326
0.056832
0.056411
0.121999
0.121548
0.119277
0.122677
0.054623
0.115201
0.102068
0.103247
0.039329
0.112612
0.122472
0.122010
0.120686
0.072074
0.101865
0.102618
0.108142
0.052131
0.092183
0.120808
0.121501
0.121756
0.095315
0.099024
0.107340
0.106907
0.057625
0.094877
0.122063
0.122062
0.121857
0.096727
0.097739
0.108289
0.104357
0.057887
0.076214
0.122159
0.121751
0.122251
0.108190
0.074428
0.103010
0.102398
0.084903
0.041650
0.121613
0.122254
0.116846
0.106377
0.045269
0.088853
0.093913
0.095205
0.034008
0.083799
0.108711
0.109813
0.110609
0.075094
0.086028
0.095107
0.090042
0.053791
0.091682
0.109696
0.109899
0.110113
0.075169
0.084951
0.095148
0.105728
0.055066
0.063919
0.121828
0.122030
0.121813
0.119954
0.080144
0.097738
0.104147
0.086830
0.096865
0.121987
0.122041
0.121750
0.088837
0.097693
0.106507
0.109173
0.052583
0.066825
0.118730
0.119756
0.122180
0.120520
0.083430
0.097092
0.107085
0.080257
0.075891
0.122470
0.121969
0.119869
0.110456
0.090107
0.100963
0.103124
0.076585
0.058509
0.121785
0.120913
0.118392
0.122518
0.068503
0.105244
0.105460
0.092560
0.045665
0.122385
0.121083
0.120645
0.118499
0.056213
0.095480
0.101780
0.100182
0.068607
0.073990
0.122029
0.121510
0.121898
0.112152
0.094027
0.103484
0.105528
0.064997
0.051645
0.119633
0.118651
0.119714
0.122367
0.053149
0.111222
0.101329
0.105213
0.041715
0.089911
0.122284
0.122336
0.122154
0.095354
0.096910
0.108063
0.098397
0.065027
0.074537
0.122188
0.120500
0.118420
0.114197
0.079646
0.100924
0.101231
0.082133
0.041707
0.122152
0.122401
0.121809
0.121366
0.061452
0.107585
0.102318
0.102934
0.046932
0.078311
0.121778
0.119832
0.121848
0.108732
0.093718
0.099119
0.105638
0.070452
0.065286
0.121849
0.121707
0.121949
0.120959
0.083512
0.097964
0.104330
0.082599
0.037066
0.110509
0.120957
0.118043
0.122254
0.078653
0.104664
0.100090
0.104088
0.056082
0.061658
0.120032
0.121237
0.121772
0.119803
0.084224
0.099019
0.102420
0.084384
0.036947
0.115707
0.119717
0.122004
0.122237
0.067635
0.107929
0.100318
0.105424
0.051416
0.073677
0.121262
0.121140
0.122276
0.109652
0.053573
0.107938
0.102339
0.102552
0.039793
0.122499
0.122045
0.122090
0.121493
0.060138
0.111875
