0.014760
0.123232
0.120434
0.110496
0.078589
0.104417
0.101665
0.078582
0.049289
0.120875
0.120878
0.121022
0.122379
0.053201
0.108360
0.104015
0.107628
0.038934
0.112777
0.120768
0.117948
0.121343
0.081108
0.090820
0.106754
0.099018
0.065254
0.055996
0.121979
0.120036
0.120769
0.114749
0.071643
0.104887
0.106478
0.081902
0.041436
0.120718
0.117247
0.121704
0.124475
0.063061
0.112302
0.101110
0.108605
0.040887
0.117873
0.121169
0.121016
0.121438
0.063325
0.113351
0.102628
0.107190
0.040985
0.094287
0.121167
0.120159
0.120789
0.093953
0.102166
0.100998
0.103794
0.058739
0.059605
0.122108
0.120962
0.120695
0.119255
0.078093
0.099285
0.102673
0.084133
0.045526
0.121590
0.121891
0.124446
0.120016
0.058397
0.109016
0.102774
0.106672
0.038370
0.111913
0.121829
0.124006
0.120416
0.066428
0.107308
0.102478
0.107556
0.049902
0.079494
0.120213
0.122209
0.120696
0.104582
0.093966
0.096757
0.097929
0.076259
0.042796
0.121199
0.121367
0.120431
0.119215
0.056979
0.111161
0.102723
0.107717
0.036482
0.099626
0.120980
0.119310
0.121878
0.086505
0.105211
0.106562
0.103844
0.049009
0.103091
0.122142
0.121009
0.121731
0.080213
0.098562
0.107036
0.108799
0.051293
0.107990
0.120767
0.120676
0.121112
0.076042
0.110842
0.102223
0.110535
0.043370
0.079498
0.120925
0.118386
0.119264
0.108908
0.086447
0.107086
0.101987
0.072546
0.058324
0.121670
0.121465
0.123798
0.121485
0.065592
0.105062
0.101248
0.095659
0.042397
0.118572
0.122328
0.121187
0.121446
0.060559
0.109437
0.104321
0.106850
0.040885
0.096407
0.121385
0.120422
0.121181
0.088802
0.101283
0.104747
0.104307
0.059442
0.102780
0.120511
0.124465
0.121490
0.080482
0.106008
0.101765
0.108041
0.045031
0.081490
0.122064
0.120815
0.118292
0.106343
0.087606
0.105433
0.102756
0.069507
0.101228
0.119469
0.120811
0.121931
0.084976
0.100609
0.105029
0.108472
0.052210
0.059806
0.121735
0.121839
0.120214
0.119462
0.088909
0.105104
0.103601
0.070007
0.039338
0.121454
0.121755
0.121536
0.121847
0.062829
0.108973
0.097603
0.107146
0.044118
0.108373
0.121741
0.121178
0.121832
0.076385
0.106913
0.103897
0.102522
0.051202
0.088011
0.121127
0.120696
0.119238
0.099518
0.092952
0.100713
0.101995
0.072304
0.107655
0.119039
0.121177
0.121767
0.080066
0.104818
0.099981
0.107700
0.049995
0.059096
0.118435
0.119811
0.120749
0.122152
0.069696
0.105458
0.105271
0.091853
0.037972
0.112119
0.120794
0.119344
0.121905
0.074583
0.114181
0.103232
0.106780
0.040839
0.109090
0.121424
0.121768
0.121636
0.078353
0.107156
0.099659
0.108531
0.043861
0.082934
0.121753
0.121474
0.120861
0.102406
0.095989
0.100454
0.108748
0.063609
0.110891
0.120195
0.121005
0.124495
0.077348
0.103543
0.099787
0.105693
0.052807
0.061368
0.121639
0.121684
0.121554
0.118912
0.077682
0.099914
0.100615
0.087287
0.041209
0.121758
0.121901
0.121285
0.122293
0.057295
0.106894
0.106672
0.105657
0.043689
0.090224
0.122036
0.121702
0.121697
0.093491
0.100282
0.105962
0.108266
0.050864
0.067342
0.121861
0.121528
0.121483
0.116179
0.084823
0.096159
0.103518
0.081434
0.109985
0.119328
0.118995
0.121733
0.081314
0.104598
0.099880
0.107861
0.050442
0.078964
0.121739
0.121458
0.121686
0.104920
0.095648
0.107027
0.102108
0.061601
0.058566
0.117342
0.121620
0.121450
0.122008
0.067602
0.108438
0.106131
0.090235
0.038244
0.119491
0.121909
0.121001
0.121378
0.061878
0.105478
0.100736
0.103655
0.056012
0.062858
0.120960
0.121243
0.121075
0.121341
0.082380
0.101786
0.103596
0.079560
0.083870
0.122170
0.121654
0.120604
0.101729
0.087898
0.100160
0.103055
0.074607
0.057496
0.121238
0.121597
0.120621
0.118787
0.067555
0.107496
