0.018475
0.120776
0.120558
0.121385
0.062549
0.110894
0.106370
0.107269
0.036886
0.117782
0.121503
0.120481
0.121712
0.058422
0.111737
0.105204
0.106337
0.039943
0.122557
0.120838
0.121260
0.117286
0.086660
0.103449
0.105438
0.063408
0.086506
0.122362
0.120757
0.121279
0.094275
0.107835
0.098795
0.104165
0.046860
0.121718
0.124712
0.121393
0.099210
0.090532
0.099615
0.105456
0.065368
0.110390
0.121024
0.121882
0.120893
0.067561
0.111455
0.108014
0.087588
0.078646
0.122711
0.120439
0.121104
0.099917
0.091856
0.102217
0.101839
0.062850
0.073431
0.119810
0.119488
0.121952
0.108079
0.092460
0.105280
0.097369
0.064992
0.063920
0.120668
0.121913
0.121572
0.102053
0.094439
0.108165
0.106993
0.049721
0.090671
0.121806
0.120282
0.121607
0.091506
0.105724
0.105972
0.105815
0.044956
0.114377
0.120689
0.119033
0.122356
0.072058
0.108414
0.103523
0.101643
0.038749
0.116764
0.120246
0.119244
0.120196
0.064656
0.101169
0.097494
0.089498
0.096456
0.122350
0.121371
0.120598
0.081955
0.107251
0.099971
0.104152
0.040156
0.119773
0.121489
0.121368
0.120199
0.061846
0.110308
0.103227
0.103782
0.041092
0.120204
0.119300
0.121813
0.121969
0.055752
0.108882
0.106753
0.104194
0.046968
0.120929
0.124961
0.119334
0.122266
0.076039
0.099826
0.098956
0.082428
0.065780
0.122311
0.121331
0.122027
0.100046
0.104474
0.102720
0.103293
0.052338
0.111728
0.122321
0.121050
0.119836
0.072174
0.113972
0.105608
0.106949
0.036573
0.113864
0.121616
0.122304
0.120668
0.060653
0.109228
0.101059
0.105046
0.042521
0.096708
0.120272
0.121843
0.119318
0.086587
0.105806
0.104202
0.103782
0.049233
0.086972
0.123102
0.123129
0.122382
0.089437
0.080617
0.101322
0.098708
0.081207
0.057645
0.122447
0.122048
0.122002
0.118994
0.086136
0.104792
0.103702
0.066045
0.063580
0.122820
0.121921
0.122994
0.115842
0.088780
0.107737
0.104919
0.122864
0.123404
0.121428
0.120831
0.078985
0.105112
0.099662
0.079230
0.076043
0.122419
0.123809
0.122444
0.101973
0.106154
0.109482
0.111523
0.042269
0.102573
0.122432
0.124557
0.124064
0.074147
0.111353
0.098584
0.108605
0.037920
0.114590
0.123278
0.124062
0.123007
0.067120
0.114615
0.103416
0.106847
0.048435
0.124909
0.125149
0.122086
0.122728
0.070395
0.107088
0.101950
0.090478
0.091331
0.124850
0.124222
0.122037
0.090847
0.106786
0.104084
0.105177
