0.017401
0.122191
0.082480
0.107749
0.102602
0.107978
0.045735
0.107977
0.119325
0.118265
0.122159
0.082231
0.109140
0.102292
0.103055
0.046348
0.073163
0.121970
0.120597
0.120492
0.111107
0.092911
0.096038
0.100187
0.076256
0.082160
0.122030
0.121986
0.121019
0.101923
0.079082
0.098933
0.101238
0.082053
0.036529
0.115732
0.121240
0.121013
0.119648
0.066520
0.107386
0.102355
0.103033
0.049949
0.042361
0.119873
0.121159
0.120600
0.121779
0.053900
0.113694
0.097952
0.108366
0.042195
0.089596
0.121521
0.120502
0.120089
0.094458
0.097810
0.106316
0.102849
0.055194
0.076473
0.120342
0.121363
0.121438
0.110178
0.090013
0.103884
0.105431
0.066713
0.101165
0.119278
0.119024
0.121358
0.088591
0.102982
0.102276
0.104141
0.056409
0.073795
0.121672
0.120372
0.121180
0.109523
0.084292
0.097674
0.098360
0.082665
0.050678
0.121037
0.121721
0.121573
0.121508
0.064093
0.111375
0.102903
0.100458
0.033725
0.098040
0.121546
0.121281
0.118119
0.091760
0.079801
0.101322
0.096946
0.087777
0.037215
0.107139
0.121345
0.124174
0.119543
0.075202
0.095073
0.107071
0.100602
0.067417
0.074079
0.121773
0.121706
0.121180
0.110033
0.057357
0.107625
0.103916
0.095739
0.038209
0.113294
0.120507
0.121141
0.120151
0.068774
0.091661
0.100145
0.103908
0.073562
0.092140
0.118323
0.121179
0.124264
0.095041
0.103930
0.102184
0.108665
0.052364
0.074671
0.121071
0.121669
0.120941
0.111109
0.086244
0.105978
0.102302
0.069819
0.065773
0.121904
0.121603
0.121698
0.120477
0.084678
0.104674
0.101332
0.076407
0.082887
0.121788
0.121765
0.121131
0.103123
0.087353
0.097207
0.096311
0.083230
0.042588
0.121292
0.122013
0.121192
0.121669
0.058862
0.110989
0.101127
0.108096
0.041160
0.107808
0.121395
0.124549
0.121189
0.076085
0.104754
0.104979
0.104574
0.049367
0.073883
0.121848
0.121502
0.120625
0.110562
0.081617
0.097947
0.101214
0.082247
0.037879
0.118416
0.121563
0.119907
0.121094
0.067640
0.111109
0.100012
0.108212
0.044669
0.110982
0.121323
0.121947
0.121568
0.073615
0.102802
0.102983
0.105496
0.049923
0.077656
0.122093
0.121696
0.121659
0.107982
0.079035
0.100199
0.099924
0.085855
0.037148
0.120096
0.122064
0.121792
0.121392
0.059648
0.118625
0.103048
0.108801
0.037744
0.110328
0.119503
0.121641
0.121767
0.076960
0.113683
0.097265
0.110781
0.044713
0.109693
0.121668
0.121213
0.121660
0.077108
0.101181
0.103689
0.105682
0.052164
0.067604
0.121969
0.121394
0.121689
0.113720
0.092174
0.100646
0.101401
0.071899
0.109808
0.119033
0.120227
0.121057
0.079914
0.109874
0.104581
0.107399
0.042548
0.090807
0.120636
0.120703
0.123813
0.092236
0.105932
0.101372
0.105595
0.052223
0.091432
0.121469
0.121334
0.121642
0.093824
0.095550
0.100848
0.103243
0.065373
0.102863
0.120872
0.118807
0.120471
0.085693
0.102792
0.101571
0.105820
0.051656
0.065576
0.118589
0.122164
0.123440
0.117415
0.080122
0.106178
0.104114
0.075945
0.102782
0.121521
0.120801
0.118031
0.087187
0.103165
0.101521
0.109197
0.050131
0.083636
0.121945
0.121757
0.119992
0.100374
0.097035
0.102941
0.102696
0.061491
0.110491
0.120967
0.119778
0.118247
0.080212
0.099759
0.105407
0.107300
0.052087
0.085256
0.118463
0.119288
0.121512
0.104743
0.094288
0.101784
0.100043
0.066825
0.056484
0.121790
0.122011
0.121519
0.121407
0.032777
0.113559
0.102237
0.108305
0.044581
0.113026
0.119251
0.118093
0.119617
0.079016
0.107423
0.101797
0.102389
0.051605
0.091198
0.121431
0.121214
0.121288
0.093797
0.095755
0.104388
0.100063
0.065046
0.061522
0.124042
0.119817
0.119671
0.119149
0.078192
0.103389
0.102557
0.084629
0.043910
0.124364
0.121881
0.121640
0.120768
0.059233
0.108779
0.100201
0.107612
0.036235
0.110776
0.121809
0.119333
0.120151
0.077592
0.101419
0.102058
0.109367
0.054397
0.093542
0.123861
0.120833
0.120664
0.093311
0.097060
0.106090
0.103981
0.054529
0.079205
0.121205
0.118259
0.121722
0.110269
0.092213
0.101316
0.101986
0.069705
0.108659
0.119862
0.121310
0.120587
0.081012
0.114390
0.100040
0.106621
0.044157
0.095267
0.121657
0.121703
0.121485
0.088234
0.098549
0.105440
0.104319
0.051742
0.071296
0.121788
0.121485
0.121727
0.113902
0.083048
0.104859
0.098468
0.078222
0.097493
0.121415
0.121448
0.119768
0.089226
0.101923
0.104217
0.106937
0.049068
0.085751
0.120499
0.120503
0.124036
0.098804
0.096245
0.102040
0.102616
0.065123
0.078717
0.121924
0.121692
0.120751
0.105330
