143	125	30	54
139	131	37	42
139	132	36	42
138	131	37	42
138	133	39	41
138	132	37	42
138	133	38	44
139	133	36	43
138	134	38	42
139	134	37	42
139	134	37	41
139	134	37	42
140	134	35	40
137	132	39	43
138	130	37	45
138	131	37	43
136	129	39	45
135	130	41	45
132	128	45	48
135	128	44	51
134	129	48	54
132	128	50	57
135	128	45	58
135	129	48	55
136	129	46	58
134	128	48	58
134	129	49	61
133	128	53	61
133	128	50	61
133	127	53	65
133	128	55	69
137	130	51	69
135	129	53	67
138	130	49	68
136	128	50	70
134	129	54	71
134	129	53	70
129	128	58	69
128	131	54	65
129	133	51	61
129	135	47	59
127	137	47	56
123	135	49	54
125	139	46	49
119	132	45	51
120	130	45	52
123	132	43	49
123	131	44	50
126	131	44	52
131	130	41	50
134	131	43	49
142	130	41	50
145	132	39	48
147	134	38	49
141	136	39	49
141	138	37	44
140	137	39	46
138	134	37	53
136	137	39	53
131	138	41	55
131	142	43	51
132	142	43	54
130	140	45	59
132	141	47	57
131	134	50	66
129	135	51	63
129	136	53	59
122	133	56	62
122	128	62	74
121	119	59	83
120	115	66	81
123	100	67	85
125	93	65	81
121	84	71	85
120	80	69	80
113	77	73	78
102	76	80	81
161	31	67	89
172	42	76	82
119	50	68	81
102	43	74	75
111	36	75	75
113	37	73	75
109	36	77	72
110	41	70	72
106	44	68	66
106	47	65	63
105	47	69	63
108	48	64	62
103	48	68	64
106	47	66	61
107	45	68	63
108	42	65	68
107	42	67	67
111	43	65	71
108	37	72	72
112	44	68	68
112	43	70	71
111	42	70	69
95	126	60	68
103	133	49	61
106	135	46	58
108	139	47	49
110	138	49	51
119	136	49	54
125	133	46	57
136	129	40	58
141	130	39	52
146	130	36	51
149	128	36	51
149	124	36	49
147	124	37	48
147	120	35	47
143	115	38	49
134	109	41	56
131	110	40	61
130	120	35	54
126	121	39	53
126	123	39	55
128	131	37	50
125	133	37	52
126	132	39	51
129	128	38	54
132	128	38	51
135	129	35	48
130	128	36	49
129	125	36	51
128	123	37	49
127	120	36	49
126	120	36	48
125	113	38	54
126	120	37	47
127	107	44	59
126	112	41	58
122	109	45	62
125	106	41	61
125	103	40	62
123	86	48	81
121	90	54	77
122	81	57	88
126	70	62	97
122	64	70	101
118	55	71	113
118	55	88	107
115	53	78	114
114	53	78	112
112	55	81	114
111	48	77	121
111	53	78	115
107	58	76	109
112	47	76	108
107	47	79	104
106	40	87	110
103	38	92	107
107	36	93	111
84	46	90	104
83	44	93	98
96	42	85	101
94	47	78	99
100	42	82	91
111	48	72	94
109	51	72	93
108	45	77	86
115	57	63	101
116	46	73	96
113	54	68	98
113	57	69	103
119	57	76	102
115	48	82	102
110	46	86	106
94	32	93	94
99	35	96	90
101	41	88	94
97	40	87	92
96	50	81	96
98	44	78	100
95	61	77	93
91	43	82	87
88	42	82	82
90	40	82	83
91	39	82	81
95	39	78	83
102	44	79	99
102	37	81	94
101	34	80	93
107	41	79	91
130	47	78	108
114	41	79	99
140	38	77	102
140	57	75	100
138	44	78	100
133	41	75	99
129	50	74	93
101	35	79	89
106	33	79	82
101	37	79	75
114	44	74	83
105	43	74	79
109	40	73	77
104	36	72	81
107	31	73	79
104	26	66	81
108	30	71	80
103	31	64	80
105	28	67	80
109	34	67	77
111	40	66	75
107	31	64	78
107	35	77	78
186	101	78	97
175	98	81	98
168	72	82	112
166	55	88	117
167	49	86	120
161	47	92	114
167	51	87	101
165	54	85	81
169	47	76	75
170	47	74	72
135	40	91	77
143	31	90	94
135	26	102	93
124	27	103	93
116	29	98	78
125	29	93	74
103	35	82	72
110	33	74	75
102	29	77	80
38	50	74	95
35	32	74	112
27	55	77	102
27	46	78	100
35	60	74	100
44	75	71	91
49	80	68	87
56	86	65	78
56	93	64	78
66	80	62	87
72	86	64	85
72	82	67	84
75	91	71	79
104	67	70	86
88	105	62	72
94	109	64	81
83	116	71	79
93	101	73	92
110	69	72	102
110	47	74	112
107	37	78	99
104	36	84	83
109	42	72	80
112	43	69	73
108	48	68	66
111	51	63	65
117	42	57	66
113	47	56	63
112	52	55	66
112	56	56	64
115	50	54	63
113	57	54	58
117	59	52	57
119	57	49	58
120	57	48	57
123	57	47	56
124	58	44	52
127	54	47	53
126	58	46	52
125	60	47	51
125	60	47	53
126	55	47	53
127	52	47	54
126	60	47	50
126	59	46	54
125	59	47	58
125	54	49	58
126	55	47	58
126	59	46	53
124	59	49	54
122	60	51	58
121	58	54	60
117	66	56	59
119	62	56	60
121	59	57	60
122	63	55	58
124	61	54	56
121	66	58	56
119	65	61	60
121	62	61	62
118	71	57	65
120	72	65	64
117	86	57	63
124	124	51	63
121	125	47	63
123	131	47	58
123	115	49	73
116	119	53	67
121	113	55	78
117	117	52	72
118	119	53	74
117	128	51	68
115	127	52	74
118	128	55	73
115	129	56	76
116	131	56	74
115	126	59	80
112	124	62	82
117	139	54	68
119	141	49	66
119	142	51	67
118	141	49	66
121	141	47	67
119	143	47	65
121	141	53	62
121	138	61	64
125	142	57	63
126	137	61	69
127	145	64	64
127	144	69	67
131	141	58	70
130	148	57	66
140	152	54	66
142	156	53	65
142	164	56	59
145	162	49	60
147	162	47	57
149	158	40	59
150	157	37	59
148	156	37	59
150	158	39	57
156	109	47	64
157	113	44	63
159	114	44	62
160	117	42	61
158	118	45	61
157	122	43	62
158	124	42	61
157	126	41	56
155	129	40	56
149	130	40	52
146	118	40	56
137	117	44	60
128	118	48	59
124	121	49	55
123	114	49	58
124	109	51	59
124	106	50	57
122	107	46	56
120	99	48	59
114	96	52	56
119	95	48	60
110	100	50	58
106	96	52	62
106	81	53	65
106	69	55	63
109	77	55	62
111	74	56	64
112	77	54	64
113	84	55	61
116	96	50	54
116	95	51	56
118	107	47	51
121	115	43	45
124	120	42	46
123	118	43	48
124	121	45	52
124	118	47	59
121	124	49	54
121	122	49	57
121	127	47	54
121	124	46	57
123	122	45	58
123	131	43	51
123	130	40	53
123	128	39	55
124	126	39	59
123	129	40	59
124	125	41	63
121	122	45	72
119	114	53	85
119	130	59	78
119	135	57	76
124	137	52	75
130	139	48	68
124	132	52	72
112	117	59	72
109	124	64	82
101	121	68	91
102	131	68	90
100	131	68	84
104	132	59	78
100	135	58	77
97	141	58	78
99	140	58	78
98	132	65	84
90	145	77	80
86	47	83	91
107	26	81	91
106	28	82	85
102	30	77	85
105	31	85	84
136	81	74	100
131	38	82	94
102	31	84	89
106	38	82	94
114	31	82	92
104	34	81	88
106	36	81	90
104	34	81	89
103	39	76	85
105	63	65	78
106	119	59	67
108	121	52	72
105	119	55	74
106	109	59	83
103	117	69	81
103	110	73	88
108	96	77	87
99	32	82	82
102	32	82	76
101	35	75	77
98	38	73	75
95	43	74	71
98	44	70	72
99	43	70	72
99	45	69	71
98	46	66	71
98	43	68	71
100	47	66	70
104	47	63	70
102	45	64	69
95	49	66	67
103	42	59	68
101	43	56	70
104	42	59	72
100	45	57	65
102	47	57	66
106	49	56	66
104	45	56	64
103	53	62	68
102	45	63	71
100	47	69	76
96	41	67	73
100	44	69	76
104	49	69	84
106	57	68	83
131	91	62	91
124	96	65	95
130	94	64	100
134	97	67	101
136	96	67	100
138	105	70	96
134	91	72	110
131	83	75	113
140	89	73	110
136	84	74	110
137	74	70	119
116	66	75	113
104	46	77	121
108	49	71	122
100	49	76	120
86	43	89	100
105	50	79	116
90	51	84	106
90	45	83	97
92	48	80	92
74	39	78	85
90	38	81	90
90	40	79	87
87	39	77	82
98	41	73	84
91	46	70	79
97	48	67	81
