0.014668
0.121830
0.120693
0.121364
0.086220
0.103548
0.093957
0.113583
0.119414
0.120360
0.122250
0.091543
0.100604
0.103729
0.053448
0.081791
0.120477
0.121998
0.121207
0.059728
0.093955
0.092409
0.084274
0.101697
0.106507
0.106486
0.108645
0.037861
0.099936
0.093280
0.093050
0.051225
0.109066
0.110214
0.110080
0.085599
0.086890
0.094049
0.094913
0.039928
0.107157
0.121080
0.121020
0.119860
0.069017
0.111777
0.099483
0.104049
0.041286
0.121429
0.122798
0.122202
0.122052
0.061791
0.105851
0.097100
0.082759
0.057857
0.122052
0.120729
0.121906
0.106298
0.103322
0.103385
0.103647
0.051419
0.102747
0.121185
0.120945
0.120384
0.076260
0.111967
0.101233
0.104778
0.049932
0.124628
0.120243
0.121408
0.120782
0.082510
0.103315
0.097883
0.076295
0.111322
0.121013
0.122175
0.120514
0.064441
0.107274
0.098558
0.104603
0.039399
0.112222
0.121525
0.119689
0.123053
0.066805
0.111175
0.105722
0.090905
0.061471
0.121338
0.120573
0.121125
0.095290
0.099344
0.106194
0.108318
0.106426
0.120455
0.120494
0.121457
0.069794
0.111032
0.101538
0.107489
0.038864
0.109457
0.119591
0.120522
0.119031
0.067503
0.108670
0.098775
0.102503
0.038387
0.119529
0.121481
0.120778
0.119617
0.059152
0.106605
0.103876
0.100260
0.077586
0.119123
0.126796
0.120274
0.077232
0.108932
0.109690
0.105685
0.110156
0.122342
0.122217
0.120404
0.061812
0.109672
0.101769
0.092345
0.051530
0.124992
0.120476
0.118959
0.117737
0.087099
0.104831
0.106071
0.048696
0.103199
0.121224
0.122015
0.122483
0.068889
0.113922
0.100479
0.091569
0.103092
0.121587
0.119675
0.120234
0.071941
0.102649
0.104251
0.103168
0.046768
0.103074
0.121379
0.120415
0.120342
0.067104
0.110030
0.102007
0.107510
0.112543
0.122179
0.120971
0.120968
0.058998
0.106560
0.098387
0.110077
0.040430
0.110448
0.121795
0.119686
0.120488
0.060591
0.109243
0.104948
0.103913
0.045527
0.120660
0.122563
0.120393
0.120537
0.063331
0.106280
0.107416
0.083280
0.060975
0.118978
0.118605
0.120811
0.117676
0.081578
0.093644
0.105745
0.078907
0.112040
0.120629
0.120021
0.122595
0.062454
0.113398
0.108855
0.099006
0.037400
0.113759
0.119925
0.119498
0.113349
0.095836
0.107945
0.108640
0.045260
0.109434
0.121944
0.120367
0.121710
0.062687
0.110492
0.103173
0.099041
0.052735
0.121078
0.122804
0.121836
0.109084
0.092385
0.100320
0.099602
0.063831
0.074610
0.120249
0.119696
0.120078
0.089738
0.102737
0.107051
0.106327
0.059590
0.124569
0.121339
0.120616
0.104234
0.090739
0.099772
0.102376
0.064591
0.094345
0.120737
0.120701
0.120153
0.084203
0.110466
0.103224
0.105387
0.039240
0.117977
0.120185
0.120965
0.118512
0.097977
0.106078
0.105866
0.044252
0.097367
0.120330
0.119744
0.121153
