0.009329
0.062628
0.118272
0.119557
0.122078
0.122061
0.057479
0.108157
0.100932
0.100712
0.038800
0.118400
0.122298
0.120755
0.120273
0.064934
0.112314
0.098782
0.103121
0.044719
0.081790
0.122435
0.120705
0.118229
0.105653
0.089443
0.104264
0.103476
0.069738
0.104843
0.123333
0.118976
0.121638
0.078441
0.071720
0.103248
0.104290
0.083748
0.040056
0.121567
0.121279
0.123044
0.122876
0.057977
0.113752
0.101505
0.109946
0.038368
0.111096
0.121114
0.120676
0.120982
0.073766
0.111045
0.104666
0.107338
0.039822
0.096369
0.120579
0.121610
0.121523
0.087481
0.109314
0.106067
0.103492
0.050777
0.095768
0.121619
0.121762
0.120172
0.088735
0.101804
0.101741
0.104073
0.054988
0.074409
0.121734
0.120675
0.121510
0.110502
0.089032
0.103092
0.100595
0.073619
0.109437
0.119919
0.120773
0.121258
0.079449
0.106406
0.102988
0.107551
0.045533
0.077954
0.122150
0.121358
0.119655
0.105759
0.096609
0.104092
0.102151
0.063110
0.062663
0.121936
0.121709
0.121855
0.118162
0.081572
0.099225
0.097878
0.085495
0.038833
0.120146
0.121752
0.120384
0.121548
0.059246
0.110169
0.097853
0.110603
0.043399
0.096418
0.121844
0.121674
0.121472
0.088750
0.104138
0.102168
0.105568
0.050828
0.075598
0.120795
0.121123
0.121188
0.110037
0.089994
0.103527
0.102931
0.069544
0.101686
