0.018711
0.098466
0.109880
0.040728
0.074899
0.119455
0.121520
0.120783
0.111154
0.086104
0.105986
0.102412
0.069803
0.109349
0.121912
0.120933
0.118236
0.080480
0.091120
0.101561
0.104986
0.068691
0.064806
0.121475
0.121546
0.120231
0.117704
0.082946
0.103671
0.097239
0.082263
0.069534
0.120303
0.119092
0.122018
0.118402
0.076448
0.106834
0.100224
0.085572
0.042532
0.118295
0.119294
0.121637
0.122694
0.054209
0.109954
0.104667
0.108095
0.043679
0.097090
0.121419
0.121014
0.121544
0.086753
0.101745
0.103951
0.106233
0.052554
0.055749
0.121470
0.121611
0.121905
0.122099
0.064336
0.105494
0.104316
0.095923
0.040524
0.116543
0.122917
0.119964
0.120502
0.067246
0.109285
0.098000
0.103951
0.046378
0.083989
0.122007
0.120925
0.118369
0.104876
0.094031
0.098415
0.102620
0.069723
0.109084
0.119472
0.118202
0.119973
0.082042
0.105481
0.105823
0.104806
0.050671
0.074459
0.121942
0.121176
0.120105
0.107454
0.080369
0.099681
0.101963
0.082177
0.078759
0.121317
0.118984
0.123687
0.106343
0.080456
0.097913
0.099264
0.086743
0.037093
0.117964
0.121953
0.121778
0.121557
0.062883
0.107427
0.100361
0.108458
0.047570
0.077699
0.121139
0.120833
0.121833
0.106653
0.101730
0.102637
0.091766
0.045205
0.122129
0.120800
0.120712
0.121433
0.057529
0.109001
0.101838
0.107253
0.040746
0.103021
0.121514
0.119715
0.119319
0.089756
0.103441
0.104247
0.107783
0.051483
0.076588
0.123751
0.120718
0.121527
0.105423
0.072013
0.105278
0.099703
0.087687
0.035887
0.116541
0.121841
0.121995
0.122814
0.069974
0.111012
0.100864
0.109683
0.035743
0.097223
0.121685
0.121753
0.121924
0.088355
0.104441
0.102147
0.106539
0.049822
0.069475
0.120887
0.121939
0.121368
0.116800
0.085308
0.102470
0.101679
0.077652
0.087239
0.121579
0.126087
0.121654
0.096761
0.099037
0.104568
0.102554
0.060696
0.077236
0.121768
0.120670
0.121597
0.106029
0.082998
0.097720
0.099086
0.082672
0.044448
0.121353
0.121735
0.121710
0.122485
0.057973
0.106467
0.101156
0.107342
0.041866
0.097901
0.121703
0.121883
0.120800
0.088969
0.102442
0.104491
0.106091
0.049857
0.077174
0.118644
0.124589
0.121368
0.110247
0.092067
0.100284
0.103905
0.069785
0.079628
0.120945
0.119607
0.121720
0.112896
0.093516
0.098015
0.105857
0.070417
0.054079
0.121162
0.121565
0.121497
0.122532
0.049973
0.108984
0.099979
0.105497
0.038116
0.108583
0.121049
0.120653
0.121886
0.081470
0.110248
0.102208
0.114994
0.043793
0.114492
0.123942
0.122355
0.119754
0.073430
0.113846
0.097965
0.110610
0.044542
0.082244
0.122036
0.121880
0.121722
0.098667
0.095347
0.107023
0.101884
0.061144
0.075964
0.122207
0.121811
0.121592
0.106951
0.080476
0.101408
0.099876
0.084505
0.041174
0.121625
0.120995
0.121521
0.121655
0.061664
0.110438
0.100518
0.104575
0.041324
0.101891
0.122080
0.121823
0.121879
0.085860
0.102375
0.108409
0.107437
0.048198
0.073604
0.121914
0.121536
0.121783
0.109897
0.077153
0.102928
0.101947
0.084552
0.037469
0.117420
0.121725
0.119874
0.119165
0.068219
0.103342
0.102045
0.103654
0.057852
