0.015071
0.122556
0.075576
0.100776
0.104412
0.103312
0.055885
0.106078
0.118796
0.120754
0.121670
0.083332
0.103963
0.099592
0.108712
0.049790
0.075078
0.121336
0.121206
0.121700
0.109022
0.078263
0.097279
0.101069
0.087293
0.038325
0.109928
0.118367
0.119341
0.121982
0.080531
0.107719
0.101128
0.104749
0.051627
0.103356
0.121397
0.121112
0.118343
0.085864
0.098332
0.105738
0.103859
0.054792
0.080063
0.119890
0.121419
0.122056
0.106928
0.091330
0.102493
0.099652
0.071977
0.074720
0.122105
0.121093
0.121011
0.108524
0.088815
0.103294
0.101659
0.071252
0.050215
0.120862
0.117286
0.121581
0.122032
0.067108
0.109182
0.099362
0.101947
0.037501
0.115560
0.122088
0.121823
0.120545
0.067109
0.115705
0.107421
0.105615
0.038093
0.100069
0.120407
0.118328
0.119556
0.086986
0.097862
0.107628
0.104541
0.061063
0.109579
0.119873
0.121039
0.120838
0.078753
0.103602
0.105902
0.102619
0.052617
0.063220
0.121309
0.118340
0.120991
0.119346
0.069850
0.105347
0.103931
0.087443
0.037886
0.114876
0.117435
0.121610
0.122149
0.071278
0.113335
0.100353
0.110382
0.039081
0.097265
0.120605
