0.021005
0.107786
0.100577
0.074897
0.108888
0.121436
0.122396
0.118370
0.077215
0.106466
0.107074
0.062371
0.116535
0.124121
0.119888
0.117274
0.113139
0.101104
0.090049
0.110013
0.120805
0.120978
0.120959
0.089867
0.100955
0.109066
0.043468
0.122329
0.119622
0.119236
0.068027
0.101502
0.098946
0.105662
0.050252
0.118999
0.128201
0.119466
0.121365
0.081894
0.105319
0.107873
0.111329
0.121962
0.119922
0.121188
0.059418
0.096540
0.100633
0.075583
0.109486
0.120614
0.120382
0.121547
0.062593
0.107399
0.105969
0.086988
0.120313
0.121634
0.121167
0.120784
0.060961
0.103735
0.105942
0.080563
0.115473
0.121300
0.122109
0.121360
0.080425
0.103296
0.104234
0.087095
0.073315
0.121721
0.121629
0.122220
0.089270
0.106574
0.101813
0.109404
0.045054
0.120105
0.122096
0.122595
0.117971
0.100944
0.105782
0.109510
0.048129
0.112794
0.121461
0.122327
0.121970
0.060912
0.105261
0.102587
0.093911
0.109327
0.122396
0.121244
0.119956
0.067297
0.109647
0.106246
0.073953
0.109846
0.120968
0.119934
0.120636
0.059999
0.110226
0.104110
0.081371
0.098307
0.121138
0.119537
0.121765
0.070007
0.101165
0.105929
0.103811
0.044593
0.108823
0.119117
0.119986
0.119640
0.060241
0.110166
0.103398
0.102466
0.041885
0.118634
0.120913
0.121325
0.111547
0.092610
0.101403
0.103480
0.065776
0.110289
0.121440
0.122066
0.120899
0.061210
0.110416
0.104225
0.100801
0.062636
0.120424
0.117807
0.120136
0.115714
0.106616
0.104504
0.107537
0.040055
0.113589
0.118775
0.121286
0.121271
0.064775
0.103408
0.107416
0.085112
0.071623
0.123280
0.119837
0.120223
0.090984
0.101940
0.099155
0.103687
0.045124
0.121352
0.121196
0.121168
0.121237
0.051394
0.112828
0.104102
0.083803
0.062141
0.121041
0.122674
0.120359
0.112002
0.089199
0.101282
0.110971
0.058556
0.099439
0.120610
0.120483
0.121266
0.077498
0.106940
0.101645
0.109760
0.043516
0.113426
0.121353
0.120988
0.120855
0.062470
0.110771
0.100567
0.106714
0.060304
0.120524
0.120757
0.120703
0.117516
0.075468
0.099862
0.096337
0.080584
0.058818
0.121712
0.120177
0.121737
0.115171
0.074064
0.099933
0.099522
0.082031
0.055007
0.121020
0.121030
0.121274
0.112636
0.106091
0.108396
0.110252
0.114542
0.119371
0.120702
0.121937
0.064612
0.109580
0.100327
0.096542
0.119868
0.121264
0.121598
0.121861
0.055175
0.110728
0.102879
0.101270
0.037864
0.107682
0.121532
0.121468
0.123219
0.065800
0.110289
0.103070
0.106547
0.039822
0.108421
0.121102
0.121851
0.123407
0.063832
0.111025
0.101651
0.088660
0.091686
0.120090
0.119997
0.120971
0.069561
0.112115
0.104079
0.102645
0.043038
0.120716
0.120160
0.120743
0.122858
0.045915
0.109519
0.106230
0.093994
0.052535
0.119658
0.120682
0.121365
0.106877
0.099513
0.102916
0.103936
0.043713
0.110740
0.123162
0.121025
0.123557
0.070748
0.113840
0.104843
0.038186
0.119509
0.121165
0.120646
0.120453
0.055074
0.095904
0.106124
0.087155
0.079600
0.122840
0.122092
0.121647
0.088673
0.106600
0.104246
0.086507
0.112417
0.122615
0.121066
0.121313
0.056103
0.115333
0.106178
0.099559
0.072157
0.121614
0.120238
0.120302
0.108308
0.080175
0.100405
0.108022
0.047604
0.110841
0.123294
0.120293
0.120667
0.063088
0.105655
0.107788
0.109480
0.042265
0.116974
0.120826
