0.012314
0.109326
0.098805
0.108069
0.039760
0.102864
0.119525
0.121383
0.121092
0.085956
0.103389
0.102067
0.104185
0.050299
0.069549
0.121978
0.121538
0.121780
0.112576
0.057584
0.106046
0.104434
0.093141
0.035588
0.118067
0.119139
0.121743
0.122106
0.065211
0.113581
0.101314
0.108069
0.036717
0.113513
0.120294
0.121994
0.125508
0.070792
0.111616
0.101132
0.107134
0.037464
0.112671
0.121176
0.118825
0.119727
0.081390
0.107020
0.103702
0.105322
0.050130
0.093869
0.121001
0.121773
0.120941
0.093760
0.098804
0.104785
0.103824
0.056004
0.068314
0.121021
0.119301
0.121747
0.118470
0.077564
0.100892
0.104827
0.085906
0.053845
0.121765
0.120994
0.121938
0.120915
0.049123
0.111317
0.097479
0.107654
0.039096
0.109890
0.119940
0.120464
0.120803
0.082369
0.106596
0.104703
0.114887
0.043166
0.113624
0.120404
0.120879
0.121727
0.075518
0.106522
0.102312
0.107807
0.047169
0.093857
0.121483
0.121255
0.121403
0.095282
0.102888
0.102857
0.104183
0.054538
0.047069
0.121158
0.120020
0.121345
0.121932
0.060380
0.109712
0.103632
0.108715
0.042130
0.118655
0.121617
0.121224
0.122893
0.070948
0.110745
0.101082
0.109676
0.038662
0.108582
0.120398
0.118442
0.119627
0.083949
0.109606
0.101599
0.106341
0.045268
0.084193
0.120956
0.120899
0.121133
0.103779
0.097080
0.107168
0.101884
0.061291
0.060598
0.121828
0.122111
0.122047
0.123573
0.079351
0.082331
