0.008910
0.111392
0.100197
0.107537
0.041210
0.098465
0.122459
0.121727
0.121216
0.086679
0.094211
0.099647
0.101325
0.070560
0.065958
0.121743
0.121968
0.121585
0.117964
0.069422
0.107714
0.104280
0.089504
0.065858
0.121639
0.121437
0.121079
0.117975
0.041023
0.112004
0.104098
0.108619
0.037033
0.108902
0.121943
0.123653
0.126339
0.068732
0.103430
0.101400
0.109070
0.049873
0.074893
0.122359
0.120427
0.121029
0.112139
0.087490
0.101058
0.095533
0.081105
0.064362
0.122095
0.121368
0.118357
0.122984
0.077129
0.103318
0.102229
0.084860
0.037311
0.117639
0.121967
0.122159
0.121177
0.065113
0.095356
0.107810
0.104909
0.060329
0.109617
0.120757
0.124032
0.121727
0.076854
0.102621
0.102513
0.106629
0.055351
0.073019
0.122101
0.121751
0.120975
0.112375
0.095287
0.098392
0.102647
0.071965
0.070577
0.121930
0.121040
0.121798
0.117668
0.075956
0.101648
0.103602
0.087620
0.063556
0.121141
0.119904
0.121588
0.122555
0.080621
0.105110
0.101637
0.087597
0.100267
0.121939
0.122222
0.122477
0.091729
0.100580
0.106344
0.108017
0.055222
0.080928
0.121753
0.118791
0.119684
0.109246
0.107287
0.105966
0.110014
0.053507
0.073286
0.121651
0.121636
0.121498
0.111334
0.080491
0.100943
0.101445
0.085243
0.060648
0.122164
0.121599
0.124385
0.121789
0.061695
0.105456
0.100926
0.101844
0.073725
0.121022
0.121863
0.122286
0.114073
0.091563
0.103768
0.103755
0.076404
0.107891
0.121313
0.123082
0.121756
0.083382
0.106705
0.077599
0.103989
0.079305
0.057204
0.121572
0.121964
0.121841
0.123700
0.042605
0.110890
0.098975
0.105824
0.044670
0.111534
0.120952
0.121056
0.121519
0.079150
0.103420
0.105959
0.105861
0.051820
0.093055
0.121335
0.121627
0.120844
0.096957
0.106369
0.102031
0.108745
0.051545
0.092488
0.120665
0.121854
0.121885
0.095475
0.099845
0.107075
0.109313
0.052428
0.087178
0.124605
0.120713
0.121658
0.098655
0.101090
0.107031
0.106689
0.052244
0.078707
0.121747
0.119605
0.119917
0.108024
0.081708
0.101960
0.103945
0.079136
0.056443
0.121399
0.121650
0.120826
0.122336
0.066598
0.107420
0.109036
0.090277
0.062621
