0.017266
0.123177
0.122368
0.117349
0.072610
0.101183
0.104239
0.092012
0.042060
0.121670
0.121953
0.122027
0.122000
0.058642
0.111953
0.100224
0.110629
0.046198
0.097185
0.122815
0.121819
0.122053
0.091211
0.100004
0.107085
0.104848
0.057260
0.068400
0.120192
0.122688
0.122000
0.119181
0.076982
0.108252
0.102507
0.085903
0.048803
0.119570
0.119939
0.122184
0.122624
0.056960
0.108169
0.097831
0.103806
0.050071
0.111393
0.122507
0.122617
0.122466
0.073582
0.109072
0.100401
0.105313
0.053319
0.072734
0.120202
0.122327
0.119820
0.116232
0.080052
0.101354
0.099674
0.091897
0.047088
0.119606
0.122368
0.118983
0.122192
0.062178
0.108702
0.109237
0.108258
0.040072
0.111863
0.122153
0.122311
0.122470
0.076411
0.109749
0.096362
0.099147
0.069354
0.077063
0.122255
0.121083
0.121742
0.110170
0.081489
0.100740
0.099999
0.086941
0.040737
0.122396
0.121884
0.119593
0.122408
0.062458
0.110021
0.104924
0.108762
0.042148
0.087951
0.120828
0.121834
0.124790
0.103240
0.102345
0.107291
0.106109
0.053047
0.058706
0.119612
0.122058
0.119649
0.120488
0.053253
0.107044
0.096257
0.106499
0.044576
0.110268
0.121460
0.123906
0.122231
0.076390
0.109766
0.101772
0.107626
0.051195
0.113060
0.121728
0.122264
0.122202
0.073143
0.101779
0.108662
0.102938
0.052747
0.075694
0.122335
0.121771
0.121770
0.107623
0.088919
0.105909
0.101780
0.074596
0.046870
0.119773
0.119783
0.121619
0.122969
0.055334
0.112996
0.099233
0.110851
0.043351
0.085144
0.122555
0.121552
0.122215
0.099301
0.097502
0.105906
0.100296
0.064799
0.048730
0.119847
0.119878
0.119876
0.121751
0.058077
0.112559
0.106103
0.112936
0.038633
0.103161
0.121897
0.122047
0.122467
0.085958
0.105537
0.102311
0.106315
0.054030
0.080105
0.120389
0.119971
0.119584
0.112232
0.079569
0.097985
0.100026
0.092592
0.046199
0.119941
0.122637
0.121727
0.121833
0.056370
0.112334
0.100600
0.110538
0.042677
0.111877
0.121001
0.121706
0.122359
0.077635
0.106443
0.105399
0.108807
0.049602
0.109892
0.121884
0.124268
0.122200
0.074521
0.102371
0.104805
0.106577
0.054212
0.109106
0.121438
0.121787
0.124469
0.075828
0.103187
0.104573
0.106365
0.055212
0.109097
0.122249
0.122153
0.121550
0.078196
0.108045
0.105383
0.108016
0.049623
0.114761
0.123025
0.119845
0.122139
0.073895
0.111193
0.102753
0.112882
0.042538
0.083304
0.120147
0.121840
0.121559
0.104815
0.089639
0.101128
0.100568
0.079284
0.109117
0.122330
0.121904
0.121849
0.077782
0.105694
0.102446
0.106713
0.053851
0.112658
0.119455
0.121904
0.122015
0.079311
0.101439
0.103661
0.106299
0.054376
0.108940
0.121428
0.122221
0.121927
0.078322
0.107105
0.106868
0.101717
0.053423
0.108889
0.122354
0.122615
0.122160
0.078465
0.103065
0.104095
0.106037
0.054880
0.111992
0.121946
0.122318
0.122336
0.075953
0.102909
0.102963
0.106358
0.056763
0.109284
0.121723
0.122267
0.124201
0.076125
0.109870
0.100037
0.111662
0.049059
0.109560
0.122146
0.121582
0.121951
0.077128
0.104787
0.102446
0.112573
0.051905
0.108093
0.121989
0.121826
0.121862
0.077952
0.093116
0.099914
0.101446
0.072376
0.054596
0.122034
0.121838
0.122446
0.122590
0.061720
0.115098
0.102953
0.096696
0.039826
0.117960
0.122221
0.121818
0.122197
0.070395
0.109911
0.100340
0.111518
0.043788
0.103524
0.122102
0.122350
0.121922
0.084753
0.102933
0.102545
0.108431
0.054939
0.075596
0.122320
0.122545
0.121933
0.111051
0.077003
0.101365
0.104731
0.085750
0.043408
0.121997
0.122522
0.122320
0.122392
0.061557
0.108648
0.097164
0.105608
0.046887
0.073382
0.120251
0.120177
0.120272
0.119397
0.071730
0.104817
0.105568
0.086873
0.039898
0.116564
0.122658
0.119648
0.122158
0.068765
0.107229
0.104222
0.103221
0.050329
0.068737
0.121906
0.119493
0.121339
0.120458
0.072302
0.103465
0.103535
0.091717
0.040877
0.116832
0.125323
0.121617
0.122232
0.064795
0.113655
0.102541
0.103783
0.044742
0.075942
0.122575
0.119600
0.121999
0.110941
0.093513
0.098888
0.098750
0.078480
0.067050
0.122327
0.122480
0.121578
0.117836
0.079620
0.101357
0.106831
0.082620
0.083367
0.122547
0.121984
0.120578
0.107002
0.075454
0.098487
0.103986
0.089538
0.067785
0.121411
0.122171
0.122036
0.119876
0.074319
0.105953
0.104684
0.089420
0.037805
0.117436
0.120972
0.120171
0.122743
0.069510
0.112624
0.107588
0.108095
0.041626
0.088224
0.120201
0.119944
0.120146
0.107846
0.090061
0.103637
0.101686
0.073539
0.045422
0.122609
0.121487
0.119782
0.120110
0.061224
0.111061
0.101491
0.108833
0.043177
0.110066
0.121993
0.122105
0.122368
0.076099
0.106772
0.102919
0.110449
0.048925
0.109123
0.122156
0.122136
0.122072
0.078601
0.107813
0.105039
0.109231
0.049673
0.111418
0.121706
0.121801
0.121523
0.076263
0.108957
0.099783
0.107774
0.050649
0.085158
0.122508
0.122076
0.122002
0.102502
0.090935
0.100255
0.108788
0.070703
0.063164
0.122691
0.122164
0.125372
0.117515
0.078984
0.103103
0.104456
0.087867
0.082325
0.122381
0.126318
0.121730
0.104384
0.095614
0.101987
0.106105
0.065807
0.047332
0.121597
