0.022088
0.103266
0.074138
0.115957
0.121602
0.121902
0.121135
0.052987
0.103760
0.102150
0.098145
0.047030
0.122532
0.122868
0.121742
0.107511
0.096929
0.110353
0.112978
0.047623
0.109638
0.121848
0.121933
0.122965
0.069239
0.113325
0.105768
0.106229
0.042606
0.123725
0.122540
0.122434
0.122895
0.067312
0.106987
0.104753
0.088011
0.044254
0.121076
0.120623
0.121306
0.122181
0.063814
0.105669
0.103106
0.090122
0.067456
0.121523
0.120803
0.122319
0.106016
0.096767
0.106437
0.111520
0.042700
0.120955
0.119320
0.122549
0.121166
0.061115
0.107215
0.105830
0.087746
0.053155
0.120819
0.122193
0.122246
0.067162
0.112765
0.105448
0.104425
0.041732
0.121956
0.121053
0.121897
0.122377
0.062537
0.108308
0.106541
0.090345
0.114839
0.122207
0.121571
0.121917
0.064234
0.111983
0.107111
0.100552
0.041492
0.119431
0.120637
0.120072
0.104156
0.095114
0.108979
0.106241
0.051775
0.104438
0.122705
0.121206
0.124063
0.070128
0.110189
0.098411
0.107545
0.042449
0.122090
0.121110
0.120783
0.122044
0.065937
0.106735
0.108497
0.092492
0.061193
0.122210
0.122900
0.120995
0.115788
0.077620
0.099243
0.101667
0.082193
0.045210
0.122921
0.121220
0.121270
0.121544
0.100942
0.102165
0.105604
0.039898
0.120987
0.121608
0.121004
0.123286
0.057198
0.108335
0.104467
0.098226
0.048984
0.123144
0.122903
0.122293
0.120824
0.073738
0.091851
0.104986
0.082053
0.093098
0.122688
0.121918
0.122811
0.081300
0.114074
0.101860
0.112010
0.041098
0.122282
0.121450
0.121189
0.121537
0.054109
0.110414
0.105440
0.087743
0.047659
0.120897
0.122338
0.122601
0.121662
0.061049
0.107045
0.106934
0.076140
0.110733
0.123352
0.122354
0.123049
0.063792
0.110972
0.104824
0.091257
0.059958
0.121135
0.119600
0.121135
0.115976
0.093189
0.103876
0.102816
0.064144
0.110810
0.121256
0.120915
0.121063
0.067205
0.110225
0.104266
0.109468
0.049424
0.120587
0.121281
0.121410
0.121785
0.062289
0.105335
0.105924
0.089682
0.054818
0.121469
0.120999
0.121486
0.118480
0.076050
0.106003
0.102561
0.063931
0.111094
0.123462
0.121989
0.121998
0.062704
0.108648
0.099440
0.108136
0.039951
0.109584
0.121318
0.120730
0.120157
0.065599
0.110822
0.099446
0.103191
0.040573
0.103949
0.120445
0.121355
0.122413
0.075535
0.113331
0.098646
0.106337
0.040624
0.111284
0.121861
0.120536
0.122102
0.071127
0.107303
0.099123
