0.017248
0.122313
0.121103
0.119793
0.059362
0.111086
0.100183
0.110573
0.044615
0.113884
0.120764
0.120169
0.121548
0.073561
0.103837
0.105340
0.105099
0.049839
0.092675
0.113667
0.120712
0.119383
0.095022
0.093825
0.100050
0.104499
0.070784
0.088088
0.121626
0.120416
0.120700
0.100096
0.094217
0.108941
0.108402
0.049301
0.068726
0.122087
0.120837
0.121676
0.116156
0.090802
0.102646
0.103001
0.070298
0.107680
0.119421
0.118217
0.119822
0.082392
0.100213
0.104470
0.107699
0.050129
0.074315
0.121836
0.121571
0.120869
0.110222
0.088024
0.103263
0.100479
0.072881
0.064936
0.119245
0.121893
0.121875
0.122191
0.062761
0.106847
0.105981
0.091552
0.037774
0.121598
0.120852
0.121517
0.121404
0.057077
0.109386
0.105073
0.107748
0.032262
0.097992
0.105577
0.105903
0.106126
0.059693
0.081589
0.091722
0.085083
0.054542
0.093514
0.109908
0.109612
0.109375
0.073070
0.093708
0.091830
0.096506
0.042437
0.089640
0.109702
0.109570
0.109638
0.087547
0.102208
0.104542
0.108439
0.054187
0.110579
0.121433
0.121461
0.122163
0.076034
0.108179
0.102789
0.108399
0.049370
0.108227
0.121145
0.121180
0.121579
0.076592
0.109585
0.100100
0.107868
0.051078
0.109004
0.121385
0.121792
0.121288
0.077574
0.107599
0.107039
0.106364
0.049705
0.089494
0.121990
0.124209
0.121455
0.096903
0.094050
0.100762
0.101006
0.069449
0.059753
0.121736
0.119909
0.121835
0.121804
0.062924
0.111736
0.099582
0.103718
0.039133
0.111080
0.122242
0.121910
0.121851
0.075552
0.108233
0.103427
0.105349
0.049295
0.058394
0.119706
0.122342
0.121292
0.122009
0.062045
0.108150
0.104199
0.100556
0.038449
0.110067
0.121430
0.124371
0.121215
0.078069
0.112450
0.102460
0.110518
0.042080
0.081284
0.122144
0.121629
0.121906
0.106161
0.082771
0.100243
0.101490
0.082582
0.040064
0.120344
0.121684
0.122427
0.122172
0.062650
0.113329
0.103920
0.107466
0.037532
0.095216
0.119523
0.121907
0.121664
0.095876
0.099443
0.106809
0.106318
0.056914
0.077121
0.121900
0.121715
0.121770
0.108965
0.080441
0.105247
0.097185
0.084413
0.042131
0.121745
0.121408
0.124301
0.121833
0.057701
0.110749
0.107299
0.107636
0.040319
0.102636
0.121421
0.121705
0.121652
0.084541
0.116347
0.092897
0.097914
0.031828
0.106139
0.105800
0.106063
0.105759
0.045548
0.090963
0.092120
0.096599
0.043307
0.081751
0.109696
0.109908
0.109299
0.082945
0.077004
0.094393
0.091511
0.062175
0.095231
0.116884
0.119233
0.119903
0.079480
0.108800
0.104052
0.102718
0.050621
0.072203
0.121918
0.121685
0.121850
0.110269
0.084166
0.104349
0.099454
0.081441
0.043993
0.121152
0.121217
0.121463
0.121457
0.055505
0.114041
0.108445
0.103713
0.037681
0.107796
0.122102
0.120960
0.121484
0.078354
0.105739
0.105636
0.107095
0.045952
0.077230
0.124721
0.120207
0.121435
0.106831
0.085907
0.106066
0.103264
0.070706
0.062770
0.122049
0.121318
0.121456
0.122473
0.076166
0.101891
0.106766
0.084186
0.069381
0.119562
0.121815
0.121717
0.118684
0.082536
0.099455
0.101490
0.082016
0.050042
0.121028
0.121849
0.121029
0.122384
0.065266
0.111908
0.102202
0.101050
0.038127
0.111181
0.121512
0.121664
0.121238
0.075790
0.111166
0.105871
0.110009
0.040085
0.116414
0.121213
0.121378
0.121308
0.063686
0.113451
0.101109
0.106959
0.045515
0.110715
0.123342
0.120390
0.119992
0.075049
0.102861
0.099398
0.107898
0.051320
0.092694
0.122386
0.120544
0.113873
0.078984
0.063797
0.089391
0.088091
0.068769
0.087998
0.105563
0.106459
0.109229
0.073822
0.088522
0.095356
0.099567
0.043623
0.098688
0.109660
0.108994
0.109301
0.067565
0.093860
0.097805
0.109381
0.048542
0.108727
0.121171
0.122099
0.121409
0.077693
0.109458
0.100448
0.108147
0.049932
0.108931
0.121792
0.124302
0.121465
0.076637
0.108770
0.099759
0.108169
0.050208
0.111586
0.121386
0.120477
0.122198
0.076263
0.109349
0.100141
0.108480
0.050106
0.116401
0.121326
0.121475
0.126374
0.068324
0.116170
0.102850
0.104499
0.043622
0.096020
0.122042
0.122261
0.121526
0.092399
0.091353
0.096911
0.103965
0.073606
0.110562
0.121577
0.122063
0.121457
0.076018
0.104342
0.101471
0.106633
0.054636
0.108886
0.121984
0.121377
0.124137
0.076013
0.109379
0.100128
0.107076
0.050749
0.108706
0.121915
0.120945
0.121615
0.078171
0.108902
0.099890
0.108689
0.050480
0.115937
0.121318
0.121470
0.119002
0.072651
0.108444
0.100455
0.108204
0.050173
0.112492
0.122149
0.121605
0.122178
0.073254
