0.022452
0.123346
0.066082
0.107277
0.107037
0.085942
0.052751
0.120758
0.121471
0.121081
0.120442
0.074268
0.102941
0.102180
0.082176
0.070344
0.121435
0.123145
0.120782
0.106382
0.095483
0.105009
0.108736
0.052224
0.086963
0.121718
0.123731
0.121653
0.092415
0.104399
0.105984
0.106909
0.047516
0.117201
0.122590
0.121781
0.121150
0.062122
0.110683
0.101539
0.109074
0.038417
0.113332
0.120936
0.121872
0.122009
0.067549
0.110475
0.103913
0.109846
0.046728
0.121310
0.123299
0.120790
0.124033
0.067253
0.107646
0.107490
0.089324
0.052807
0.122477
0.122158
0.121984
0.122195
0.061859
0.107309
0.103818
0.090292
0.068731
0.122303
0.121988
