0.010377
0.109247
0.050539
0.117660
0.121377
0.120625
0.120750
0.069109
0.115690
0.102140
0.107410
0.045381
0.111231
0.121686
0.120956
0.121048
0.075252
0.102248
0.104742
0.106024
0.053341
0.108326
0.121478
0.121855
0.121642
0.078644
0.104995
0.101505
0.105690
0.053672
0.108823
0.121179
0.121592
0.121649
0.077520
0.109484
0.102000
0.108142
0.049141
0.109978
0.121170
0.121734
0.121210
0.074990
0.109153
0.099792
0.108027
0.050182
0.108964
0.121579
0.121209
0.121147
0.077387
0.102473
0.104077
0.106315
0.054175
0.110168
0.121329
0.121344
0.121084
0.078189
0.107051
0.104487
0.108160
0.048482
0.109971
0.123425
0.121738
0.123012
0.072599
0.112190
0.101580
0.109777
0.042384
0.110522
0.121157
0.121260
0.121473
0.074998
0.109399
0.100196
0.093484
0.064080
0.108030
0.121006
0.121612
0.121757
0.078190
0.106276
0.103199
0.107946
0.048643
0.084800
0.122168
0.121329
0.121198
0.103999
0.095358
0.101802
0.103845
0.066496
0.109493
0.121170
0.123549
0.121639
0.075037
0.107110
0.102015
0.110185
0.048172
0.108542
0.120981
0.121689
0.121457
0.077762
0.106681
0.103200
0.108216
0.051346
0.112550
0.120923
0.121479
0.121787
0.073726
0.108398
0.102747
0.107256
0.046383
0.086924
0.121707
0.121205
0.123703
0.099177
0.106061
0.104250
0.108567
0.051365
0.114568
0.121997
0.121946
0.120299
0.070773
0.108547
0.102274
0.108332
0.048838
0.110549
0.121211
0.121502
0.121517
0.075717
0.107300
0.101810
0.108048
0.051079
0.114033
0.121223
0.121613
0.119612
0.076581
0.107143
0.104699
0.103540
0.050253
0.112370
0.120903
0.121297
0.119470
0.079404
0.107393
0.100421
0.103469
0.049889
0.069459
0.122206
0.121690
0.121266
0.115533
0.080956
0.108181
0.101434
0.081152
0.062945
0.122517
0.123160
0.121348
0.121484
0.079804
0.101157
0.100570
0.088553
0.054563
0.121511
0.121348
0.120930
0.122213
0.065111
0.112789
0.098995
0.101342
0.041126
0.116873
0.121961
0.122188
0.121461
0.068088
0.115584
0.102929
0.108096
0.047222
0.109270
0.124212
0.121472
0.121630
