0.017040
0.123409
0.057856
0.110075
0.101670
0.108806
0.038076
0.111945
0.119405
0.120026
0.119808
0.082212
0.102283
0.105632
0.104645
0.056733
0.081028
0.122382
0.121459
0.121874
0.106251
0.078215
0.097810
0.104774
0.088006
0.039558
0.118087
0.122365
0.122332
0.122236
0.068144
0.111098
0.103850
0.106399
0.044444
0.108827
0.122237
0.122145
0.121847
0.078792
0.109751
0.100441
0.110836
0.049345
0.109304
0.119341
0.119115
0.119591
0.085082
0.091047
0.091791
0.093362
0.035419
0.089118
0.106659
0.108529
0.106235
0.068360
0.075688
0.092054
0.094320
0.060693
0.065809
0.109866
0.109545
0.109541
0.098487
0.053750
0.095956
0.094395
0.081035
0.043324
0.109276
0.114278
0.117304
0.119696
0.061493
0.111930
0.103383
0.106468
0.037092
0.100848
0.119179
0.119060
0.119550
0.092060
0.100095
0.107391
0.109112
0.052471
0.077022
0.121468
0.119404
0.122405
0.110811
0.085515
0.096128
0.099792
0.084866
0.065975
0.118454
0.120080
0.122320
0.121952
0.059080
0.110206
0.107915
0.091794
0.041070
0.120254
0.121469
0.118607
0.122498
0.059754
0.108035
0.100874
0.107658
0.050222
0.086049
0.120438
0.121826
0.121405
0.103233
0.078039
0.108481
0.096540
0.083600
0.047930
0.121635
0.122002
0.121161
0.119076
0.059550
0.111177
0.098595
0.105897
0.045361
0.109669
0.121509
0.120946
0.118700
0.078742
0.102706
0.101507
0.104048
0.056247
0.082397
0.122759
0.122127
0.119598
0.103987
0.092247
0.102103
0.098112
0.072496
0.052664
0.121394
0.122721
0.121865
0.122392
0.069192
0.108390
0.101835
0.099383
0.039087
0.116578
0.120170
0.121377
0.118937
0.072297
0.103336
0.102935
0.103684
0.051792
0.078850
0.120170
0.119063
0.117960
0.117428
0.077991
0.104946
0.099039
0.084710
0.046916
0.118630
0.122130
0.121553
0.122056
0.050450
0.113552
0.102872
0.108149
0.041304
0.108934
0.119673
0.118436
0.121794
0.080558
0.106858
0.100238
0.105668
0.053343
0.059263
0.120375
0.122175
0.121662
0.122510
0.064157
0.104966
0.099968
0.102581
0.039899
0.114373
0.122414
0.118755
0.119903
0.074426
0.104970
0.100633
0.108699
0.054019
0.081955
0.118821
0.120864
0.119618
0.110516
0.074942
0.102844
0.102278
0.083934
0.041703
0.122337
0.122150
0.121749
0.122188
0.055148
0.110936
0.105605
0.111292
0.039795
0.071821
0.121532
0.118337
0.120036
0.115541
0.073768
0.092347
0.093061
0.060481
0.089021
0.106266
0.106146
0.105911
0.073767
0.085115
0.095238
0.090579
0.054732
0.086476
0.109694
0.108136
0.109555
0.081519
0.073314
0.093057
0.090273
0.068367
0.089571
0.119443
0.121835
0.119559
0.095136
0.097327
0.099734
0.101345
0.067276
0.062111
0.119231
0.118978
0.121185
0.122450
0.057235
0.107991
0.101636
0.103563
0.036331
0.112195
0.120042
0.121674
0.122131
0.071348
0.106592
0.105260
0.108549
0.050570
0.110662
0.121076
0.118574
0.119292
0.082165
0.102898
0.103292
0.106489
0.053894
0.074339
0.121434
0.122045
0.121834
0.110476
0.079509
0.102386
0.102323
0.079147
0.101625
0.119881
0.122017
0.121780
0.086192
0.099641
0.104917
0.103403
0.056556
0.068708
0.119470
0.119562
0.120113
0.122338
0.076669
0.102360
0.101385
0.087666
0.052348
0.120539
0.121569
0.120623
0.119589
0.048521
0.110393
0.101088
0.107907
0.042514
0.110656
0.119774
0.122233
0.122361
0.078289
0.102782
0.102128
0.110065
0.053800
0.095486
0.122649
0.121714
0.121033
0.092981
0.089656
0.100490
0.097949
0.075490
0.044614
0.118564
0.119704
0.119643
0.119388
0.063624
0.113782
0.100833
0.105363
0.040883
0.097291
0.118484
0.120144
0.121942
0.091649
0.099837
0.106833
0.104544
0.055065
0.071553
0.122432
0.121905
0.119930
0.114025
0.075339
0.100471
0.101617
0.091763
0.035470
0.119035
0.121108
0.118482
0.122515
0.066324
0.110527
0.105511
0.108775
0.043438
0.111003
0.121067
0.118269
0.122018
0.080144
0.104059
0.102392
0.104350
0.057278
0.083427
0.121747
0.121565
0.121891
0.105152
0.087831
0.100392
0.100909
0.072172
0.067292
0.122536
0.121950
0.122003
0.117184
0.075180
0.101830
0.099013
0.091565
0.045650
0.122118
0.121344
0.118802
0.120286
0.057560
0.111306
0.101005
0.108943
0.044361
0.102742
0.121699
0.120770
0.118110
0.086827
0.102375
0.104498
0.108373
0.053503
0.073837
0.122025
0.120996
0.121107
0.109876
0.077097
0.102578
0.101297
0.083262
0.040130
0.119869
0.122025
0.122107
0.122975
0.061650
0.112772
0.103247
0.107224
0.043602
0.093189
0.122049
0.119277
0.119250
0.097908
0.091164
0.102430
0.100141
0.069996
0.044820
0.121766
0.118884
0.119116
0.119515
0.058698
0.109602
0.101051
0.108181
0.040011
0.080677
0.121487
0.118439
0.119980
0.111449
0.085787
0.102500
0.102206
0.076482
0.040617
0.121321
0.121182
0.121188
0.120841
0.062608
0.114321
0.100995
0.105500
0.039511
0.096940
0.120180
0.122368
0.122440
0.091676
0.098830
0.106327
0.103728
0.040209
0.085572
0.106401
0.105385
0.105527
0.071363
0.064667
0.087393
0.090117
0.075112
0.091317
0.110584
0.108852
0.110237
0.075788
0.086903
0.098026
0.096535
0.044197
0.070284
0.110119
0.109508
0.119417
0.105945
0.094826
0.100025
0.103514
0.072189
0.051693
0.119856
0.119906
0.125542
0.122320
0.059650
0.109824
0.100323
0.107813
0.040767
0.109409
0.121806
0.121906
0.122178
0.076890
0.104824
0.100172
0.108797
0.051740
0.081816
0.122399
0.121795
0.121693
0.105269
0.093014
0.105253
0.106494
0.069751
0.069028
0.119838
0.121421
0.121995
0.118896
0.076871
0.098991
0.102564
0.090585
0.037544
0.117439
0.122084
0.122421
0.122476
0.065919
0.115285
0.102113
0.104843
0.119946
0.121537
0.122135
0.123019
0.064548
0.112044
0.100100
0.110557
0.045792
0.109643
0.118771
0.119870
0.122131
0.082663
0.104316
0.102545
0.107966
0.054617
0.081969
0.120512
0.120105
0.119969
0.111047
0.083915
0.103319
0.098768
0.084887
0.044584
0.122024
0.122044
0.121842
0.122067
0.059308
0.110287
0.100730
0.110857
0.044706
0.103521
0.122236
0.122222
0.122253
0.085397
0.105487
0.100314
0.104386
0.056508
0.056836
0.120193
0.122268
0.119145
0.120363
0.064320
0.104195
0.106924
0.102884
0.043146
0.115503
0.121955
0.122044
0.120339
0.068650
0.107671
0.102597
0.105863
0.048371
0.077070
0.122164
0.122143
0.123319
0.109913
0.088416
0.108368
0.103639
0.072509
0.062959
0.122284
0.122397
0.121550
0.122384
0.059355
0.107769
0.099259
0.102819
0.039299
0.112127
0.122037
0.122659
0.121614
0.076355
0.108318
0.103328
0.105474
0.051796
0.081923
0.122306
0.122319
0.121954
0.105296
0.093886
0.102828
0.106568
0.068478
0.065698
0.122624
0.120224
0.121815
0.118843
0.076991
0.100391
0.102278
0.089856
0.037744
0.114729
0.119569
0.121985
0.122226
0.073797
0.104793
0.100224
0.109546
0.050422
0.084446
0.122344
0.122189
0.121382
0.105906
0.093788
0.100882
0.103755
0.071819
0.062549
0.121773
0.121591
0.121142
0.120259
0.062402
0.110326
0.108600
0.093230
0.037824
0.108534
0.122240
0.122261
0.122737
0.075124
0.103175
0.104655
0.106630
0.052228
0.079573
0.119449
0.122092
0.121901
0.111269
0.079475
0.103219
0.101928
0.084926
0.042003
0.121062
0.122149
0.121978
0.122217
0.063783
0.110993
0.104065
0.108667
0.037256
0.086477
0.119776
0.122082
0.121574
0.102520
0.093843
0.100847
0.102980
0.072015
0.112855
0.121721
0.122115
0.119976
0.075462
0.102308
0.102228
0.107899
0.054911
0.091397
0.122097
0.121980
0.122274
0.097975
0.100959
0.107114
0.108914
0.054986
0.109004
0.121981
0.122348
0.121913
0.077551
0.102733
0.104118
0.107089
0.054518
0.109231
0.121740
0.122468
0.121927
0.077040
0.107799
0.102589
0.108342
0.049467
0.091553
0.122090
0.121985
0.121778
0.097651
0.100177
0.106241
0.108176
0.054184
0.110527
0.122056
0.121655
0.121993
0.078374
0.109186
0.100213
0.109369
0.050406
0.111780
0.121295
0.122114
0.122501
0.076603
0.103666
0.104551
0.106173
0.054334
0.109668
0.121756
0.122061
0.122211
0.077673
0.103335
0.104506
0.106092
0.055844
0.108618
0.122414
0.121836
0.121787
0.077443
0.107341
0.105284
0.108207
0.046278
0.079757
0.120495
0.121705
0.121628
0.106213
0.094084
0.102921
0.101631
0.072406
0.045021
0.122025
0.122665
0.121717
0.122728
0.059448
0.111196
0.107019
0.103000
0.039095
0.110447
0.118485
0.121824
0.119697
0.079051
0.101799
0.107954
0.106339
0.052200
0.081804
0.123096
0.121213
0.121786
0.103243
0.093018
0.102134
0.104012
0.070062
0.063308
0.121744
0.122218
0.121825
0.122922
0.066354
0.108181
0.108973
0.090784
0.040483
0.117875
0.121755
0.121555
0.122302
0.064713
0.110056
0.103024
0.113118
0.042237
0.077790
0.122636
0.121453
0.122240
0.106569
0.092420
0.102392
0.108589
0.068477
0.109342
0.122530
0.121909
0.122437
0.078436
0.104037
0.104583
0.112910
0.050009
0.115891
0.121779
0.122274
0.122163
0.072440
0.108748
0.100247
0.108284
0.051180
0.112179
0.121733
0.121933
0.122310
0.076885
0.109583
0.104795
0.105726
0.048834
0.109199
0.122322
0.121789
0.124318
0.075858
0.107860
0.102616
0.108728
0.051144
0.113058
0.121605
0.124236
0.121999
0.074064
0.109753
0.100054
0.107649
0.051922
0.100561
0.122364
0.122039
0.121924
0.086872
0.101604
0.105125
0.117458
0.048787
0.113487
0.121809
0.121771
0.122388
0.076913
0.109277
0.100700
0.108269
0.050577
0.111128
0.122358
0.121820
0.122369
0.076630
0.110262
0.100579
0.108603
0.050388
0.112170
0.122206
0.122575
0.122159
0.076657
0.109296
0.099576
0.111425
0.049342
0.111223
0.124700
0.122238
0.121876
0.073869
0.109886
0.103254
0.108254
0.050059
0.111619
0.124325
0.124467
0.121908
0.072014
0.115907
0.103128
0.115615
0.039493
0.118119
0.121915
0.121658
0.125690
0.068212
0.108899
0.103418
0.116404
0.045728
0.114269
0.124470
0.124054
0.122283
0.072404
0.114352
0.102258
0.108242
0.042749
0.093187
0.124935
0.122295
0.124639
0.094009
0.108165
0.105766
0.108123
0.048384
0.102536
0.127123
0.122101
0.122112
0.083046
0.108538
0.108619
0.106088
0.048784
0.113413
0.122365
0.122340
0.124769
0.072336
0.115704
0.103176
0.108774
0.045504
0.111278
0.124789
0.124579
0.124578
0.073472
0.115450
0.102970
0.108671
0.044270
0.113792
0.121624
0.122495
0.122413
0.075231
0.110581
0.100715
0.109225
0.051903
0.111660
0.122790
0.121917
0.122130
0.077071
0.110066
0.107155
0.111043
0.044234
0.092175
0.122337
0.122044
0.121879
0.096091
0.098339
0.108380
0.104892
0.059934
0.064481
0.122360
0.122291
0.121572
0.120803
0.077122
0.101101
0.105191
0.087162
0.043147
0.122215
0.122849
0.121866
0.121899
0.062467
0.109385
0.099738
0.108815
0.045871
0.091321
0.120251
0.121922
0.122692
0.097193
0.098460
0.107788
0.106986
0.057400
0.073483
0.122090
0.122915
0.121365
0.111575
0.083978
0.104061
0.101348
0.079063
0.041047
0.121091
0.122316
0.121983
0.122618
0.060093
0.110156
0.097744
0.105388
0.048120
0.075973
0.118268
0.119650
0.122430
0.115510
0.099230
0.100318
0.103299
0.069451
0.060477
0.121881
0.121920
0.121992
0.122108
0.074435
0.105814
0.106888
0.090498
0.043037
0.122332
0.122025
0.121720
0.122678
0.058942
0.111046
0.101128
0.110637
0.041242
0.110465
0.122346
0.122191
0.122166
0.076501
0.109717
0.100339
0.104334
0.053865
0.081864
0.120656
0.121684
0.122054
0.107894
0.082167
0.105427
0.102178
0.077563
0.050649
0.121511
0.120239
0.119480
0.120020
0.060828
0.111621
0.106781
0.110280
0.037519
0.100110
0.121931
0.121938
0.121888
0.083098
0.108114
0.102547
0.108607
0.050180
0.080333
0.122360
0.121758
0.122264
0.106768
0.085590
0.108058
0.101012
0.077765
0.069497
0.120317
0.122128
0.122044
0.115591
0.081641
0.100998
0.104267
0.085167
0.076560
0.122751
0.122138
0.122481
0.110795
0.087700
0.103973
0.103985
0.074471
0.059748
0.121875
0.120187
0.121997
0.122424
0.056292
0.111002
0.101298
0.103487
0.037878
0.111142
0.122702
0.121954
0.121965
0.073200
0.103449
0.101754
0.107157
0.054020
0.061108
0.124295
0.122351
0.121982
0.120267
0.074309
0.105429
0.101558
0.089104
0.078537
0.121724
0.122243
0.122103
0.111234
0.080526
0.106214
0.101293
0.081278
0.109495
0.121794
0.122009
0.121776
0.077541
0.109122
0.107523
0.106241
0.049828
0.108918
0.121900
0.122703
0.121861
0.078654
0.102751
0.103311
0.103775
0.057727
0.068263
0.123079
0.121995
0.122328
0.116873
0.075028
0.102852
0.104215
0.087749
0.074172
0.122312
0.121408
0.122400
0.110900
0.075141
0.098602
0.101710
0.092691
0.041780
0.122168
0.122475
0.121795
0.122142
0.056666
0.110574
0.102397
0.108552
0.045672
0.099765
0.122147
0.122030
0.121971
0.088406
0.100644
0.105182
0.104794
0.059324
0.110539
0.119134
0.118968
0.119697
0.084913
0.104041
0.102677
0.107061
0.057348
0.110550
0.122051
0.121872
0.121748
0.077324
0.106243
0.100718
0.108215
0.055295
0.110032
0.121750
0.118624
0.119418
0.081695
0.105460
0.101937
0.108386
0.051935
0.065916
0.120052
0.120006
0.121950
0.120830
0.074754
0.102626
