0.017322
0.052433
0.100265
0.121765
0.121809
0.122298
0.087292
0.104889
0.102498
0.106407
0.055459
0.072674
0.121756
0.122248
0.121600
0.112535
0.079483
0.108292
0.100600
0.084396
0.108608
0.121700
0.120964
0.121131
0.076741
0.108994
0.102168
0.107563
0.048383
0.111169
0.121765
0.121803
0.121971
0.075805
0.112477
0.102394
0.103325
0.049177
0.109008
0.121715
0.122020
0.121040
0.077571
0.101665
0.101863
0.108711
0.054902
0.110487
0.121322
0.121728
0.121444
0.077697
0.109219
0.102613
0.107507
0.048060
0.109083
0.121420
0.121388
0.121600
0.078001
0.102786
0.101992
0.107391
0.055555
0.108706
0.121692
0.122000
0.121480
0.077950
0.109004
0.099902
0.108129
0.049866
0.111087
0.121753
0.121687
0.122070
0.076133
0.106816
0.104907
0.107600
0.048284
0.108652
0.120611
0.120875
0.124270
0.075685
0.102456
0.103820
0.106217
0.053441
0.105546
0.121347
0.121361
0.121858
0.081405
0.103395
0.101379
0.107591
0.054277
0.059519
0.121713
0.121774
0.120141
0.122319
0.065381
0.107548
0.106143
0.093896
0.046213
0.121959
0.121351
0.121774
0.121593
0.059212
0.108352
0.100979
0.107600
0.040975
0.100637
0.119485
0.121528
0.121474
0.089475
0.097746
0.103185
