146	150	32	73
143	149	36	70
143	149	36	70
144	151	36	69
145	150	35	70
145	150	35	70
144	150	36	71
145	150	36	71
145	151	36	71
145	151	35	71
145	151	35	70
145	151	35	71
145	150	35	71
145	150	36	71
147	151	35	70
145	151	36	71
146	151	35	70
146	150	36	71
146	150	35	71
146	151	35	71
145	150	35	72
145	149	36	72
145	150	35	72
146	150	35	71
146	151	36	70
146	151	36	71
147	152	35	70
146	150	35	71
147	151	35	71
148	150	35	71
148	150	35	71
148	151	35	71
147	151	36	71
147	151	35	70
147	151	35	71
147	150	35	72
146	152	36	70
146	154	35	69
145	153	36	71
145	154	35	70
145	154	35	70
144	153	35	71
144	153	35	71
144	153	36	70
144	152	35	71
145	153	35	70
144	153	35	71
144	152	36	71
145	153	34	71
143	151	36	72
142	152	36	71
143	153	34	70
141	153	36	71
141	154	35	70
141	152	35	72
142	153	34	70
142	152	35	71
142	153	35	70
142	153	35	70
142	153	35	71
142	155	35	70
142	154	35	71
143	155	34	70
144	154	34	70
144	154	35	70
144	155	34	71
144	155	35	71
144	154	36	71
144	154	35	70
144	154	36	70
144	154	35	69
145	155	34	70
145	155	35	70
144	154	35	70
144	154	35	71
144	154	35	70
143	153	36	71
143	153	35	71
144	154	35	71
143	155	35	69
142	154	36	70
143	154	35	70
143	154	36	70
143	152	36	71
145	153	34	71
145	152	35	70
146	153	34	70
146	152	35	71
146	153	35	70
146	153	35	70
146	153	35	70
146	153	35	70
147	153	34	71
147	154	35	71
146	155	36	72
146	154	36	72
147	155	36	72
148	155	36	71
148	155	36	71
148	155	36	71
148	155	36	71
150	155	35	72
149	156	36	71
148	154	36	72
149	155	35	71
149	154	36	71
148	154	37	72
148	154	37	72
148	154	36	71
149	154	36	71
149	154	36	71
150	153	36	72
149	153	36	73
149	154	35	71
149	153	35	72
149	154	36	72
151	154	35	72
152	154	35	72
151	153	37	71
151	154	36	71
152	152	36	72
151	152	36	73
151	153	36	73
151	153	37	73
151	153	36	72
151	153	35	72
152	153	35	72
151	152	35	72
151	152	35	72
150	152	36	72
150	153	36	71
150	153	36	71
150	153	36	72
150	153	36	72
150	153	36	72
151	152	35	71
151	152	34	71
151	152	35	71
151	152	35	71
150	152	35	71
150	152	35	71
150	151	35	71
150	152	35	71
150	152	35	71
148	151	36	72
149	151	36	72
147	152	37	71
148	152	35	71
148	152	36	71
147	152	36	70
146	151	36	71
146	151	36	72
146	151	37	71
147	151	36	71
146	152	36	71
146	152	36	70
146	151	36	70
146	151	36	70
146	151	36	71
145	152	35	70
145	151	35	71
145	152	35	70
145	152	35	70
144	152	36	70
144	152	36	70
144	152	35	70
144	153	35	69
144	152	36	71
144	153	36	70
144	151	37	71
144	152	36	70
144	152	36	70
144	152	36	69
144	153	35	69
143	152	37	70
143	151	37	70
143	151	36	70
143	152	35	70
143	152	36	70
143	151	36	71
142	150	37	71
143	150	36	71
143	151	36	71
143	152	36	70
143	150	37	72
146	151	35	72
145	150	36	72
147	149	35	72
150	150	35	71
151	148	36	73
152	147	36	73
155	147	36	72
158	146	36	72
162	147	38	71
164	145	35	71
167	143	36	72
169	143	35	71
171	142	34	71
170	141	35	72
170	139	35	73
169	137	36	75
167	137	36	75
164	136	37	74
160	136	37	74
156	135	37	78
152	136	36	78
148	133	38	78
144	132	37	80
140	133	35	78
134	132	36	80
128	131	38	79
122	131	38	80
120	131	37	81
118	132	37	79
116	132	36	80
114	133	36	79
112	135	36	78
111	136	35	79
110	137	37	79
109	141	36	78
108	144	36	77
108	144	36	78
108	146	36	77
109	148	36	76
109	149	36	77
110	152	35	75
111	151	36	78
111	152	36	79
113	154	36	78
114	157	35	76
114	157	36	77
115	159	36	76
114	158	35	77
113	161	36	74
112	159	35	76
110	161	35	75
109	160	35	75
108	159	35	76
107	159	35	75
105	160	35	74
103	160	36	74
101	159	35	76
98	160	36	76
94	159	36	76
91	158	37	77
89	157	35	77
86	156	35	78
82	155	37	79
80	154	38	79
75	153	39	80
73	151	38	82
68	150	39	82
65	149	40	84
63	147	40	84
61	146	39	86
60	144	39	86
57	143	39	86
56	141	40	86
55	140	39	87
54	139	39	89
53	138	41	89
53	137	41	89
52	138	41	89
53	137	42	89
53	138	42	89
55	137	43	90
56	137	43	91
58	136	44	90
61	136	44	91
65	133	44	93
71	132	44	93
74	131	45	96
78	132	45	96
85	132	43	96
90	132	43	96
95	131	43	95
100	131	43	97
105	132	44	97
108	132	45	96
112	133	44	95
114	133	45	94
117	135	45	93
122	136	43	91
124	138	43	90
125	140	43	88
128	141	44	87
131	141	44	89
132	141	44	89
137	142	43	88
139	142	42	88
141	145	41	84
143	147	40	83
143	148	40	82
145	149	40	81
146	149	39	81
146	149	39	81
147	148	39	83
147	153	39	79
147	153	39	80
147	153	38	80
146	156	38	79
146	156	38	80
145	156	38	81
145	158	37	80
143	159	37	80
141	161	38	78
138	161	39	79
134	161	40	79
132	163	39	80
128	164	39	79
125	164	39	80
123	160	40	84
121	167	39	78
118	165	39	80
116	164	40	78
114	163	40	79
110	166	38	75
107	167	38	75
103	168	36	74
100	168	35	73
97	167	36	74
93	166	36	77
90	165	35	77
87	165	34	77
82	162	35	79
80	161	35	80
77	161	36	83
72	159	38	84
70	156	38	86
69	155	39	86
67	154	38	85
64	153	39	86
63	149	39	88
63	148	38	87
63	145	38	88
63	146	37	85
64	143	36	85
66	140	36	87
68	138	37	87
69	135	40	89
72	136	39	88
76	134	38	87
80	133	38	86
83	132	38	86
87	131	37	85
92	129	38	85
97	129	38	84
102	127	37	86
107	126	37	86
114	125	38	87
119	125	38	87
124	123	39	90
129	125	40	87
132	126	44	88
137	126	43	86
145	127	43	87
151	128	42	85
157	128	41	85
163	127	43	86
170	127	42	86
177	126	42	85
183	125	41	87
189	126	42	89
195	126	46	88
201	129	44	84
205	131	44	82
207	131	42	82
211	132	42	83
214	134	41	82
217	137	40	81
220	139	38	80
220	140	39	79
221	143	38	77
221	144	38	75
220	145	38	77
215	147	40	76
212	146	42	80
209	147	40	81
206	150	42	78
201	149	42	79
197	152	43	80
190	154	37	81
186	154	37	79
178	157	38	76
171	157	38	77
165	157	39	78
160	157	39	81
154	157	41	80
149	157	40	80
141	156	43	81
134	155	44	83
129	153	44	84
124	155	44	80
118	159	44	77
112	158	43	77
105	158	41	76
101	156	40	75
98	155	39	76
94	151	40	77
88	148	42	78
86	145	40	76
83	140	39	79
80	138	38	80
79	135	37	77
79	129	39	79
80	128	37	76
82	123	38	77
84	120	38	76
89	116	39	78
92	112	42	77
97	109	42	78
103	106	41	78
108	102	39	78
114	100	38	79
120	96	39	79
125	93	40	78
130	91	39	78
134	88	40	79
137	85	40	79
140	83	39	78
143	81	39	79
145	77	38	78
148	74	39	79
149	69	39	81
152	68	39	79
153	64	39	81
153	62	39	82
153	57	40	82
153	55	39	82
152	53	40	82
150	49	39	80
148	48	38	80
146	46	38	81
145	45	37	80
143	43	38	82
140	42	38	83
138	41	38	86
135	40	37	86
133	42	38	87
129	42	37	88
128	45	37	88
124	45	37	89
122	48	36	90
118	51	37	89
117	54	39	87
114	56	39	90
111	61	39	89
109	64	39	88
107	67	40	89
104	72	40	87
104	78	39	86
101	82	40	88
100	87	39	86
99	92	39	84
97	97	39	84
97	100	39	84
98	106	39	85
99	111	38	86
98	116	38	86
98	123	38	85
99	126	39	82
99	130	38	81
102	132	36	82
103	136	36	82
103	135	37	84
104	139	37	80
105	142	37	79
104	145	37	77
105	147	38	78
105	149	37	77
105	151	38	78
105	153	37	77
106	154	37	78
106	155	37	79
107	156	36	77
107	156	37	79
108	158	37	78
108	160	35	77
107	159	36	78
107	159	36	77
107	159	37	78
107	161	36	77
107	161	37	78
107	161	37	77
105	161	38	78
107	161	37	78
107	159	38	78
106	158	38	79
107	157	37	79
105	157	38	80
105	158	39	80
103	157	39	79
102	156	40	80
100	154	40	82
99	154	41	81
98	153	41	82
98	150	40	83
97	148	41	84
96	147	41	85
95	146	43	86
93	144	44	86
94	143	43	86
92	142	42	87
91	140	44	88
92	136	43	91
91	134	43	89
92	131	43	90
90	129	44	90
90	125	43	92
88	122	45	92
88	119	46	93
89	116	48	93
90	113	47	94
92	110	48	95
95	107	47	97
98	104	46	100
102	101	47	105
109	100	48	105
117	101	47	104
124	102	46	106
133	105	46	103
139	108	48	102
144	111	49	103
151	111	50	105
158	112	47	103
167	113	47	101
173	112	49	103
179	116	48	100
182	121	47	98
185	121	46	99
186	123	46	97
188	124	46	97
187	125	48	98
188	128	46	96
188	129	46	97
189	129	46	97
187	136	45	92
186	139	45	90
183	141	45	90
181	142	47	90
179	144	46	89
175	146	45	90
171	150	43	90
169	155	42	86
167	155	42	88
163	160	43	85
161	163	43	84
158	167	40	85
157	168	40	83
155	167	40	82
150	167	41	87
146	173	41	85
146	176	41	84
146	176	39	82
147	176	39	83
145	176	40	84
143	177	41	83
138	181	39	80
134	177	41	81
130	176	41	81
125	176	40	80
121	177	41	79
120	179	40	77
118	181	40	77
117	181	39	74
118	180	38	75
115	179	38	75
115	179	37	76
116	181	36	75
118	181	36	75
119	180	36	75
121	179	36	76
124	181	36	74
125	181	36	75
126	183	36	74
128	183	36	75
131	184	37	75
132	186	37	75
134	185	37	77
138	186	38	76
140	189	36	75
143	186	37	76
147	184	37	78
149	185	38	78
154	185	37	76
159	185	36	77
164	187	36	75
168	187	36	75
170	184	37	76
173	182	36	76
177	179	37	78
179	178	36	75
181	172	37	76
182	171	37	75
183	169	41	73
182	167	42	75
182	168	40	73
180	166	41	75
179	164	40	74
179	162	37	76
179	160	37	77
177	158	39	77
175	157	39	78
172	157	41	79
169	158	42	78
167	159	43	77
161	157	46	81
158	158	44	81
155	158	44	81
152	157	44	83
150	158	42	82
146	158	42	83
143	161	44	83
142	161	43	82
141	163	42	82
140	166	43	81
141	170	42	81
142	170	41	83
144	176	40	80
143	178	41	82
146	179	39	81
147	184	39	78
148	183	39	80
150	186	39	77
152	185	39	79
153	184	39	80
156	187	38	78
158	186	38	78
160	186	38	78
162	186	38	78
164	186	38	78
166	186	39	77
169	186	37	78
171	186	36	76
174	185	36	76
176	185	35	76
178	182	36	77
182	181	37	77
185	182	36	74
188	181	41	77
192	178	40	80
195	179	37	78
196	176	36	79
199	174	38	81
202	173	39	81
205	172	39	83
209	171	39	82
211	169	41	82
215	164	42	83
217	164	40	81
219	163	39	82
220	162	39	82
219	162	40	82
220	159	41	85
221	160	41	86
223	160	41	83
224	160	41	82
223	158	42	85
226	157	41	83
226	155	40	86
227	154	41	84
229	151	41	85
230	149	40	87
232	147	40	85
233	146	41	87
232	144	41	86
233	146	41	84
233	145	43	85
232	143	44	87
230	140	44	87
232	141	43	89
229	140	43	89
226	136	45	92
223	135	45	93
220	134	45	94
216	135	47	92
214	134	47	92
211	132	47	92
206	129	48	96
203	128	47	95
199	125	47	98
194	124	48	97
189	123	47	99
184	124	46	96
179	121	48	99
175	122	46	97
169	121	47	97
164	120	47	99
159	120	47	99
156	119	47	100
151	120	47	95
148	121	47	95
143	122	45	92
138	121	45	92
135	120	44	94
130	119	45	95
128	121	43	92
124	118	44	95
122	120	43	91
121	121	41	89
120	121	42	91
118	122	41	89
117	122	41	90
116	124	39	89
115	126	40	88
116	127	40	86
116	129	39	89
116	131	38	87
118	132	38	89
118	133	39	88
120	135	39	88
121	137	40	86
124	140	40	86
127	143	40	87
129	143	41	88
131	147	42	87
133	153	41	85
136	155	41	84
139	155	41	86
141	158	41	84
144	160	41	84
146	160	41	84
148	162	40	83
150	159	41	85
152	157	41	85
155	157	40	86
156	155	40	84
159	155	40	81
160	154	40	80
162	151	39	79
164	145	40	80
166	142	40	81
166	136	41	81
169	134	40	79
169	127	39	80
172	120	41	82
171	115	42	84
174	110	40	84
173	104	41	86
175	99	43	85
174	94	41	84
173	86	41	87
172	80	43	89
172	75	44	89
169	71	44	86
167	66	45	86
165	62	45	86
163	59	47	85
161	55	46	84
158	53	46	84
154	50	47	84
150	49	47	87
146	48	47	88
142	47	47	89
140	49	46	88
135	48	47	89
132	49	46	87
127	51	46	87
122	53	46	89
117	54	46	89
114	57	46	92
110	57	46	94
107	63	45	93
104	63	46	97
102	67	46	97
100	72	46	98
99	78	46	97
98	83	46	98
99	89	46	95
98	95	46	97
98	100	45	96
97	104	47	101
98	111	47	102
99	115	47	104
100	121	47	104
100	125	47	104
100	130	47	102
101	134	47	102
103	136	47	101
105	140	47	101
108	143	47	101
110	146	48	102
114	149	48	101
117	155	47	100
120	158	48	99
123	161	49	99
127	163	48	100
131	167	48	99
134	171	46	97
137	172	47	96
140	174	47	95
145	177	46	94
149	178	45	92
153	178	44	92
157	178	44	92
162	178	43	90
166	179	41	87
169	176	40	88
172	176	42	85
174	175	39	83
177	173	40	85
179	172	41	84
183	168	41	86
184	167	40	84
185	166	40	83
186	162	40	81
187	160	39	79
187	156	39	81
186	154	39	80
186	152	41	81
186	150	41	79
184	143	41	82
186	138	42	83
187	134	41	83
186	128	43	85
184	125	42	83
184	122	42	84
182	117	42	85
179	113	44	87
176	110	45	86
174	108	43	86
170	105	43	86
168	102	43	87
164	101	45	90
161	101	47	92
159	103	46	92
157	109	45	89
155	112	44	93
153	119	45	92
151	124	45	91
151	129	47	91
150	130	47	95
149	130	47	96
147	129	48	94
146	126	48	91
147	119	45	93
149	112	46	94
148	103	47	96
148	97	47	99
148	94	47	96
144	91	48	98
143	92	48	98
138	92	50	101
135	95	50	103
132	100	51	105
130	107	50	104
127	113	50	100
126	115	51	101
126	119	49	99
127	120	48	99
126	121	49	98
126	119	50	99
127	114	50	100
126	108	51	105
126	103	49	105
124	96	49	106
124	92	49	102
122	86	50	103
123	84	51	102
121	84	51	104
119	83	52	106
120	85	52	108
122	90	52	109
124	96	51	111
124	103	53	109
126	109	53	109
129	112	52	110
132	117	51	106
135	117	53	107
138	115	54	110
142	113	54	109
145	108	54	111
147	99	56	115
149	88	56	120
151	77	58	123
154	71	58	123
156	63	57	122
156	58	58	124
157	54	60	124
156	53	58	126
155	55	59	125
154	56	58	127
152	58	60	131
152	66	61	132
152	72	60	131
151	75	63	133
153	80	62	132
155	84	62	132
157	82	61	133
158	82	62	133
158	71	64	141
160	67	65	141
160	60	66	143
158	50	67	146
157	45	70	149
155	40	70	150
155	43	66	147
153	44	68	151
150	46	70	158
149	50	72	160
148	61	74	156
147	71	73	155
148	80	73	153
148	87	71	149
151	93	69	148
152	93	70	147
153	89	72	150
154	82	72	152
154	67	75	160
156	59	76	161
156	53	78	162
153	45	78	166
151	38	79	166
146	37	76	165
143	33	77	168
140	33	76	169
137	34	76	172
135	35	79	178
134	37	81	178
136	44	81	175
137	53	79	173
140	56	78	171
139	59	80	172
143	61	81	174
141	63	85	173
145	66	81	174
149	73	76	171
152	76	76	163
156	77	76	163
159	72	78	166
165	68	78	167
171	65	77	168
178	62	78	164
186	58	78	163
195	55	77	161
205	54	73	157
214	54	69	155
219	55	66	152
222	58	66	147
227	63	67	141
226	63	65	139
226	65	65	140
226	72	63	135
224	73	62	135
219	77	62	136
214	80	62	137
209	81	63	135
203	83	63	136
196	88	63	134
188	94	63	130
181	98	67	129
174	102	62	127
169	105	62	126
162	115	60	120
154	120	61	118
151	124	58	119
148	128	59	117
145	131	61	117
143	138	58	113
143	140	58	113
143	140	57	118
144	145	57	114
144	148	57	113
148	152	55	111
151	153	54	111
152	152	53	112
156	153	52	110
159	153	51	109
162	152	50	109
166	155	48	105
168	154	48	104
169	148	50	106
173	148	49	103
176	146	49	101
179	142	49	103
180	139	49	104
180	136	50	103
181	132	50	104
181	128	49	104
182	125	50	101
180	123	50	102
177	119	50	101
174	112	50	106
171	109	51	105
168	107	51	104
163	104	50	103
160	101	52	103
157	97	51	105
155	99	52	100
151	97	53	101
149	98	52	102
147	100	49	98
145	103	49	99
143	101	50	99
143	103	48	99
143	104	48	98
143	105	47	99
144	107	47	98
146	111	46	96
148	112	46	96
148	114	45	95
150	117	44	93
152	121	44	89
152	123	45	87
156	124	44	87
161	126	42	85
166	128	43	85
168	128	41	85
173	128	42	87
177	129	42	86
181	127	44	87
187	126	43	89
194	125	42	89
199	127	42	88
205	127	43	91
210	126	46	87
215	125	44	88
220	125	44	89
224	127	42	83
228	127	42	83
231	127	41	84
233	127	41	83
232	125	41	84
232	127	40	82
233	126	40	84
229	127	41	83
226	125	43	84
222	127	44	83
218	127	46	84
215	125	46	83
210	123	47	88
204	122	45	85
196	124	41	84
190	124	43	85
184	123	45	85
177	123	41	87
172	124	43	87
168	125	44	85
160	124	45	89
154	124	48	87
148	125	46	87
143	127	48	87
138	126	46	89
135	127	48	89
130	128	47	89
125	130	48	88
120	133	46	86
116	133	45	88
112	136	45	87
109	139	43	86
107	141	42	86
105	143	42	87
102	144	43	87
100	147	43	86
101	150	42	84
100	153	41	83
101	154	41	84
102	156	41	83
104	158	41	83
105	159	41	83
109	161	40	83
111	161	39	83
114	161	41	84
119	164	40	83
124	165	41	81
128	169	40	78
131	168	42	80
138	169	42	82
143	169	42	84
148	168	41	84
153	171	40	81
158	173	40	79
163	170	40	82
169	171	38	80
174	171	38	80
179	171	36	79
183	170	37	80
190	172	36	76
197	171	38	76
202	170	36	76
209	167	38	81
216	166	39	80
221	166	41	78
224	159	42	81
229	159	44	83
234	158	41	84
238	157	43	84
243	158	43	79
249	157	45	78
254	156	41	77
258	153	38	79
260	152	38	77
263	151	38	75
266	150	38	76
268	149	38	74
268	147	39	74
270	147	38	72
271	146	38	73
271	143	39	73
271	142	40	73
269	141	40	74
267	137	38	76
263	136	38	77
261	135	39	77
255	133	42	78
251	132	43	78
247	130	44	80
244	131	43	82
240	130	44	82
236	131	40	80
232	131	41	81
225	130	44	82
222	127	45	84
220	128	42	85
216	127	43	88
210	127	42	89
204	130	43	85
200	126	42	89
195	128	42	87
189	127	44	88
183	128	41	88
178	129	40	86
173	131	39	84
170	130	39	84
165	130	40	85
160	130	40	85
154	131	40	85
151	132	39	85
147	134	39	86
145	135	37	84
142	136	38	85
139	137	37	85
137	138	38	84
135	142	39	84
133	143	39	83
131	145	39	82
133	149	37	81
132	150	36	81
130	152	36	81
129	155	38	82
130	159	36	81
130	159	39	81
131	161	40	78
131	163	40	79
134	165	41	80
135	165	42	80
138	169	41	74
141	167	43	76
145	167	42	78
149	169	42	77
153	169	41	78
157	170	41	77
160	167	41	80
165	167	40	80
169	168	39	79
172	168	38	78
175	168	37	78
177	168	37	78
179	167	37	78
183	166	36	76
185	165	36	76
189	163	35	76
191	162	33	73
194	161	33	72
196	157	35	72
199	153	35	74
202	151	35	73
203	150	36	71
206	147	35	72
207	142	36	73
209	138	35	75
209	131	35	78
210	127	36	77
209	121	37	78
211	116	36	80
209	111	37	82
210	110	36	77
208	103	36	79
206	96	37	81
204	92	39	80
202	87	40	81
201	83	40	79
197	78	40	80
193	74	41	81
190	70	41	81
185	67	44	82
179	64	44	84
173	62	44	86
169	61	45	88
164	61	44	87
158	63	45	86
152	63	46	88
146	66	46	89
141	70	47	89
137	75	46	86
131	79	46	86
126	84	45	88
121	90	45	90
115	96	46	90
113	103	46	88
108	110	47	88
108	115	46	91
105	121	46	89
104	125	45	92
103	133	43	88
101	139	41	87
101	143	42	88
101	149	44	85
103	153	42	86
104	156	42	87
107	160	43	85
111	162	40	84
113	161	42	86
116	166	42	84
119	166	41	83
123	169	42	82
125	169	41	84
127	168	43	85
132	170	44	85
135	171	43	85
139	169	43	88
142	172	43	86
144	173	43	88
147	174	44	87
150	176	44	86
152	175	43	88
156	176	43	88
156	176	45	89
159	176	44	90
160	176	45	89
159	176	45	90
161	177	45	89
161	175	46	90
160	174	48	91
160	173	49	92
159	171	49	91
159	167	51	94
159	162	51	97
158	156	54	100
157	154	52	100
158	151	54	98
156	148	54	96
156	142	52	99
155	134	55	103
157	133	54	99
158	130	53	98
159	125	52	100
160	120	51	98
162	115	48	100
162	109	49	101
164	104	49	102
165	100	50	103
164	97	50	102
164	93	52	102
165	90	51	100
167	89	50	99
168	87	48	99
168	86	48	99
168	86	47	98
169	87	47	96
169	89	48	96
169	88	47	97
169	90	47	96
168	90	48	97
168	92	47	95
168	94	47	96
167	96	47	95
166	96	47	96
166	98	47	94
164	100	47	92
164	102	47	91
163	104	47	91
162	107	46	90
161	109	45	90
159	113	45	88
159	115	43	87
159	117	42	87
157	120	43	87
157	123	43	85
155	125	44	86
154	126	45	87
153	129	45	87
153	132	44	86
153	133	45	85
152	135	45	86
153	138	44	85
155	142	43	84
154	142	44	86
155	144	43	85
155	148	43	84
157	151	41	84
157	150	42	88
158	154	43	85
160	154	43	85
160	156	44	85
162	156	44	86
162	156	44	89
164	158	42	85
164	157	43	88
166	156	43	87
168	156	44	88
169	155	44	88
169	155	45	87
172	153	45	89
174	154	44	87
176	152	44	89
179	150	46	90
181	149	45	90
184	148	45	89
187	145	46	90
191	144	47	90
195	141	46	90
200	142	45	88
203	139	46	88
206	138	45	89
209	138	45	89
213	137	45	90
215	137	44	87
219	137	45	87
222	138	42	86
225	136	43	87
227	136	44	88
230	135	45	89
231	135	44	88
233	135	42	87
235	134	42	89
238	133	41	89
239	134	42	87
240	133	42	87
241	131	44	86
241	133	44	86
239	135	44	85
238	135	45	83
238	135	43	84
236	134	42	86
234	134	42	85
231	135	43	86
229	136	44	81
228	134	43	85
226	136	42	85
226	138	40	82
223	136	42	85
220	135	47	86
217	137	45	86
214	135	43	89
211	137	41	88
206	142	42	85
202	144	42	83
198	144	42	82
194	146	44	81
188	146	46	81
184	147	42	81
180	147	43	83
178	149	41	80
175	149	42	81
172	149	43	81
171	148	42	83
168	148	42	85
165	150	43	85
161	151	42	84
158	149	44	85
157	151	44	82
153	151	45	83
153	151	44	81
150	151	44	83
147	151	43	82
144	151	44	82
142	150	44	82
141	149	42	83
139	149	43	84
137	149	44	84
135	150	43	84
135	149	43	83
133	146	44	86
132	147	44	85
132	147	44	86
130	147	44	86
129	146	43	88
127	145	44	89
127	145	44	88
126	146	45	89
125	144	46	89
128	143	44	90
130	142	45	89
132	141	48	90
136	140	47	90
138	141	46	90
141	141	46	91
146	141	47	90
151	140	46	90
156	139	48	94
161	137	49	94
168	138	47	94
174	135	47	96
179	134	45	94
184	133	47	93
188	133	48	92
193	131	48	92
199	131	45	93
205	128	43	95
211	129	46	94
215	128	46	95
219	127	46	95
224	125	46	97
229	126	44	93
232	125	46	94
234	126	46	95
239	128	48	94
242	129	49	95
246	129	49	93
248	127	51	96
249	129	53	93
253	131	53	93
253	129	55	93
256	130	53	91
256	129	54	90
256	127	55	90
257	126	56	90
253	123	55	93
251	120	56	93
246	119	54	92
241	116	55	94
237	111	56	96
231	108	55	99
226	107	57	100
220	106	57	103
218	105	55	101
211	106	55	101
204	107	56	100
197	107	57	99
191	108	55	98
185	107	55	98
178	107	58	100
172	106	57	100
164	109	58	99
158	109	58	100
152	109	57	99
148	112	56	98
143	112	56	98
137	113	57	97
132	113	57	99
128	115	59	98
124	113	62	98
119	116	59	97
115	120	57	94
113	120	51	96
108	119	51	95
106	121	49	95
105	120	48	96
102	123	49	93
103	124	48	92
103	126	47	91
103	127	46	91
104	127	46	93
106	129	45	92
108	129	44	93
111	130	43	93
113	131	42	92
116	135	42	91
117	137	42	89
118	139	41	90
117	143	43	87
117	144	43	89
117	147	43	88
115	149	45	88
113	152	45	83
111	153	45	85
107	154	45	85
104	156	46	83
101	156	46	85
98	157	45	85
97	157	44	83
98	157	43	82
98	157	42	83
99	157	43	84
99	158	43	83
99	159	43	84
102	160	42	83
105	160	43	84
109	163	42	82
112	163	42	83
117	165	42	84
121	167	46	82
128	169	43	81
134	170	42	79
138	171	42	81
145	171	43	80
150	172	42	80
155	173	43	81
162	175	43	79
166	174	43	81
173	175	41	80
179	175	41	79
182	174	41	80
188	172	39	80
194	171	40	77
198	170	44	78
204	167	39	80
209	165	40	80
214	162	40	83
219	158	43	84
223	156	41	83
227	153	44	84
230	150	44	87
236	149	43	85
238	146	41	83
241	144	43	81
244	138	41	85
247	138	42	83
247	135	42	83
247	132	42	83
247	131	41	81
244	129	41	82
240	125	43	84
237	123	44	84
234	121	44	85
232	119	42	85
227	116	43	89
223	115	42	90
220	116	41	89
214	115	44	88
209	114	41	89
202	115	43	87
196	115	47	89
190	117	47	91
185	122	44	88
181	125	45	86
177	127	45	87
173	130	45	86
170	132	44	87
170	135	43	86
168	138	44	87
169	142	42	88
170	147	43	88
171	147	42	91
171	151	44	92
173	157	45	88
176	161	44	87
179	163	43	86
182	166	43	85
184	167	42	86
188	169	41	84
191	171	42	83
194	172	43	81
196	171	42	81
198	168	42	83
198	167	42	82
199	163	41	83
199	161	42	82
200	156	41	85
199	153	43	85
200	146	42	87
200	141	43	89
199	135	42	90
200	130	42	88
198	124	43	89
198	118	44	90
197	112	44	93
195	107	46	95
194	102	45	95
192	96	47	97
190	90	50	101
188	86	51	101
187	83	52	99
184	80	51	98
180	77	50	100
175	73	50	102
169	69	52	103
165	66	51	104
159	66	51	103
153	64	52	104
145	63	51	104
140	61	52	105
133	60	52	105
125	58	54	112
119	57	55	112
115	56	53	114
109	56	54	118
103	58	54	120
98	60	54	120
91	61	55	122
85	63	56	125
79	65	58	124
71	67	58	126
66	71	58	129
62	73	57	127
58	80	58	129
57	84	57	127
57	87	55	126
59	91	54	127
59	98	54	125
61	103	54	119
64	108	55	124
71	111	55	126
76	119	55	120
81	124	57	118
88	127	59	120
96	129	58	117
107	134	55	111
114	136	60	112
129	134	57	116
140	140	54	110
148	141	54	110
156	144	56	106
168	147	54	105
178	149	53	104
190	151	53	102
200	149	50	105
212	153	50	104
220	153	53	105
227	155	49	104
232	155	51	102
233	156	50	102
237	158	49	97
237	156	49	99
237	157	49	99
232	156	50	96
229	156	50	99
224	156	50	97
220	156	50	96
214	154	53	94
206	154	52	94
198	154	51	91
190	154	51	89
184	151	51	92
176	152	50	92
171	152	49	91
166	151	47	91
159	148	49	96
153	150	47	95
151	152	46	94
147	154	46	93
143	157	47	94
140	161	46	93
139	164	44	95
139	170	44	93
137	176	47	91
137	182	48	90
142	185	45	88
149	189	44	86
155	192	42	85
159	197	41	83
162	200	44	81
169	201	42	83
174	205	43	82
182	207	40	80
188	207	38	80
194	206	37	80
200	205	39	80
205	202	39	80
212	198	40	82
217	195	42	81
223	194	41	83
226	191	43	83
232	189	46	83
233	184	45	84
237	183	41	82
239	180	43	82
241	177	40	83
243	171	40	85
243	169	41	86
243	162	43	90
243	160	44	87
243	157	43	86
241	151	44	89
244	150	42	86
242	144	43	90
242	140	42	89
240	138	44	87
240	135	43	86
239	130	45	90
238	128	45	87
236	125	44	90
234	122	44	91
232	116	46	94
229	114	46	93
224	109	46	97
221	106	46	99
217	103	47	101
212	101	48	100
205	98	48	100
200	95	48	102
196	94	48	100
192	93	48	101
188	93	51	102
183	94	49	100
180	93	48	100
176	94	49	99
171	96	49	98
168	97	51	98
165	99	48	98
162	102	47	98
159	107	45	95
156	109	48	96
155	114	47	93
154	119	46	92
154	123	44	93
153	127	45	94
152	130	45	93
151	132	46	94
151	136	45	93
151	140	44	93
150	142	44	92
151	144	44	92
151	147	44	91
152	149	43	90
153	153	43	86
153	155	42	87
153	158	43	87
153	159	43	88
154	162	43	89
155	168	42	88
155	171	45	89
156	177	46	85
160	182	44	81
166	184	43	84
169	187	43	83
173	190	43	84
176	193	43	82
182	196	42	81
185	197	40	80
191	197	39	80
194	195	41	82
198	190	42	81
201	188	43	81
205	184	42	80
207	179	42	80
208	171	41	82
208	164	40	82
206	156	39	82
205	150	40	81
201	145	42	79
197	137	43	81
192	128	43	85
188	123	43	86
182	118	44	90
177	112	44	89
173	111	45	86
167	108	45	85
161	106	44	84
153	105	44	86
147	104	45	84
138	103	47	88
130	104	47	89
122	107	46	89
114	110	47	90
110	112	45	91
106	116	46	89
102	119	45	90
99	122	45	89
96	127	43	88
95	129	42	89
94	131	41	90
94	134	41	89
94	137	41	89
95	140	41	88
95	144	41	87
96	144	41	88
99	146	41	88
102	147	42	88
105	151	41	85
109	149	43	88
113	151	42	85
119	155	42	82
123	155	42	82
128	155	42	82
132	156	44	80
136	159	43	80
142	156	44	84
148	155	43	85
152	156	44	85
157	157	44	85
165	160	43	85
173	161	41	83
177	163	41	82
184	165	40	83
191	170	43	78
197	168	41	80
204	165	40	82
210	164	40	84
216	163	42	87
220	163	41	86
223	158	41	88
226	156	44	92
229	158	44	89
231	159	42	85
232	158	43	84
235	157	42	83
238	157	40	80
238	155	42	83
240	155	41	82
241	154	41	82
242	153	42	83
240	150	43	84
241	150	43	86
240	146	43	86
240	146	43	87
238	143	44	89
236	142	44	86
237	141	41	84
236	139	41	87
235	139	41	88
234	140	43	85
232	139	44	86
230	137	45	87
228	134	46	89
226	133	47	89
222	132	48	90
220	133	48	89
217	131	48	92
213	129	48	95
209	127	49	96
205	125	49	97
201	124	50	97
196	122	52	98
192	122	51	99
187	122	51	100
184	121	50	99
179	122	52	99
175	121	52	100
171	122	50	99
165	122	51	100
161	124	52	100
157	124	52	100
151	125	52	100
147	127	53	96
144	128	51	97
141	130	51	96
139	132	50	93
136	132	50	95
134	132	50	96
132	133	50	96
131	134	50	94
129	135	49	95
128	138	49	94
126	141	47	94
125	145	46	97
125	147	48	100
127	153	47	97
127	158	45	96
129	161	46	96
131	163	47	96
133	166	46	96
135	171	47	92
138	174	46	92
143	179	46	88
146	180	46	88
150	178	45	88
156	181	43	85
159	180	42	85
163	180	43	84
168	180	40	82
173	177	40	82
175	171	41	86
180	166	40	85
184	163	42	82
187	159	42	82
190	156	42	82
193	151	42	80
195	148	40	81
196	145	39	82
195	139	40	85
194	135	42	85
194	131	41	86
191	128	42	84
191	125	42	86
187	122	45	86
185	119	45	86
181	118	42	87
175	118	42	90
170	118	45	90
160	119	46	90
152	118	47	91
146	118	45	91
138	117	46	91
131	117	47	91
123	115	48	96
116	115	47	98
107	115	48	101
99	116	49	101
93	115	51	102
86	115	51	103
80	113	52	106
75	112	51	108
71	111	50	107
69	108	49	110
67	107	48	110
65	106	48	109
64	104	48	108
65	102	50	108
68	99	50	110
72	99	50	107
77	97	51	108
84	96	51	110
91	95	51	109
99	94	50	112
107	93	51	110
114	95	52	112
124	95	55	111
135	96	54	111
144	97	55	112
155	98	57	116
166	101	55	118
178	103	56	115
184	108	55	113
188	110	56	114
193	113	58	114
196	118	54	111
198	122	53	110
197	123	53	112
194	128	53	111
189	131	56	110
184	132	56	113
181	132	57	115
176	131	56	116
169	133	56	116
162	131	57	118
157	129	56	119
152	129	58	119
146	124	61	123
139	122	62	123
130	115	65	131
127	113	62	132
125	111	61	131
124	106	60	133
123	99	61	136
122	95	61	139
121	91	61	137
119	84	62	141
118	80	64	143
118	75	65	146
118	69	66	152
119	64	68	155
117	60	69	157
119	59	70	156
118	51	72	163
121	48	73	166
121	47	76	168
124	43	77	169
127	43	77	167
132	44	76	165
138	42	77	166
145	39	76	166
150	39	76	167
158	41	73	166
167	43	71	163
174	45	71	161
181	48	71	160
186	50	73	161
193	54	73	156
200	60	73	153
207	65	70	151
213	69	69	144
217	77	66	142
219	82	65	139
221	86	65	139
223	92	63	134
224	97	61	131
224	98	61	134
220	103	62	129
217	105	61	128
212	109	61	126
207	109	61	129
200	113	62	126
193	116	60	123
185	119	60	120
178	122	59	117
171	124	61	118
162	126	60	115
154	127	59	117
148	127	60	117
143	131	59	113
137	130	58	114
130	131	56	115
126	131	56	112
120	131	57	114
115	133	55	111
111	134	55	110
108	134	52	109
105	134	50	109
102	136	49	109
102	135	49	109
102	135	48	106
103	135	48	106
104	135	47	103
105	135	48	104
107	138	47	104
111	137	48	103
115	138	47	102
119	139	47	100
122	137	49	100
128	136	52	100
133	137	51	101
138	136	52	103
145	138	51	100
150	136	51	100
156	135	51	102
160	135	50	100
166	134	49	100
171	134	48	99
178	133	46	97
184	131	48	97
188	130	50	96
194	131	47	94
200	130	47	96
205	127	47	97
208	127	48	96
209	127	46	96
212	125	45	96
213	121	43	98
213	122	44	93
213	119	44	97
213	117	46	96
211	115	45	97
211	114	46	96
211	113	46	98
208	111	46	98
204	107	47	97
200	109	46	96
196	106	46	98
192	104	48	96
189	104	47	94
186	104	46	94
179	100	47	98
174	100	46	98
169	101	46	96
163	101	49	97
159	99	47	97
152	100	46	96
145	100	46	97
141	102	45	97
135	103	45	99
130	104	45	98
124	105	45	99
120	109	45	96
115	109	45	96
110	114	45	95
105	115	45	97
104	117	45	96
99	119	45	95
99	124	43	94
97	127	41	91
96	130	41	91
96	131	43	91
95	134	44	92
96	137	44	91
97	139	44	91
99	141	44	91
102	143	44	91
106	143	43	92
110	146	42	89
114	147	43	88
117	150	44	88
121	151	44	87
126	151	44	86
130	152	45	84
136	152	45	84
141	152	43	85
145	152	44	85
151	152	45	86
158	151	44	88
163	149	45	90
170	150	44	87
177	149	43	88
181	150	43	86
187	148	42	87
194	148	42	85
200	147	41	87
207	149	41	85
214	147	42	85
219	144	45	90
224	142	45	91
228	139	43	92
230	141	44	89
233	138	44	91
239	140	43	87
242	141	40	85
245	139	41	86
247	139	40	81
248	137	42	83
247	134	45	86
246	132	44	85
246	130	42	85
243	126	43	87
240	124	43	87
236	120	45	91
233	116	46	95
230	114	45	93
226	114	44	93
221	113	44	95
217	110	47	98
210	107	45	95
204	109	44	96
197	105	46	97
189	106	47	95
184	104	46	95
178	104	46	96
174	104	46	95
168	104	48	96
162	103	48	99
156	106	46	96
150	107	46	95
144	108	46	95
139	110	46	95
135	113	46	94
130	113	47	96
125	117	46	96
123	120	46	95
121	123	46	93
119	127	44	93
118	130	45	90
118	130	45	93
118	134	45	88
120	135	44	89
121	140	43	86
122	142	43	85
124	142	43	86
126	142	44	86
130	144	44	84
131	143	43	85
134	143	43	85
137	143	42	86
138	144	42	84
141	143	43	85
145	140	42	86
147	139	42	85
152	137	43	85
157	137	42	84
162	134	43	86
165	131	45	87
169	127	45	86
177	125	41	86
179	120	42	87
182	116	41	86
187	109	43	85
189	104	43	85
194	98	43	90
198	93	44	93
202	87	45	93
206	82	45	93
208	78	43	93
210	73	44	90
214	67	45	93
216	64	45	93
217	57	46	93
217	53	46	92
216	49	48	91
216	44	47	91
214	41	47	88
212	37	48	86
210	33	48	88
206	31	50	87
204	32	49	88
198	31	50	91
194	33	50	90
188	33	51	91
181	35	50	91
175	38	51	92
169	41	52	97
164	45	51	98
156	47	51	98
151	51	50	102
145	55	51	102
140	60	51	102
133	64	51	100
128	69	51	98
124	75	50	98
120	79	49	99
115	84	47	98
112	92	47	95
108	96	47	96
104	103	47	97
101	109	47	96
98	115	47	98
94	122	47	98
93	126	46	96
90	135	46	95
89	139	45	97
89	146	43	94
88	149	44	94
88	153	44	95
90	158	44	94
92	162	43	93
95	164	43	92
98	167	46	89
102	169	46	89
109	170	46	90
114	170	45	89
118	171	45	88
125	172	43	87
127	171	42	88
132	170	44	88
136	171	46	87
140	167	45	91
146	165	45	93
150	167	44	89
154	162	44	94
160	166	42	89
163	163	43	89
167	162	43	88
171	159	42	90
175	160	42	88
177	158	41	88
180	156	42	88
183	157	42	86
184	154	42	88
187	154	41	86
187	150	40	88
188	151	42	84
187	148	44	86
185	145	46	87
184	144	46	87
183	144	45	88
181	140	44	90
178	138	43	91
174	136	44	91
169	134	45	91
163	132	46	91
157	132	45	89
153	131	43	90
146	129	44	90
142	128	42	93
135	127	43	94
129	127	43	96
123	128	43	97
117	129	43	97
115	130	42	96
109	131	44	97
105	132	44	97
98	133	46	99
93	135	45	98
90	137	45	98
86	139	45	99
83	140	44	98
80	141	43	96
78	144	43	96
75	148	42	94
72	150	41	92
72	152	41	89
72	154	39	87
71	155	40	87
71	157	40	85
70	156	41	89
72	159	39	87
75	161	38	85
77	163	38	84
78	164	37	84
80	164	37	85
81	164	39	86
85	166	39	85
88	165	41	86
92	167	41	86
97	167	42	87
103	166	42	87
112	167	41	86
116	167	42	86
120	165	43	87
126	168	42	84
133	168	42	82
137	165	44	84
141	161	47	90
150	161	44	89
155	160	45	91
160	161	46	88
168	164	44	85
175	165	44	86
181	166	43	85
186	167	41	84
193	166	47	84
200	170	44	82
205	167	42	85
212	165	41	87
217	167	42	87
221	164	41	90
227	164	42	87
232	159	44	91
235	155	43	93
239	156	45	89
248	155	43	88
251	152	45	86
258	149	42	87
262	148	40	86
265	146	42	84
269	144	40	83
271	140	39	85
274	137	38	85
272	131	40	87
274	130	39	87
274	129	39	85
272	125	41	86
270	125	41	85
268	122	41	86
263	121	43	87
261	119	43	86
257	117	45	89
251	113	46	90
250	111	45	91
246	109	45	93
237	107	48	95
235	104	45	97
228	103	47	97
223	102	45	98
218	103	46	98
210	105	45	96
200	105	46	97
192	106	48	97
185	108	48	96
177	108	47	99
166	113	49	95
158	114	47	95
150	119	47	94
144	119	47	95
138	123	47	94
131	126	46	93
126	131	47	91
121	136	44	95
115	141	44	92
113	146	43	90
110	150	43	90
110	154	42	89
110	158	42	88
111	160	43	89
112	162	44	90
116	166	45	88
123	172	45	83
129	171	43	87
136	171	44	88
144	173	44	87
152	169	46	91
159	167	46	93
167	168	46	90
175	166	47	90
182	162	46	91
194	161	46	89
205	160	43	89
215	160	46	88
228	152	46	94
235	149	47	95
242	149	50	90
253	147	48	91
260	147	47	89
271	145	49	88
278	143	48	90
288	137	47	95
293	137	49	95
301	135	49	95
310	133	50	100
318	136	50	95
324	133	50	95
329	133	53	94
340	133	49	95
346	132	47	94
349	134	45	91
353	133	44	92
356	132	41	92
359	132	40	91
359	129	39	93
359	130	39	93
356	129	41	93
354	126	43	94
350	125	46	97
349	127	46	94
344	126	47	96
337	124	49	97
327	123	53	99
320	123	53	101
315	122	53	102
306	126	53	100
296	126	54	99
288	127	52	99
281	127	49	100
272	131	53	95
261	129	55	99
252	132	53	100
243	132	55	99
234	131	55	99
226	131	52	100
219	134	51	98
211	133	54	97
203	132	52	98
195	134	51	98
188	133	52	98
182	135	49	99
176	139	48	96
171	141	48	93
164	140	50	95
158	141	51	96
154	144	50	93
150	150	49	90
144	150	50	93
143	154	51	93
140	156	50	93
136	163	52	89
133	171	49	87
130	174	47	88
129	180	47	91
131	187	47	82
129	185	48	93
132	197	45	87
134	197	46	91
139	200	47	92
143	205	48	90
148	207	49	88
155	208	48	89
161	211	47	85
168	211	44	86
174	215	44	82
183	216	44	81
190	214	46	83
198	211	47	84
207	214	49	81
215	206	55	86
224	200	51	90
230	197	50	91
234	195	49	91
239	194	49	88
242	192	52	87
248	190	48	88
250	185	48	89
254	184	47	87
255	179	47	89
256	179	47	86
254	175	47	88
252	170	48	91
249	166	49	94
246	161	52	99
243	160	52	97
238	157	53	97
233	153	53	99
228	151	51	100
222	147	50	98
217	143	53	103
210	144	53	96
203	145	52	96
197	142	51	97
190	141	52	97
183	139	50	99
178	140	48	98
170	141	48	96
162	140	53	97
158	139	51	98
152	141	51	97
146	143	50	95
141	144	50	97
136	147	48	95
132	144	50	98
129	145	51	96
126	146	51	97
123	147	49	96
120	149	49	95
117	147	49	96
116	150	48	93
114	150	48	94
113	150	48	93
114	151	47	94
113	151	47	95
113	152	47	93
114	151	47	95
115	153	46	95
116	154	45	93
118	155	46	92
119	157	45	90
120	156	45	90
122	155	46	90
124	153	47	92
126	152	47	92
128	152	48	92
131	151	48	93
133	149	48	93
136	149	47	93
138	147	49	95
140	149	49	94
144	147	48	95
146	148	48	94
149	148	49	93
153	148	49	92
155	148	49	93
160	146	49	95
165	147	49	94
170	149	48	92
173	149	47	92
176	149	47	93
180	148	48	94
182	148	48	93
188	149	47	92
191	150	49	91
195	151	47	91
198	151	46	90
199	151	46	89
201	150	46	90
202	149	47	90
203	150	46	88
202	150	46	89
202	150	48	89
200	149	48	88
199	149	49	87
196	147	49	89
194	147	50	89
192	147	47	88
188	146	48	89
186	144	46	92
184	144	46	91
180	144	46	90
176	144	47	91
173	143	47	89
168	140	49	91
164	140	50	92
161	140	48	92
159	140	50	91
155	142	49	88
153	141	49	90
150	141	48	88
147	139	48	89
145	138	49	90
144	137	49	89
141	136	49	89
139	136	49	88
138	136	48	88
136	135	49	89
135	133	48	89
134	134	47	88
134	133	46	88
133	134	46	88
133	132	46	90
133	131	47	90
133	131	47	89
134	132	45	90
135	132	45	91
135	132	46	90
135	131	47	92
136	130	46	91
136	131	46	90
138	130	45	90
138	130	45	89
139	130	45	88
140	129	46	88
143	129	46	88
143	130	47	90
145	129	46	89
149	130	45	89
150	129	46	90
151	130	46	89
152	130	46	87
155	130	47	89
156	131	47	88
159	131	47	88
161	130	46	91
162	132	48	91
164	131	48	91
166	132	47	91
169	133	47	89
172	133	46	86
175	134	47	83
177	133	44	87
180	133	44	89
181	133	44	89
181	134	45	89
183	136	44	89
185	135	45	90
184	135	46	92
185	135	46	92
186	135	46	92
185	137	46	90
185	136	46	92
186	136	46	90
185	137	46	91
185	138	45	89
184	136	45	90
184	136	45	90
182	136	47	90
181	135	47	88
183	132	45	89
182	132	45	88
182	132	44	88
182	132	44	88
182	130	44	88
181	130	44	88
180	129	46	87
180	128	45	87
180	127	45	87
177	126	45	88
176	125	45	88
174	126	46	89
172	125	46	89
172	126	45	89
170	125	46	89
168	128	45	87
167	127	46	89
166	126	46	89
164	127	47	90
162	126	46	91
160	126	46	91
158	124	47	93
157	125	46	93
155	125	46	93
154	123	47	92
153	122	47	94
151	120	48	96
150	117	50	96
148	115	50	97
147	115	48	94
144	111	49	96
142	110	48	95
139	108	48	95
137	106	47	94
132	104	49	95
130	104	49	93
128	103	48	95
125	104	48	97
124	106	47	93
123	107	46	93
123	108	46	93
123	110	47	93
123	112	46	92
123	114	46	93
125	116	45	94
128	116	45	100
130	118	46	99
131	120	48	99
135	123	47	98
139	124	46	95
142	124	46	96
146	125	45	96
149	126	46	95
152	127	46	94
157	130	45	92
159	130	46	94
161	132	46	94
164	133	48	95
165	133	48	96
168	136	47	93
170	137	48	89
172	136	47	94
174	140	49	92
175	144	44	91
177	145	43	90
179	150	42	84
179	166	42	70
175	161	41	77
175	152	44	84
173	148	46	89
172	147	45	90
171	144	46	92
168	143	48	93
168	142	47	94
167	142	47	93
166	142	47	93
166	141	45	93
165	140	47	91
163	140	48	91
161	140	48	89
161	138	47	92
161	138	47	90
161	134	48	91
159	136	48	90
158	133	48	91
157	133	48	90
156	132	47	90
154	131	49	89
154	131	49	89
153	130	48	90
151	131	48	89
151	131	47	88
150	131	47	90
148	130	48	89
147	128	50	91
146	128	49	90
146	127	49	90
145	127	49	90
146	128	48	89
146	125	47	91
146	126	47	90
146	124	46	91
147	122	46	92
147	121	47	94
147	121	47	93
148	119	47	95
149	117	47	92
149	115	48	94
150	114	47	95
150	112	47	94
149	110	48	94
149	109	48	95
149	108	47	95
148	110	47	92
148	109	47	92
149	108	46	95
149	108	46	94
150	109	45	94
150	110	46	95
151	109	45	95
153	111	45	96
153	113	45	96
155	114	45	96
157	116	45	97
158	119	45	97
159	119	46	97
161	121	46	99
164	123	46	98
166	128	47	98
168	128	48	100
170	130	49	101
173	133	48	99
176	134	48	98
178	138	47	95
181	140	46	95
185	142	44	92
187	145	43	92
189	144	44	93
191	145	43	91
192	143	44	92
192	144	44	91
191	146	44	89
191	145	43	91
190	147	44	89
187	148	46	89
185	148	46	89
181	147	47	91
178	149	48	89
174	149	47	90
171	149	47	89
164	149	49	91
160	150	49	93
156	153	49	92
150	152	53	91
147	152	55	91
142	155	52	89
137	155	54	87
132	156	55	86
126	156	55	87
122	158	53	86
116	160	50	86
114	159	47	87
108	157	48	89
105	156	48	90
101	157	48	90
98	156	51	88
97	155	50	89
94	156	46	89
92	152	47	91
90	155	46	87
89	153	46	88
88	153	48	87
88	152	46	89
88	150	47	90
90	150	45	89
91	147	45	91
93	149	46	87
94	146	47	88
97	147	48	82
100	145	47	82
103	144	48	82
106	143	49	80
111	143	48	83
115	143	48	84
119	141	49	89
125	140	49	83
130	140	48	86
134	137	50	87
140	138	52	85
145	138	51	89
150	137	51	86
157	135	50	86
161	133	52	86
166	131	53	87
169	130	54	85
174	131	52	82
180	129	49	82
183	126	47	82
185	126	48	81
187	124	50	83
188	123	48	82
188	120	50	85
188	120	50	87
188	118	50	90
185	116	52	91
182	115	53	93
179	117	54	92
173	118	54	95
168	118	56	96
161	121	56	95
158	122	55	95
154	124	52	92
148	126	52	99
145	124	52	96
140	124	54	99
134	124	57	102
127	128	60	98
125	130	57	101
121	134	53	95
118	133	54	94
114	134	53	96
113	135	52	92
111	137	52	90
108	140	48	87
106	141	48	85
104	144	51	87
104	143	50	88
103	144	51	86
104	146	49	87
105	146	49	88
104	147	50	88
107	148	47	90
105	146	53	86
111	146	49	84
111	143	51	88
118	141	49	88
121	141	46	85
127	137	50	86
130	135	51	85
136	129	52	86
141	127	53	84
147	123	52	81
152	120	50	82
157	116	50	80
162	112	50	82
167	111	51	78
172	107	50	82
178	102	51	80
181	97	53	82
187	91	54	80
196	88	54	81
199	84	57	87
203	80	55	91
209	76	53	92
212	74	52	92
214	72	51	87
216	69	51	85
215	66	56	83
216	64	55	84
214	63	56	85
211	61	57	86
209	61	55	86
206	61	55	91
202	61	52	89
198	62	53	86
192	65	54	88
185	67	53	92
180	68	54	98
174	72	53	103
166	74	56	101
158	78	55	107
151	79	57	108
145	85	57	107
130	90	63	101
123	93	61	108
118	98	57	100
112	104	55	102
107	109	55	99
98	113	54	99
90	117	57	103
88	121	55	100
83	126	51	100
80	130	50	98
76	136	49	98
74	138	51	94
72	144	50	95
68	149	50	88
68	150	51	90
66	152	53	91
68	154	51	88
69	157	49	89
71	156	49	89
73	158	49	85
74	156	47	85
76	155	47	85
77	152	48	89
78	153	46	88
79	149	47	89
79	148	46	88
78	142	47	90
78	138	48	93
78	135	48	88
80	130	46	90
76	127	49	88
75	121	52	89
69	119	55	87
68	115	58	88
67	113	57	90
67	112	54	89
65	113	50	88
59	115	51	91
57	119	50	91
56	124	50	86
55	129	50	90
55	132	49	92
57	136	47	92
57	140	51	97
58	147	53	98
64	153	56	96
72	157	56	98
79	163	54	96
86	161	53	100
94	163	53	98
103	169	52	94
111	169	52	89
119	179	52	85
130	178	49	90
137	179	52	91
144	178	55	90
150	174	59	94
157	171	59	99
171	169	54	98
180	167	55	96
188	165	52	97
194	160	53	98
203	157	53	96
207	154	52	96
214	153	53	99
219	148	56	101
226	145	56	101
231	140	53	105
233	137	56	101
238	133	56	101
240	132	56	96
242	128	58	93
244	122	59	98
243	117	61	98
245	112	61	102
246	107	59	104
243	100	65	109
241	96	67	114
236	90	65	116
231	79	69	124
227	73	71	127
218	66	76	130
211	59	78	134
204	53	76	142
192	48	76	146
181	46	77	144
169	45	76	145
159	45	79	147
141	44	86	141
130	49	86	149
122	52	85	144
118	56	79	136
109	56	74	143
102	61	72	144
94	66	75	136
90	71	73	135
86	76	73	138
81	81	72	138
78	86	73	131
75	92	72	132
74	97	71	127
74	106	70	126
74	117	69	122
75	120	70	127
76	130	67	123
79	137	68	123
81	142	67	127
85	145	66	124
90	152	66	120
95	156	65	123
100	162	63	117
105	167	61	115
111	169	63	112
116	169	63	109
122	175	61	104
127	180	61	99
131	184	61	96
137	186	59	95
141	189	59	92
147	190	53	91
152	193	54	90
157	191	55	90
162	192	54	91
164	192	57	91
171	191	54	92
175	189	55	97
181	187	54	96
182	186	56	94
187	184	53	90
189	182	52	89
191	179	52	89
193	177	53	88
197	172	51	88
202	169	48	87
204	165	47	87
205	163	48	85
205	161	47	84
205	160	47	81
203	158	48	82
203	158	47	80
202	157	47	79
201	156	46	81
200	155	46	78
195	155	47	78
192	154	48	79
189	154	47	81
185	154	48	83
181	153	47	81
176	154	48	85
167	155	53	88
163	155	51	90
154	157	53	86
149	162	50	85
141	163	49	87
135	163	50	87
130	166	50	85
121	164	50	88
116	168	49	83
110	168	48	84
102	169	52	86
97	170	48	86
92	171	46	84
88	171	45	83
85	172	43	83
81	172	43	85
82	171	44	85
81	170	44	85
82	169	43	86
84	168	43	85
86	166	43	86
90	163	42	87
96	161	40	88
100	160	41	88
106	160	43	89
113	159	44	90
120	157	44	91
128	158	43	88
136	158	44	90
146	156	45	91
154	156	49	90
165	153	50	94
174	151	49	95
183	150	48	95
197	154	45	92
206	154	45	93
216	155	45	91
226	154	44	94
236	153	46	98
245	152	47	100
252	150	46	102
257	153	48	100
264	152	50	99
271	151	48	99
276	153	47	96
281	150	46	95
288	149	46	93
290	147	43	93
291	145	43	95
291	144	43	95
291	143	44	96
289	141	45	96
285	140	47	97
279	138	48	96
276	136	49	97
270	134	51	100
262	133	54	100
255	131	50	100
250	130	51	102
243	129	49	100
236	128	51	100
228	128	49	99
217	127	50	100
209	128	51	99
201	127	48	101
189	126	51	102
181	126	52	102
173	128	53	103
167	128	51	103
158	128	53	105
150	129	52	104
140	131	53	104
134	133	50	103
130	135	47	102
124	136	48	101
120	138	48	99
115	138	49	101
111	141	49	99
111	143	46	98
109	147	47	99
109	150	44	98
110	152	46	97
109	155	45	94
110	158	44	92
114	160	42	90
116	163	42	90
119	163	42	89
122	165	42	88
123	164	43	89
127	165	45	90
133	167	44	89
138	167	42	89
144	167	42	89
148	168	42	88
153	169	42	87
157	167	42	88
162	165	43	89
170	164	42	91
174	161	43	93
180	161	43	92
186	161	43	92
193	163	43	90
199	164	42	89
204	163	42	89
207	160	41	91
215	161	43	88
220	161	46	89
224	159	43	91
229	160	42	90
233	158	43	91
234	157	43	93
238	156	42	91
239	155	43	92
239	151	44	95
239	151	45	94
238	151	46	94
236	150	46	94
235	149	46	96
232	150	44	91
228	147	45	93
225	148	45	91
218	147	47	92
213	146	47	92
208	149	45	90
201	146	46	94
195	145	48	96
189	147	48	94
182	145	50	98
178	147	49	96
171	148	48	96
168	146	48	97
163	149	48	96
157	149	47	96
152	149	48	96
145	150	47	95
139	153	47	93
132	154	47	94
126	155	47	94
124	157	45	92
117	160	46	92
114	162	44	91
110	165	43	90
107	164	42	90
103	165	43	90
101	167	42	91
99	168	41	91
98	169	42	91
98	167	41	92
96	169	43	92
98	171	41	90
99	172	39	89
100	171	40	88
100	172	40	88
102	172	39	86
103	169	40	88
106	171	40	86
109	170	41	86
111	170	41	86
114	169	42	85
116	168	41	86
118	168	42	85
121	166	42	85
125	165	42	86
128	165	41	85
131	166	41	84
134	164	41	86
137	162	42	86
140	162	42	85
143	161	42	85
146	161	42	84
149	161	42	85
152	161	42	85
154	159	43	86
157	157	44	88
159	155	43	90
161	156	45	91
164	156	45	91
166	159	44	90
168	157	44	92
169	158	44	92
169	158	46	92
169	159	46	92
172	163	45	89
172	161	45	93
173	162	46	94
174	163	45	93
174	164	43	93
173	165	44	92
173	166	43	91
172	164	43	93
171	164	43	93
169	165	43	93
167	161	44	94
165	160	45	95
164	160	43	92
161	160	43	91
157	160	43	91
154	160	42	92
149	162	42	90
144	162	43	89
140	161	43	90
138	162	42	90
132	161	43	89
128	161	44	91
125	161	44	90
120	162	45	89
118	164	42	87
113	163	44	90
110	164	43	89
105	165	44	88
101	165	43	89
97	166	44	87
92	167	43	88
90	166	42	89
83	167	44	90
80	167	43	91
76	166	42	91
69	165	43	94
63	164	46	96
61	164	45	97
59	162	45	100
57	160	44	101
57	161	44	98
58	161	42	97
57	161	42	96
59	159	43	99
60	159	45	101
61	159	45	101
64	159	46	100
69	160	45	99
74	160	47	97
80	159	47	95
86	160	47	92
90	157	49	91
97	156	51	93
107	155	48	92
111	152	50	92
118	146	51	97
122	143	54	96
130	140	55	96
137	137	56	102
143	133	59	105
152	131	57	97
158	128	56	94
161	131	57	90
164	124	57	94
170	125	56	93
172	124	56	93
173	121	55	93
174	119	54	94
175	121	54	93
171	117	57	96
169	120	55	95
165	117	55	98
159	117	56	101
157	117	54	101
151	117	54	101
146	119	54	99
132	122	58	98
122	124	58	103
116	126	54	107
106	129	56	104
97	132	59	101
93	135	54	102
84	140	57	96
81	142	51	96
73	142	51	96
64	147	53	95
60	148	54	96
58	148	54	97
56	150	54	98
50	153	51	98
47	153	53	101
46	155	51	100
45	154	51	100
42	157	52	101
45	157	49	103
45	159	51	104
47	161	51	103
48	164	48	98
51	166	48	98
55	167	46	95
58	166	46	96
62	167	47	91
68	167	47	89
74	166	48	85
80	164	48	82
83	160	50	85
92	154	49	88
94	148	54	87
106	138	53	90
116	130	51	89
123	124	51	89
129	114	51	93
131	104	56	91
139	100	58	86
147	91	52	88
153	84	51	90
156	77	53	91
160	71	53	89
162	65	52	90
161	62	53	87
162	59	51	83
160	57	54	83
160	52	54	87
157	51	54	85
154	50	54	89
151	49	52	90
150	51	51	91
144	53	51	94
139	55	49	98
131	61	52	98
126	64	51	98
118	70	54	100
115	77	54	99
111	85	51	103
107	90	51	108
107	100	47	109
103	111	48	107
102	118	48	108
101	126	47	108
99	135	46	105
100	144	47	103
102	148	46	108
103	155	48	109
106	162	48	113
109	173	48	106
113	179	46	105
117	185	46	103
121	186	49	101
126	191	48	101
133	190	49	100
137	198	48	93
140	197	50	93
147	196	49	93
155	195	46	94
161	193	47	94
163	192	50	94
170	192	48	93
173	189	49	91
180	188	46	90
184	185	46	90
187	183	45	89
191	182	44	86
193	181	42	85
196	181	41	84
198	178	40	84
198	174	42	86
201	173	41	84
203	173	40	85
202	172	41	85
204	172	40	85
204	169	42	87
206	172	41	86
205	170	41	88
205	169	41	88
205	170	41	88
204	167	42	91
204	168	42	90
204	167	42	91
204	166	43	91
204	160	44	95
206	159	44	95
207	156	45	95
208	154	47	95
209	151	48	97
213	147	50	98
214	145	51	100
215	145	50	101
217	142	49	101
218	141	50	103
220	141	50	103
219	137	51	107
217	134	51	110
214	133	52	110
212	132	52	110
207	131	54	111
204	132	54	110
201	133	53	109
194	131	53	109
188	133	53	108
184	131	54	110
181	132	53	107
178	132	53	107
174	132	53	107
169	134	52	106
165	133	52	106
161	134	53	106
157	134	54	108
153	134	55	108
150	135	59	107
146	138	57	107
146	139	56	108
145	139	56	109
143	144	55	107
144	147	53	105
143	151	53	104
141	155	53	101
142	159	52	99
143	160	52	100
144	161	51	99
145	162	51	99
148	163	51	99
151	166	49	97
155	171	47	93
156	171	46	94
160	175	45	92
162	172	46	94
166	174	45	92
168	175	46	92
170	175	46	91
174	174	46	91
179	175	45	89
184	175	43	90
189	175	42	89
190	172	44	89
193	171	44	89
197	171	42	88
200	169	42	90
203	169	41	89
203	168	41	88
203	167	40	90
203	166	41	89
201	163	43	90
198	163	41	91
195	160	44	92
192	158	44	92
187	156	46	93
185	156	45	92
180	154	47	95
177	152	46	96
171	152	46	95
167	149	47	97
163	152	47	95
159	152	47	94
153	154	46	94
149	154	47	93
143	154	46	93
138	154	45	90
133	154	46	94
128	154	46	93
124	154	46	93
120	154	45	93
115	154	47	94
111	155	46	93
108	157	45	91
103	159	47	92
99	162	46	90
94	164	46	90
92	167	45	89
89	168	44	87
86	171	44	88
83	172	44	90
82	177	44	89
79	180	44	89
80	183	43	88
79	185	45	88
81	189	43	87
82	190	43	87
83	191	43	88
89	189	43	88
94	189	44	89
97	188	47	89
102	185	50	92
111	184	47	93
116	181	47	94
121	183	48	92
132	182	47	91
140	182	46	91
149	179	46	92
156	176	47	93
164	171	48	95
171	166	48	98
179	167	47	94
187	165	47	93
192	162	47	93
198	159	46	94
204	158	43	93
211	156	45	91
218	154	46	92
227	152	44	94
234	149	48	97
241	147	46	96
247	145	46	99
251	143	47	99
256	140	49	98
263	144	51	94
270	141	49	95
275	142	46	93
277	139	45	92
281	137	45	94
282	135	43	94
282	134	43	93
280	134	44	92
276	130	45	96
272	130	46	96
270	127	46	98
264	126	49	95
256	123	49	100
251	121	50	102
247	119	48	101
239	116	48	103
233	116	48	104
225	113	50	104
217	114	49	102
208	113	50	103
202	113	49	103
190	113	51	105
180	112	51	106
171	112	51	106
164	114	51	106
152	114	55	108
142	116	56	109
130	120	60	112
123	123	58	113
119	124	57	112
115	129	55	107
110	131	56	106
108	134	57	106
106	136	54	107
104	140	53	105
106	142	50	104
105	146	48	102
104	148	48	100
104	151	45	99
106	148	47	100
105	150	46	100
107	147	46	102
108	149	45	99
108	148	44	99
108	146	45	100
108	144	44	100
108	142	45	101
108	140	44	100
106	138	45	99
103	135	46	102
103	131	45	101
101	128	47	102
99	125	47	102
98	119	46	102
97	116	46	101
94	112	46	102
92	107	47	105
88	101	49	106
87	96	51	108
85	93	52	109
84	85	54	114
85	79	55	113
86	72	55	118
87	68	59	119
90	62	61	121
93	57	63	123
97	52	66	129
106	48	64	130
114	43	63	133
121	38	64	138
130	35	63	135
139	34	65	135
150	28	65	134
163	25	66	138
172	20	69	139
182	16	72	141
193	13	74	142
205	11	76	140
215	7	77	144
228	6	75	145
237	6	75	146
245	6	74	144
253	10	74	137
258	8	74	142
261	10	70	144
261	12	71	146
259	16	71	144
251	16	74	148
246	19	72	154
238	20	73	163
227	22	73	158
216	26	74	157
205	28	73	155
193	32	73	159
179	36	75	159
163	40	79	162
147	44	81	165
136	51	78	160
128	55	75	162
120	63	74	157
113	72	71	154
108	81	69	150
105	89	67	145
104	100	66	140
104	107	63	139
106	115	61	138
108	118	62	140
112	125	61	137
118	132	61	135
121	134	62	135
129	138	61	133
135	144	60	130
139	147	63	126
144	150	64	123
155	149	64	125
162	150	65	122
170	146	65	123
178	143	64	124
185	137	64	124
190	132	68	125
202	127	65	127
206	122	66	130
210	112	67	136
215	107	64	137
216	97	65	140
219	91	65	142
219	84	65	142
216	79	68	145
211	75	69	147
202	71	73	152
194	69	75	153
187	69	75	157
184	68	72	160
180	66	72	163
174	66	73	168
169	71	73	166
164	78	75	161
163	85	72	155
162	88	72	158
161	96	72	154
161	97	73	159
162	100	74	163
166	104	76	164
169	111	75	162
178	115	71	161
185	121	70	159
192	127	68	157
201	126	67	158
206	130	69	155
214	132	69	153
221	135	68	153
223	139	68	149
225	136	72	153
227	131	77	157
230	132	79	153
238	131	77	150
241	125	81	153
249	122	75	154
253	115	75	158
254	108	76	161
257	105	74	161
255	100	78	166
255	98	79	167
253	91	82	171
250	85	83	174
249	81	83	175
245	75	85	181
242	73	85	184
234	65	89	187
227	62	89	190
219	57	92	195
208	55	94	194
194	50	101	196
189	43	100	201
181	37	104	203
174	33	104	203
164	29	105	202
156	25	103	206
150	19	100	211
146	16	98	213
139	9	97	215
130	5	100	214
127	3	99	211
122	0	97	212
120	-2	94	212
114	-2	95	209
112	-2	91	206
113	-1	87	204
111	0	87	204
108	4	87	200
105	3	90	206
101	8	89	203
102	17	89	197
104	28	86	189
108	34	86	189
113	43	84	184
115	51	84	184
122	59	82	180
127	71	82	173
133	79	82	172
139	87	82	165
145	94	84	164
153	96	83	166
161	102	83	164
170	107	83	162
182	110	78	161
192	116	77	157
204	120	76	156
213	123	75	155
220	128	77	153
228	130	78	151
234	127	83	151
243	132	83	143
253	128	83	145
262	129	82	141
269	119	85	149
278	114	84	152
280	105	84	157
287	102	81	156
290	97	80	161
290	90	81	166
289	84	81	168
285	77	85	172
284	74	85	171
280	64	86	174
274	63	90	172
269	54	90	177
259	46	93	180
253	41	90	184
245	29	95	191
238	22	96	196
231	15	97	196
220	10	99	203
211	2	101	209
200	0	100	215
189	-3	103	220
178	0	105	220
164	-3	111	230
150	-2	112	236
141	-1	110	241
130	-3	114	243
114	-3	118	247
106	-6	123	253
93	-3	126	254
87	-4	127	254
80	-5	126	261
74	-6	127	266
69	-4	127	271
62	1	129	270
59	0	130	278
56	-1	129	280
56	0	129	280
55	-3	132	286
55	-2	132	288
56	-1	132	287
56	-3	135	288
55	-4	136	289
55	-9	139	289
53	-9	146	288
55	-11	148	283
61	-4	149	275
64	-9	150	269
70	-2	143	253
76	-8	141	253
82	-1	137	236
85	-1	144	228
94	3	142	213
107	0	132	207
112	-1	129	199
122	1	120	188
129	0	120	179
140	2	113	168
150	0	108	158
158	1	107	148
170	1	98	138
177	3	94	133
184	0	87	131
193	4	85	124
196	-2	85	127
199	-3	89	127
202	-5	93	129
207	-4	94	127
215	-2	93	128
224	-1	91	127
228	0	95	131
235	0	92	134
243	0	90	139
250	-1	88	146
256	-1	87	154
262	-1	86	157
268	1	83	159
274	7	81	159
279	13	75	156
282	20	75	154
284	25	72	153
285	31	71	152
286	37	71	149
285	40	73	149
282	45	72	147
276	50	74	145
271	57	70	140
265	59	71	141
260	58	70	144
254	60	70	145
250	61	71	145
242	62	69	145
236	62	72	144
228	62	74	146
221	61	73	147
212	63	75	150
205	65	74	148
195	65	77	148
187	65	74	148
180	65	76	149
172	65	72	150
163	66	72	147
155	67	72	144
148	67	70	145
140	69	68	143
133	72	70	139
126	75	68	137
121	80	66	135
117	81	64	135
113	83	66	135
108	87	63	131
105	85	65	135
104	87	66	135
104	89	65	135
107	93	62	134
109	98	61	133
113	97	65	137
118	101	64	137
123	102	63	138
130	102	65	139
138	105	66	135
147	107	66	137
158	110	64	135
168	114	64	131
175	113	64	132
181	116	66	129
189	117	68	126
195	113	70	131
202	115	70	126
215	112	64	127
225	112	64	126
233	110	63	128
238	112	61	122
243	112	59	127
249	115	59	122
254	121	56	116
256	120	55	118
261	126	54	110
262	124	54	112
262	127	56	109
264	128	56	108
265	129	55	110
264	134	53	109
264	139	51	108
264	142	49	107
261	144	51	108
259	149	51	105
256	149	52	109
255	156	52	104
249	159	52	105
245	164	51	102
240	166	53	100
234	170	51	99
222	175	56	94
215	173	59	98
213	174	55	99
211	174	53	100
208	173	51	102
204	172	48	101
204	168	50	101
202	164	50	104
199	159	50	108
197	158	50	108
197	155	49	110
196	153	49	111
197	150	49	114
196	150	50	115
197	148	51	116
197	148	51	115
197	145	52	116
195	143	54	118
194	141	54	120
193	137	55	122
191	134	55	122
188	131	55	121
186	126	56	122
183	125	56	120
182	121	56	121
179	117	57	122
