0.018533
0.121908
0.123129
0.087886
0.104161
0.101634
0.104872
0.054208
0.112165
0.122963
0.122507
0.122047
0.069972
0.113130
0.098437
0.108943
0.041584
0.101034
0.120563
0.120328
0.120293
0.087039
0.103796
0.101978
0.108327
0.051726
0.082842
0.121187
0.120365
0.120873
0.101255
0.082681
0.102003
0.100739
0.077183
0.055062
0.121466
0.121562
0.120603
0.121412
0.051989
0.107896
0.104521
0.102977
0.037601
0.110661
0.121714
0.119998
0.121495
0.075022
0.101985
0.103318
0.107737
0.051120
0.094842
0.121554
0.121030
0.121019
0.094315
0.102969
0.104038
0.107334
0.050618
0.081310
0.121184
0.122534
0.121732
0.101054
0.101591
0.106121
0.106694
0.053341
0.112593
0.120755
0.122525
0.121445
0.073366
0.114031
0.099092
0.109537
0.044690
0.112933
0.121053
0.121101
0.121575
0.075346
0.107108
0.103345
0.105872
0.049008
0.110000
0.121448
0.121565
0.120042
0.070522
0.115082
0.101240
0.107640
0.042239
0.109998
0.121116
0.120791
0.121992
0.072729
0.115714
0.101565
0.106771
0.041282
0.110690
0.122636
0.121535
0.123105
0.069025
0.113003
0.101068
0.116350
0.042207
0.110593
0.121287
0.121073
0.121100
0.073747
0.106339
0.102945
0.106314
0.049463
0.100899
0.121185
0.121392
0.120216
0.086741
0.108398
0.105150
0.106467
0.046446
0.081046
0.120915
0.121127
0.122517
0.102978
0.095878
0.103274
0.101856
0.063640
0.060288
0.121221
0.120480
0.121300
0.121181
0.068535
0.108541
0.101963
0.090641
0.042236
0.121433
0.121916
0.122282
0.120960
0.054591
0.116098
0.097354
0.091997
0.030450
0.105314
0.105594
0.107204
0.106951
0.040667
0.090866
0.092978
0.093418
0.038608
0.093015
0.108860
0.108425
0.108759
0.070449
0.079684
0.093549
0.096013
0.053765
0.094155
0.112919
0.121391
0.121038
0.078501
0.103820
0.111128
0.105822
0.045471
0.113463
0.121329
0.120538
0.120623
0.072636
0.108778
0.099244
0.107690
0.049509
0.105080
0.121171
0.123005
0.121174
0.079484
0.105435
0.087181
0.101111
0.072205
0.049742
0.121239
0.119933
0.120585
0.120905
0.061717
0.108439
0.102229
0.100292
0.037701
0.118292
0.121459
0.119922
0.120855
0.070579
0.108634
0.107181
0.108833
0.050132
0.121596
0.120977
0.121694
0.120938
0.056094
0.111616
0.108896
0.108200
0.048039
0.122427
0.121415
0.121416
0.121387
0.058879
0.114173
0.101986
0.108088
0.038719
0.109641
0.122260
0.120947
0.120970
0.072533
0.108737
0.101964
0.107733
0.047458
0.086145
0.121871
0.122708
0.121132
0.098680
0.100741
0.105462
0.104922
0.056124
0.082889
0.121942
0.120797
0.120391
0.103512
0.086896
0.104315
0.102390
0.073865
0.093255
0.121964
0.123361
0.119901
0.089654
0.102124
0.104947
0.109086
0.050137
0.109534
0.120637
0.120759
0.121819
0.074359
0.108279
0.098978
0.107670
0.051011
0.111555
0.123057
0.123085
0.121150
0.070395
0.112794
0.104253
0.107012
0.045275
0.109864
0.121222
0.120722
0.121356
0.077528
0.107358
0.101336
0.106234
0.049782
0.102418
0.123241
0.121287
0.121169
0.081207
0.103994
0.103294
0.105846
0.051353
0.079163
0.121019
0.120799
0.120368
0.107755
0.096736
0.098133
0.105371
0.069813
0.086632
0.121096
0.120377
0.120199
0.099492
0.099663
0.106120
0.105083
0.054040
0.086550
0.123214
0.120378
0.120537
0.098429
0.099093
0.105781
0.109232
0.054772
0.087196
0.121429
0.122327
0.121217
0.099054
0.103200
0.104453
0.108877
0.053931
0.110948
0.121435
0.120651
0.120383
0.074726
0.109656
0.101815
0.107668
0.045595
0.089380
0.121131
0.120267
0.121334
0.100514
0.102322
0.106253
0.106407
0.052812
0.076022
0.121394
0.120444
0.121113
0.108535
0.078758
0.101892
0.095991
0.085984
0.043022
0.121446
0.119798
0.121305
0.120565
0.066618
0.108594
0.103455
0.094218
0.038739
0.115384
0.121194
0.121301
0.122494
0.066987
0.112428
0.101284
0.107375
0.044162
0.107143
0.119334
0.121551
0.121800
0.078150
0.109507
0.098537
0.106864
0.051218
0.111719
0.123426
0.121154
0.121421
0.073676
0.114368
0.101507
0.107624
0.042484
0.108925
0.121273
0.120435
0.123165
0.075794
0.115303
0.102084
0.107914
0.043084
0.110755
0.121334
0.121139
0.121434
0.074765
0.102745
0.103161
0.105685
0.054787
0.115401
0.122073
0.120838
0.123649
0.066972
0.110938
0.104500
0.107557
0.044852
0.113450
0.121144
0.123141
0.122669
0.069487
0.106096
0.103838
0.111545
0.042798
0.095101
0.122195
0.122458
0.121193
0.086438
0.101308
0.104129
0.104069
0.056264
0.079023
0.121912
0.120448
0.122685
0.102058
0.098107
0.101361
0.099957
0.073828
0.065107
0.120535
0.121975
0.121027
0.118134
0.077541
0.100416
0.104568
0.084234
0.043132
0.119953
0.121178
0.121151
0.121600
0.058460
0.109717
0.100485
0.106705
0.042698
0.093390
0.121154
0.120363
0.120924
0.094344
0.098015
0.107122
0.110925
0.051177
0.078351
0.123085
0.121091
0.122741
0.104372
0.090525
0.103003
0.105287
0.067270
0.111328
0.120695
0.121732
0.121325
0.075232
0.108178
0.100106
0.109592
0.048591
0.112555
0.123161
0.121175
0.123347
0.071702
0.112514
0.101528
0.111786
0.042077
0.089466
0.120883
0.120807
0.121268
0.096884
0.098939
0.109020
0.108770
0.052834
0.100302
0.120848
0.123991
0.120534
0.083589
0.108183
0.105845
0.104738
0.048864
0.093378
0.120296
0.119388
0.120234
0.096583
0.097051
0.108921
0.108861
0.054111
0.075473
0.120581
0.122462
0.122654
0.105570
0.096343
0.106207
0.105508
0.059361
0.109157
0.121416
0.123209
0.122776
0.073092
0.113422
0.101377
0.111551
0.042500
0.093473
0.121129
0.121502
0.121324
0.090283
0.099991
0.104208
0.109212
0.054114
0.111439
0.121156
0.122309
0.121202
0.072143
0.114763
0.101682
0.107008
0.039518
0.110891
0.120450
0.122859
0.122764
0.073447
0.108647
0.099014
0.108482
0.049039
0.114051
0.120997
0.122658
0.120850
0.070790
0.109476
0.098498
0.107532
0.049648
0.111110
0.120835
0.123165
0.121341
0.073399
0.111751
0.100806
0.110361
0.044767
0.111814
0.121308
0.122662
0.120993
0.074294
0.107230
0.099491
0.108248
0.047016
0.089369
0.120776
0.120131
0.120916
0.095736
0.102228
0.105616
0.107636
0.049641
0.095741
0.122655
0.120120
0.120332
0.090818
0.103755
0.107954
0.104840
0.049327
0.112600
0.120288
0.122822
0.121134
0.069294
0.111804
0.100155
0.108812
0.040391
0.095067
0.120685
0.122151
0.121889
0.088627
0.105602
0.102441
0.107140
0.048857
0.068509
0.120066
0.121665
0.120087
0.116748
0.081969
0.106718
0.098025
0.081826
0.057332
0.120667
0.121396
0.121139
0.120763
0.062345
0.109065
0.105697
0.092169
0.043005
0.122100
0.120269
0.120755
0.121291
0.056286
0.111406
0.100193
0.107159
0.040804
0.093934
0.121017
0.121305
0.120882
0.092471
0.106720
0.100385
0.108180
0.049153
0.064936
0.120752
0.121110
0.120103
0.117219
0.081551
0.099416
0.100832
0.082803
0.047695
0.120471
0.120162
0.120409
0.120864
0.052399
0.112654
0.102907
0.107142
0.038934
0.112506
0.120800
0.121420
0.122674
0.071089
0.103502
0.104518
0.107432
0.048250
0.110156
0.121163
0.121113
0.120924
0.073280
0.109475
0.098752
0.108250
0.047621
0.109129
0.121202
0.121117
0.121422
0.076792
0.109253
0.099685
0.108398
0.049347
0.109240
0.121099
0.121016
0.121525
0.077224
0.113274
0.101348
0.108827
0.041780
0.111421
0.120894
0.121398
0.122010
0.073416
0.108447
0.099720
0.107909
0.048925
0.109264
0.121320
0.121574
0.121461
0.076965
0.109402
0.098099
0.107702
0.049527
0.077721
0.121357
0.120198
0.120034
0.107368
0.095304
0.107999
0.101226
0.064230
0.113966
0.121068
0.122653
0.121955
0.068277
0.112022
0.104511
0.107880
0.043242
0.091508
0.121825
0.120331
0.120504
0.095420
0.107259
0.106807
0.107516
0.046050
0.092911
0.123106
0.121192
0.121313
0.088853
0.099858
0.106174
0.104874
0.053132
0.081277
0.120899
0.121896
0.120159
0.103288
0.091018
0.104011
0.099949
0.067817
0.045858
0.121236
0.121054
0.120430
0.121221
0.057549
0.107027
0.102426
0.107286
0.039686
0.113354
0.123691
0.120935
0.122739
0.077765
0.108763
0.101869
0.106471
0.039480
0.110177
0.121595
0.121087
0.120194
0.077098
0.109505
0.101763
0.106509
0.044770
0.080271
0.121470
0.120200
0.121004
0.106242
0.089566
0.100847
0.100072
0.077660
0.067597
0.122246
0.120363
0.120929
0.116275
0.077802
0.100245
0.101206
0.085769
0.038848
0.120006
0.120413
0.121001
0.120088
0.060445
0.110931
0.101283
0.107308
0.044179
0.110038
0.121484
0.121076
0.121703
0.077504
0.108598
0.099653
0.107699
0.048353
0.079950
0.121236
0.120629
0.121349
0.106180
0.092925
0.100662
0.106463
0.066689
0.071544
0.122178
0.120985
0.121674
0.112591
0.096715
0.104754
0.101500
0.066054
0.120415
0.121493
0.122896
0.122573
0.064453
0.111301
0.101125
0.107644
0.043779
0.111794
0.123495
0.122442
0.123098
0.068022
0.113405
0.101383
0.111469
0.040945
0.113683
0.121134
0.123554
0.122330
0.066721
0.113843
0.101507
0.107920
0.043169
0.122830
0.123159
0.123380
0.121383
0.068660
0.107096
0.104982
0.095977
0.040414
0.110740
0.123331
0.122902
0.121445
0.070275
0.114446
0.101992
0.108086
0.042914
0.110660
0.121450
0.123139
0.122886
0.070930
0.115118
0.101401
0.106520
0.042396
0.112619
0.121091
0.122874
0.123333
0.070312
0.104446
0.101373
0.108238
0.051359
0.095431
0.121148
0.118288
0.120858
0.092899
0.104332
0.104408
0.105070
0.051775
0.108498
0.121269
0.122678
0.122220
0.073267
0.114738
0.100434
0.107479
0.043904
0.111324
0.120691
0.121469
0.121074
0.074407
0.111877
0.102586
0.110146
0.041520
0.087549
0.122972
0.120646
0.120934
0.096568
0.102225
0.105103
0.105896
0.056082
0.083816
0.121289
0.121196
0.120415
0.103046
0.093087
0.102063
0.099910
0.073641
0.079386
0.121476
0.120481
0.121650
0.106618
0.088978
0.102514
0.101233
0.072425
0.075560
0.122470
0.119932
0.118639
0.110375
0.086827
0.105886
0.104605
0.071125
0.111888
0.123006
0.124927
0.122830
0.066162
0.111638
0.102019
0.109456
0.044881
0.104102
0.120901
0.123825
0.120915
0.075911
0.105721
0.106074
0.104278
0.048694
0.101392
0.121337
0.122388
0.123008
0.080359
0.114134
0.099386
0.112286
0.043046
0.104009
0.122068
0.120799
0.121475
0.080250
0.109670
0.100691
0.107660
0.045675
0.086949
0.121764
0.120028
0.120865
0.098383
0.098572
0.109341
0.105244
0.057360
0.088720
0.121103
0.122372
0.122865
0.096987
0.100415
0.107309
0.106363
0.054049
0.073801
0.121212
0.120940
0.120713
0.110337
0.082795
0.102919
0.100859
0.078466
0.055587
0.121404
0.120377
0.121746
0.121485
0.061460
0.107471
0.101160
0.098461
0.037429
0.113152
0.122372
0.121354
0.121947
0.069830
0.106318
0.101727
0.105021
0.049331
0.084455
0.122361
0.121173
0.121861
0.099903
0.091181
0.101542
0.103110
0.070458
0.112231
0.120954
0.122836
0.122791
0.071015
0.112879
0.101487
0.112338
0.042280
0.098183
0.121245
0.120366
0.119526
0.086523
0.106382
0.104840
0.105728
0.050481
0.111780
0.120939
0.120949
0.120591
0.074458
0.112263
0.104034
0.108808
0.044369
0.110494
0.120648
0.120868
0.120825
0.076818
0.108685
0.102520
0.105431
0.048649
0.087822
0.121161
0.120339
0.120429
0.099200
0.095842
0.109257
0.106188
0.052954
0.073728
0.121144
0.120917
0.120558
0.115789
0.085257
0.101834
0.103750
0.075561
0.044279
0.121544
0.120621
0.120173
0.120800
0.053805
0.109481
0.097385
0.107345
0.044313
0.104837
0.120895
0.121726
0.121343
0.082390
0.100995
0.103667
0.105871
0.052461
0.110732
0.122940
0.121299
0.121400
0.075237
0.110270
0.098883
0.108161
0.049552
0.111921
0.122860
0.121004
0.120931
0.072774
0.109206
0.100044
0.108576
0.048153
0.111760
0.122853
0.121284
0.121102
0.072742
0.108970
0.099884
0.109200
0.048687
0.111309
0.120838
0.120931
0.121186
0.074222
0.113858
0.104823
0.107476
0.043823
0.098295
0.121280
0.121234
0.121731
0.087634
0.106004
0.108024
0.108247
0.046714
0.087550
0.121094
0.121581
0.120942
0.098155
0.099811
0.106469
0.108252
0.050358
0.076635
0.124209
0.120615
0.120152
0.104541
0.074805
0.098040
0.108212
0.081289
0.065979
0.122875
0.123100
0.122084
0.119308
0.101255
0.103212
0.103707
0.064462
0.114516
0.122774
0.120493
0.121131
0.068646
0.108968
0.100987
0.107220
0.048116
0.109460
0.122620
0.123001
0.122956
0.070484
0.111618
0.101891
0.115126
0.039414
0.105160
0.120750
0.120662
0.120883
0.084443
0.100885
0.105461
0.105526
0.051621
0.069672
0.121494
0.121949
0.120815
0.113838
0.082790
0.102153
0.101254
0.081415
0.044489
0.121752
0.122616
0.122523
0.120617
0.061482
0.108305
0.100204
0.103721
0.041792
0.112735
0.121990
0.121560
0.121667
0.069522
0.112149
0.100266
0.107243
0.042009
0.105203
0.120896
0.121469
0.121621
0.082157
0.104418
0.105653
0.104204
0.049327
0.094023
0.121081
0.121149
0.120780
0.095438
0.105826
0.102892
0.105395
0.053043
0.109337
0.120925
0.121109
0.121396
0.077087
0.106950
0.106873
0.103657
0.049762
0.110087
0.123263
0.122995
0.121065
0.070014
0.117908
0.096665
0.109330
0.043526
0.106375
0.120936
0.121289
0.120993
0.079695
0.100862
0.103137
0.108669
0.048861
0.111124
0.121199
0.121054
0.121631
0.074198
0.107250
0.102258
0.110056
0.048806
0.115617
0.122515
0.119816
0.120396
0.068110
0.111621
0.100828
0.102813
0.047498
0.109710
0.121701
0.123117
0.122847
0.070492
0.112734
0.099966
0.111805
0.040317
0.091857
0.121084
0.120947
0.122623
0.089725
0.098829
0.107885
0.108985
0.052917
0.073673
0.121976
0.120852
0.120523
0.113804
0.084838
0.102297
0.103535
0.075479
0.060345
0.121645
0.120278
0.120692
0.121256
0.064951
0.106037
0.107363
0.091125
0.050297
0.122423
0.120972
0.120577
0.123343
0.047311
0.111622
0.105648
0.105269
0.038987
0.114295
0.121999
0.121106
0.121346
0.066335
0.111196
0.103274
0.106277
0.043054
0.103964
0.121354
0.120980
0.121171
0.083890
0.108486
0.102949
0.105505
0.046643
0.093082
0.121348
0.120348
0.121608
0.094767
0.099848
0.106414
0.113008
0.047970
0.080389
0.121727
0.120903
0.121622
0.104763
0.086776
0.103886
0.102774
0.073500
0.075368
0.120545
0.120038
0.120873
0.109961
0.089127
0.103644
0.100882
0.072591
0.051467
0.120723
0.121822
0.120604
0.121380
0.059931
0.111017
0.105546
0.095703
0.043453
0.120537
0.121193
0.120286
0.122244
0.058828
0.110555
0.103282
0.107098
0.040051
0.113368
0.121353
0.123084
0.121556
0.072051
0.111779
0.100768
0.110729
0.044925
0.115459
0.120826
0.122288
0.119596
0.071228
0.113078
0.099030
0.106451
0.044827
0.110259
0.120764
0.122487
0.121165
0.075209
0.107203
0.104016
0.103211
0.052720
0.108413
0.120397
0.120662
0.122991
0.074939
0.108896
0.099210
0.108694
0.046235
0.088802
0.121497
0.120249
0.121864
0.100266
0.106112
0.108288
0.105243
0.048124
0.108931
0.121056
0.121298
0.120841
0.077240
0.108671
0.099975
0.108078
0.049572
0.112243
0.120961
0.123908
0.110487
0.099011
0.106664
0.101342
0.065156
0.083868
0.121161
0.121380
0.121731
0.101705
0.096538
0.101930
0.104402
0.068966
0.075803
0.121721
0.122010
0.121434
0.106001
0.090893
0.100566
0.101530
0.073683
0.085362
0.121574
0.121323
0.121407
0.101235
0.101772
0.107126
0.107059
0.051236
0.110828
0.121834
0.122370
0.122921
0.069945
0.113938
0.099303
0.112705
0.042004
0.099183
0.121072
0.123243
0.120910
0.084616
0.106871
0.101633
0.105742
0.049461
0.083074
0.120991
0.120964
0.121204
0.103519
0.097105
0.104329
0.103055
0.064164
0.088267
0.120996
0.121077
0.121436
0.100684
0.099271
0.107648
0.106236
0.056062
0.095186
0.120808
0.120786
0.121030
0.093144
0.101468
0.105701
0.105861
0.054351
0.111125
0.121488
0.121631
0.121263
0.075104
0.109135
0.101578
0.107737
0.047622
0.107922
0.121247
0.120813
0.122902
0.074298
0.117139
0.103784
0.106921
0.038896
0.099707
0.121048
0.120542
0.120971
0.085936
0.107295
0.100734
0.108063
0.051164
0.108217
0.122788
0.121224
0.121196
0.076537
0.106221
0.106025
0.111125
0.041969
0.100939
0.121103
0.120534
0.120473
0.083489
0.106002
0.099533
0.108654
0.054021
0.110287
0.121481
0.120473
0.120975
0.081018
0.097669
0.107601
0.108983
0.056362
0.111809
0.120976
0.121801
0.121269
0.073788
0.116865
0.095068
0.110552
0.046362
0.110977
0.123125
0.120930
0.121352
0.074019
0.111489
0.101977
0.110157
0.045173
0.111014
0.122426
0.121954
0.121872
0.072515
0.112265
0.102264
0.110526
0.045180
0.109513
0.120904
0.121945
0.121625
0.077825
0.109329
0.098613
0.109493
0.048746
0.117239
0.120312
0.120219
0.122736
0.066321
0.111057
0.102129
0.112525
0.046267
0.110927
0.120594
0.122041
0.120827
0.072397
0.107666
0.101771
0.108862
0.045631
0.089164
0.121158
0.121382
0.120964
0.096373
0.097666
0.109674
0.106095
0.052088
0.077686
0.121629
0.120679
0.120464
0.111492
0.094888
0.097899
0.101228
0.072371
0.071761
0.122460
0.119600
0.121054
0.111781
0.076311
0.099377
0.103443
0.084518
0.052622
0.121000
0.121587
0.119800
0.121614
0.063755
0.107105
0.099016
0.101401
0.038083
0.118856
0.121216
0.121280
0.121260
0.065606
0.112539
0.108864
0.106940
0.040275
0.113294
0.120488
0.120804
0.119931
0.075642
0.107163
0.100818
0.104797
0.048641
0.110415
0.120701
0.120420
0.121062
0.079031
0.108609
0.099993
0.107770
0.049647
0.108870
0.121357
0.120436
0.120931
0.076520
0.109098
0.103557
0.109851
0.047488
0.104810
0.121490
0.120467
0.121750
0.078714
0.107188
0.107049
0.107864
0.045822
0.099720
0.121016
0.120807
0.120689
0.085489
0.102484
0.105276
0.105767
0.050609
0.091610
0.120592
0.122406
0.121264
0.095297
0.106316
0.103773
0.109730
0.047659
0.097893
0.120291
0.120336
0.121156
0.092400
0.105335
0.100461
0.108311
0.050722
0.075639
0.121584
0.120798
0.121413
0.109537
0.083287
0.102276
0.101676
0.080142
0.047125
0.121057
0.120076
0.121288
0.121638
0.051118
0.111654
0.102322
0.109425
0.039371
0.119069
0.121562
0.120894
0.121575
0.066623
0.113941
0.105661
0.109259
0.038693
0.108661
0.120636
0.121278
0.121571
0.078528
0.111754
0.104528
0.105570
0.045332
0.110140
0.122663
0.122086
0.121977
0.072246
0.116811
0.097276
0.108285
0.042518
0.100904
0.121206
0.120973
0.121336
0.086247
0.108148
0.102450
0.107712
0.046632
0.078088
0.121647
0.119533
0.121481
0.106414
0.081993
0.097689
0.102946
0.083896
0.062358
0.121657
0.121802
0.120545
0.122954
0.076634
0.100140
0.102689
0.088917
0.040924
0.120786
0.121128
0.121003
0.121457
0.057969
0.109004
0.098505
0.109798
0.042096
0.097907
0.121164
0.123668
0.122564
0.083404
0.106466
0.103349
0.109341
0.045427
0.102741
0.122727
0.122872
0.123507
0.078762
0.113730
0.104025
0.109799
0.040123
0.109559
0.122022
0.122359
0.121114
0.075724
0.112266
0.101943
0.109751
0.045060
0.113094
0.123385
0.123256
0.123459
0.067953
0.114297
0.104042
0.106886
0.038879
0.112032
0.123114
0.122444
0.121181
0.064497
0.112506
0.099694
0.104975
0.043501
0.115153
0.123077
0.120042
0.120903
0.068805
0.117832
0.101674
0.111025
0.039393
0.115008
0.120903
0.121458
0.121418
0.069657
0.113846
0.107318
0.107614
0.040477
0.110269
0.120972
0.120877
0.121057
0.077831
0.115628
0.098615
0.110828
0.045888
0.112062
0.122293
0.121387
0.120889
0.073214
0.108417
0.101831
0.107603
0.047486
0.110993
0.121440
0.122790
0.121823
0.072786
0.102223
0.103015
0.109285
0.050361
0.109060
0.121340
0.121053
0.120625
0.075055
0.115099
0.101771
0.113613
0.038414
0.107228
0.121537
0.120671
0.120357
0.075293
0.109458
0.099550
0.108768
0.045564
0.085710
0.121251
0.121226
0.120700
0.099253
0.095957
0.104837
0.101119
0.064203
0.054282
0.120924
0.121702
0.120816
0.120991
0.069299
0.106668
0.105974
0.091422
0.054019
0.121108
0.120644
0.120551
0.121015
0.062563
0.109652
0.098244
0.100867
0.037593
0.109979
0.121823
0.120948
0.123546
0.074888
0.101418
0.103576
0.105969
0.054050
0.111280
0.121058
0.120890
0.120968
0.073661
0.111703
0.101911
0.106809
0.042880
0.107511
0.120785
0.122864
0.105114
0.056963
0.089439
0.092785
0.091447
0.035236
0.095273
0.106021
0.105643
0.108316
0.062652
0.098655
0.089212
0.094113
0.038836
0.100168
0.109258
0.109210
0.108399
0.064690
0.094657
0.089033
0.105460
0.044331
0.110291
0.119935
0.118614
0.118225
0.072632
0.112831
0.097220
0.107700
0.042046
0.097202
0.121358
0.117909
0.122056
0.081854
0.104697
0.104619
0.106107
0.045167
0.091528
0.119524
0.120183
0.119945
0.091020
0.091461
0.100154
0.105349
0.060601
0.100880
0.120286
0.120151
0.118028
0.089138
0.103575
0.107047
0.112204
0.042736
0.109187
0.122773
0.122752
0.118540
0.068068
0.107287
0.099675
0.099113
0.046130
0.110216
0.121604
0.118718
0.119176
0.074934
0.109588
0.101079
0.109928
0.041490
0.108412
0.119923
0.121823
0.120296
0.074028
0.103205
0.101473
0.108676
0.050783
0.072457
0.119980
0.120619
0.120664
0.110228
0.087369
0.105413
0.104434
0.069728
0.058177
0.121557
0.120491
0.119949
0.120218
0.066340
0.104504
0.105546
0.091880
0.064026
0.121218
0.120637
0.117445
0.119319
0.064782
0.099593
0.104079
0.086901
0.046410
0.115346
0.120661
0.119056
0.115155
0.065032
0.107282
0.103513
0.099841
0.037048
0.116196
0.120793
0.119915
0.122710
0.066638
0.112106
0.104989
0.105284
0.041352
0.121139
0.119555
0.120608
0.119456
0.060419
0.108108
0.096150
0.108407
0.039933
0.102424
0.120502
0.118856
0.118506
0.084484
0.105791
0.105021
0.105699
0.048035
0.110113
0.122600
0.120007
0.119521
0.077130
0.113072
0.099504
0.110353
0.034780
0.106609
0.119710
0.121359
0.122730
0.066532
0.109130
0.101043
0.107035
0.046222
0.111104
0.121384
0.123606
0.123161
0.071124
0.113427
0.099700
0.106994
0.043785
0.098203
0.121157
0.121270
0.120385
0.082859
0.110080
0.101296
0.105293
0.048558
0.110321
0.121177
0.121239
0.120419
0.077176
0.112444
0.098473
0.107576
0.043201
0.110901
0.121458
0.122525
0.126192
0.067628
0.117940
0.102093
0.107263
0.044848
0.122871
0.122671
0.119756
0.120458
0.062617
0.105973
0.102728
0.107580
0.039308
0.113267
0.120608
0.122499
0.120816
0.066765
0.113660
0.100888
0.113357
0.035314
0.109788
0.123029
0.119977
0.119911
0.071549
0.107618
0.099639
0.105668
0.047511
0.113472
0.117331
0.120322
0.120486
0.069751
0.094851
0.102735
0.093506
0.064347
0.064585
0.115583
0.120967
0.121659
0.110739
0.066160
0.103393
0.104862
0.080903
0.110940
0.118334
0.120408
0.118734
0.071933
0.107224
0.102195
0.109896
0.043012
0.109830
0.120741
0.118256
0.120816
0.070803
0.102744
0.101909
0.111590
0.044556
0.102951
0.121991
0.119150
0.118805
0.080878
0.101704
0.104991
0.105562
0.045586
0.091929
0.118412
0.120605
0.118279
0.092458
0.092470
0.106741
0.099751
0.064355
0.109757
0.118375
0.121234
0.118229
0.076771
0.106799
0.098536
0.107844
0.044795
0.111764
0.119083
0.120981
0.117804
0.072453
0.106608
0.098532
0.106534
0.041936
0.113075
0.118508
0.120209
0.121024
0.072763
0.108301
0.101163
0.104640
0.044645
0.089801
0.120770
0.120375
0.123089
0.089385
0.106343
0.103258
0.108396
0.045625
0.107694
0.121191
0.120755
0.119964
0.077253
0.110602
0.101589
0.104489
0.040697
0.110274
0.119312
0.119678
0.116359
0.077338
0.104711
0.103962
0.104236
0.050621
0.089150
0.122811
0.122462
0.123211
0.089471
0.104315
0.101533
0.109046
0.050799
0.102905
0.121351
0.119506
0.125492
0.079905
0.113003
0.105602
0.108329
0.038457
0.115489
0.120326
0.120753
0.120828
0.063208
0.106911
0.101391
0.110400
0.044146
0.110531
0.123376
0.120975
0.120427
0.069590
0.105988
0.099727
0.107500
0.046423
0.092063
0.119883
0.119693
0.120399
0.092704
0.098620
0.105054
0.107948
0.049046
0.078857
0.120427
0.118065
0.119761
0.108242
0.094622
0.101904
0.105180
0.067813
0.111614
0.119265
0.120892
0.121445
0.076204
0.110010
0.101035
0.103460
0.040960
0.104782
0.121258
0.119995
0.119989
0.076367
0.106907
0.106125
0.109907
0.045929
0.112222
0.122350
0.120035
0.119346
0.060398
0.083652
0.092548
0.093648
0.039549
0.098852
0.107276
0.106077
0.108037
0.055630
0.096519
0.090053
0.095433
0.039134
0.104728
0.109197
0.108972
0.110910
0.058472
0.094775
0.092649
0.095930
0.047825
0.111358
0.119303
0.119106
0.120391
0.074727
0.105140
0.100715
0.104847
0.045853
0.106245
0.120611
0.119216
0.117756
0.072381
0.106207
0.106320
0.106378
0.044173
0.101234
0.119423
0.117811
0.119373
0.077734
0.096648
0.104303
0.109128
0.045061
0.081513
0.119282
0.119359
0.115341
0.099009
0.096473
0.098471
0.098967
0.065310
0.080310
0.122152
0.118553
0.119134
0.097727
0.089326
0.104040
0.100283
0.062589
0.108819
0.119275
0.117558
0.119499
0.070353
0.101162
0.101047
0.104709
0.049713
0.075031
0.121400
0.118767
0.121055
0.106243
0.062138
0.102504
0.100471
0.088749
0.092957
0.120225
0.115174
0.120524
0.089737
0.097884
0.105304
0.107242
0.047151
0.110852
0.120586
0.121509
0.118270
0.071633
0.108786
0.100911
0.106105
0.043532
0.105215
0.119272
0.120694
0.123779
0.074320
0.105481
0.103360
0.104904
0.048559
0.111104
0.119897
0.120500
0.120829
0.073857
0.104332
0.103959
0.107608
0.047913
0.102511
0.120900
0.120785
0.119205
0.081954
0.108051
0.100095
0.107467
0.044213
0.084484
0.120772
0.121152
0.121192
0.100762
0.107564
0.097734
0.106869
0.045981
0.108896
0.121324
0.118725
0.119982
0.075109
0.110559
0.108960
0.104889
0.047262
0.119106
0.120827
0.121146
0.118906
0.052053
0.105768
0.104822
0.107363
0.040176
0.115539
0.119602
0.121699
0.118874
0.059903
0.102339
0.101834
0.107079
0.043708
0.077417
0.119359
0.119341
0.120229
0.105292
0.101803
0.105610
0.109177
0.048701
0.105702
0.119528
0.120095
0.122941
0.075152
0.112649
0.101809
0.110411
0.035370
0.110389
0.120201
0.118962
0.119879
0.073943
0.105809
0.104111
0.104058
0.050133
0.096459
0.120346
0.118825
0.120124
0.080071
0.086802
0.104181
0.103523
0.065560
0.078547
0.120814
0.117338
0.121072
0.106742
0.075580
0.104704
0.096255
0.077092
0.110017
0.119750
0.120412
0.120837
0.073727
0.105908
0.106579
0.089177
0.040005
0.119180
0.120460
0.117434
0.120446
0.061958
0.106496
0.103646
0.103101
0.032615
0.114275
0.117955
0.119361
0.117812
0.061510
0.102393
0.098602
0.105003
0.045817
0.114909
0.119656
0.119373
0.120705
0.064631
0.105386
0.098648
0.108495
0.050333
0.107450
0.122233
0.119059
0.123434
0.065825
0.104179
0.101521
0.103237
0.051730
0.072113
0.120635
0.120371
0.117587
0.109266
0.084426
0.105562
0.105181
0.070650
0.052419
0.121372
0.117323
0.121462
0.123040
0.057696
0.108616
0.101156
0.094254
0.034560
0.115387
0.119904
0.120591
0.118934
0.058468
0.102236
0.100567
0.105750
0.041500
0.112296
0.119819
0.119873
0.117100
0.065268
0.099224
0.104043
0.109001
0.053094
0.088523
0.121456
0.121222
0.121005
0.093357
0.099550
0.106472
0.107032
0.052850
0.106071
0.119017
0.120961
0.119910
0.077115
0.101667
0.105658
0.104419
0.048346
0.102051
0.121599
0.120699
0.120642
0.079857
0.089216
0.098732
0.102904
0.072337
0.062127
0.121216
0.120640
0.119571
0.117984
0.088968
0.102987
0.110402
0.062773
0.069672
0.121230
0.118152
0.120955
0.113811
0.080975
0.101472
0.099583
0.081751
0.070360
0.120809
0.119853
0.121668
0.110514
0.089023
0.103748
0.099177
0.066936
0.061792
0.119262
0.120495
0.120358
0.121239
0.073481
0.105191
0.103136
0.088137
0.113783
0.117318
0.121198
0.121778
0.073557
0.113820
0.102009
0.109814
0.035556
0.108696
0.121813
0.117733
0.120714
0.071977
0.108363
0.109097
0.088345
0.060622
0.109953
0.117667
0.120438
0.120801
0.074583
0.109394
0.099234
0.107760
0.043612
0.088848
0.122924
0.120694
0.120667
0.094119
0.094056
0.104376
0.103338
0.065203
0.112810
0.122534
0.122356
0.120544
0.067956
0.112799
0.102015
0.105496
0.044503
0.111167
0.119874
0.120455
0.119279
0.075206
0.107527
0.101177
0.107504
0.045427
0.092152
0.115912
0.105860
0.107071
0.076976
0.077488
0.089733
0.092181
0.050959
0.095792
0.108855
0.110252
0.109015
0.063543
0.097742
0.092534
0.095347
0.038878
0.101316
0.111203
0.111153
0.110316
0.058978
0.102293
0.100490
0.104440
0.049133
0.089609
0.119588
0.121825
0.121954
0.091734
0.098673
0.105719
0.107288
0.047865
0.111333
0.119744
0.120468
0.119030
0.074214
0.102937
0.094758
0.103553
0.049559
0.111231
0.118593
0.120067
0.119959
0.070492
0.109282
0.099732
0.102452
0.045970
0.111612
0.118109
0.116391
0.120184
0.076101
0.112359
0.101472
0.104537
0.037904
0.111970
0.119184
0.120081
0.119084
0.073835
0.107219
0.099596
0.106246
0.043878
0.092545
0.119491
0.119925
0.118897
0.094856
0.100182
0.105460
0.109345
0.043538
0.113304
0.121448
0.119925
0.118125
0.068125
0.109188
0.097661
0.109114
0.045039
0.112837
0.121808
0.118568
0.121521
0.069602
0.103082
0.102094
0.102650
0.050237
0.077010
0.121022
0.122537
0.120181
0.096776
0.079009
0.098916
0.099780
0.072824
0.109295
0.117853
0.118598
0.118493
0.070416
0.100990
0.103043
0.105383
0.043113
0.109995
0.118293
0.120791
0.122210
0.068296
0.105048
0.100140
0.105557
0.050034
0.103182
0.120404
0.118044
0.119550
0.080780
0.105266
0.098322
0.106423
0.043756
0.109043
0.119812
0.118493
0.120224
0.067661
0.103052
0.099139
0.105572
0.046488
0.095348
0.118591
0.117254
0.123229
0.080097
0.104816
0.101777
0.104250
0.048329
0.090835
0.121526
0.118500
0.118771
0.096396
0.103758
0.108934
0.113756
0.041724
0.110249
0.119196
0.120082
0.120918
0.068034
0.103144
0.103441
0.104174
0.044368
0.111667
0.120150
0.120613
0.118833
0.072592
0.102924
0.101716
0.105196
0.044516
0.106545
0.120717
0.118184
0.118788
0.074332
0.104001
0.101499
0.112416
0.040642
0.108227
0.121227
0.118884
0.120661
0.070342
0.104301
0.100593
0.103371
0.053107
0.072041
0.122541
0.120292
0.119892
0.101554
0.091315
0.101512
0.099191
0.069625
0.067390
0.120535
0.118234
0.122508
0.111272
0.086099
0.103749
0.103017
0.068048
0.108944
0.120034
0.119405
0.119945
0.070951
0.103063
0.102824
0.104976
0.052776
0.070003
0.120020
0.120929
0.120311
0.106707
0.072875
0.100755
0.103710
0.086968
0.040225
0.120640
0.121746
0.119038
0.120615
0.065014
0.108643
0.101213
0.099534
0.040156
0.119695
0.120987
0.118633
0.118819
0.062148
0.109759
0.102216
0.105074
0.035531
0.113124
0.118742
0.122617
0.118386
0.066514
0.114041
0.099809
0.106774
0.037037
0.112250
0.118464
0.121553
0.117556
0.070978
0.112765
0.098173
0.109287
0.037306
0.112330
0.117893
0.120125
0.117736
0.076047
0.114870
0.098231
0.104726
0.035526
0.110842
0.121779
0.117433
0.120806
0.068804
0.104613
0.100271
0.108233
0.045514
0.114348
0.119176
0.119128
0.120309
0.067836
0.104924
0.102087
0.105665
0.045145
0.091726
0.119796
0.120962
0.121264
0.089773
0.103590
0.101201
0.103186
0.050828
0.115617
0.122401
0.121716
0.121614
0.066003
0.111750
0.109081
0.097246
0.032367
0.114720
0.121269
0.118545
0.120952
0.059758
0.104306
0.097877
0.101280
0.048688
0.090343
0.118771
0.119881
0.119196
0.086908
0.090527
0.099918
0.103783
0.066453
0.061116
0.119094
0.120754
0.118096
0.116546
0.074774
0.104380
0.099593
0.078030
0.096261
0.120987
0.120858
0.118455
0.081098
0.101194
0.101522
0.107438
0.051898
0.069997
0.121346
0.119360
0.120085
0.104523
0.082633
0.103705
0.100880
0.076907
0.069126
0.121540
0.118481
0.125213
0.108895
0.092319
0.099214
0.102337
0.067052
0.111229
0.120411
0.117471
0.118252
0.071895
0.104623
0.098204
0.104338
0.051467
0.113035
0.119339
0.122611
0.120858
0.065583
0.107670
0.102912
0.106895
0.042056
0.111204
0.118839
0.119934
0.121086
0.075768
0.105697
0.100922
0.103517
0.048394
0.098827
0.121093
0.120925
0.123753
0.080093
0.106829
0.102081
0.104612
0.050226
0.098395
0.120774
0.121168
0.120485
0.087678
0.105160
0.101147
0.107253
0.051895
0.101522
0.120835
0.119627
0.119879
0.083208
0.104226
0.104500
0.107486
0.046435
0.100475
0.119905
0.122707
0.120985
0.083631
0.103078
0.100193
0.107355
0.044489
0.111316
0.117055
0.120537
0.118523
0.071918
0.098417
0.090914
0.091391
0.034904
0.096538
0.106615
0.107904
0.105464
0.057335
0.091233
0.089967
0.097266
0.039215
0.093501
0.109733
0.109997
0.109432
0.068290
0.094756
0.093670
0.094927
0.038433
0.102829
0.121560
0.120495
0.123304
0.073326
0.114684
0.102198
0.107648
0.044582
0.110104
0.120942
0.120902
0.121019
0.077461
0.103948
0.106597
0.105215
0.048073
0.087844
0.123413
0.120840
0.121439
0.098810
0.105343
0.103597
0.108744
0.057114
0.109886
0.122724
0.121257
0.121456
0.074384
0.108954
0.102224
0.107322
0.049190
0.111417
0.123198
0.123635
0.123179
0.069443
0.111820
0.101152
0.111087
0.040308
0.099650
0.121224
0.120463
0.122335
0.085945
0.107571
0.104447
0.105875
0.048951
0.093401
0.121111
0.121427
0.120875
0.094985
0.106200
0.104784
0.107737
0.045721
0.086247
0.120767
0.121636
0.122654
0.098248
0.101338
0.104234
0.105245
0.054550
0.068948
0.120738
0.120555
0.121903
0.116404
0.090832
0.106244
0.105829
0.070492
0.112568
0.123477
0.122601
0.121558
0.071145
0.114546
0.101556
0.112286
0.042987
0.113838
0.123212
0.122740
0.121320
0.066367
0.114112
0.100961
0.109189
0.040906
0.105994
0.124145
0.120549
0.121454
0.082793
0.107726
0.101807
0.112092
0.049964
0.111139
0.123371
0.121350
0.123461
0.073405
0.113919
0.100394
0.115791
0.039478
0.109183
0.121313
0.120848
0.120229
0.075922
0.114904
0.106179
0.109803
0.039909
0.114631
0.120979
0.120644
0.120656
0.069160
0.111724
0.104428
0.107224
0.044432
0.116759
0.122978
0.123085
0.121311
0.065476
0.111504
0.105641
0.108550
0.039997
0.110758
0.120830
0.120249
0.121025
0.074687
0.108065
0.098052
0.106932
0.049598
0.113356
0.121212
0.123594
0.121303
0.056773
0.091091
0.092534
0.095090
0.033045
0.101894
0.107425
0.107635
0.109121
0.044432
0.100736
0.097071
0.092916
0.051255
0.111161
0.110367
0.112834
0.104456
0.055436
0.094725
0.094026
0.079880
0.070068
0.121367
0.121441
0.122545
0.114070
0.088244
0.104297
0.105035
0.069613
0.111359
0.122771
0.121505
0.123553
0.069896
0.118032
0.104413
0.107646
0.048137
0.123242
0.123740
0.123658
0.123137
0.052964
0.110417
0.102094
0.107937
0.040093
0.110442
0.121397
0.122077
0.121882
0.072931
0.115447
0.101527
0.107454
0.041955
0.111444
0.122750
0.123023
0.122645
0.069007
0.112493
0.101539
0.105789
0.040040
0.111986
0.121399
0.122751
0.123141
0.072965
0.112542
0.104523
0.116645
0.041578
0.115240
0.119990
0.120858
0.121324
0.069310
0.113852
0.100524
0.111640
0.039943
0.112725
0.123602
0.123107
0.122332
0.065736
0.112874
0.104571
0.107608
0.040363
0.119350
0.123435
0.122552
0.123474
0.065060
0.109077
0.105350
0.106890
0.045664
0.121528
0.122832
0.122219
0.123274
0.055227
0.110305
0.107304
0.104696
0.043774
0.120020
0.121047
0.120220
0.120520
0.064589
0.112148
0.109078
0.101701
0.038974
0.119604
0.122866
0.122566
0.121586
0.058882
0.110379
0.098718
0.109113
0.042749
0.112576
0.123904
0.123724
0.123367
0.068616
0.115306
0.108456
0.108205
0.045078
0.123319
0.123605
0.123042
0.123560
0.069820
0.107310
0.108463
0.093252
0.064623
0.122876
0.123672
0.122855
0.114921
0.075987
0.111754
0.101634
0.080048
0.063973
0.123531
0.123721
0.123557
0.116223
0.077937
0.102436
0.103302
0.086038
0.109818
0.123035
0.123424
0.121640
0.072831
0.113013
0.103933
0.118805
0.041903
0.120700
0.121229
0.121310
0.121283
0.065744
0.112549
0.107661
0.110310
0.042623
0.126640
0.121009
0.120343
0.121344
0.061757
0.111314
0.105002
0.108493
0.045817
0.121266
0.125559
0.125509
0.125566
0.069003
0.108914
0.108614
0.091251
0.061150
0.123536
0.123897
0.126899
0.117408
0.117799
0.100053
0.109759
0.048915
0.112945
0.125070
0.122796
0.122796
0.066214
0.112415
0.111459
0.106970
0.068635
0.123955
0.123144
0.120835
0.116730
0.100280
0.110471
0.108248
0.052273
0.081112
0.123689
0.122689
0.123221
0.099193
0.100905
0.106282
0.107832
0.051428
0.068256
0.122026
0.121803
0.122786
0.111972
0.096257
0.104974
0.100725
0.063996
0.064766
0.123237
0.122876
0.120988
0.116187
0.087138
0.103307
0.105167
0.072665
0.069716
0.122571
0.122780
0.123040
0.111385
0.095305
0.105260
0.103336
0.067237
0.112945
0.123052
0.123574
0.123457
0.068826
0.114022
0.099904
0.107369
0.040888
0.099452
0.122895
0.120802
0.121526
0.084671
0.102785
0.105754
0.105808
0.055256
0.112858
0.121198
0.123387
0.123455
0.069463
0.112604
0.101112
0.107742
0.041790
0.112310
0.121513
0.122988
0.121408
0.070993
0.113569
0.109700
0.108956
0.037574
0.114073
0.120642
0.123440
0.122716
0.066375
0.112237
0.101209
0.109062
0.044182
0.111832
0.122851
0.122939
0.121880
0.067916
0.113928
0.098787
0.107486
0.043391
0.110732
0.123043
0.121130
0.123088
0.069898
0.114489
0.101816
0.107390
0.043134
0.110685
0.121691
0.124535
0.120983
0.070482
0.107881
0.098559
0.107534
0.049450
0.111272
0.121172
0.121452
0.120936
0.074912
0.115479
0.101790
0.107167
0.043805
0.111395
0.120808
0.120318
0.123114
0.073298
