0.015983
0.121134
0.120671
0.122909
0.120640
0.066000
0.109079
0.109056
0.091130
0.051741
0.121001
0.121393
0.121640
0.122495
0.063700
0.104090
0.104951
0.092079
0.058513
0.120951
0.122202
0.121094
0.121194
0.074399
0.099860
0.100279
0.087892
0.102944
0.122123
0.122038
0.121234
0.075589
0.111611
0.099343
0.112446
0.039868
0.113112
0.121964
0.121846
0.121500
0.073284
0.109428
0.107444
0.105958
0.050048
0.123342
0.121920
0.119084
0.122164
0.061883
0.110788
0.106171
0.089812
0.077358
0.121803
0.120593
0.121336
0.103852
0.094866
0.104540
0.102772
0.063094
0.093448
0.121660
0.119423
0.119208
0.090960
0.103162
0.102118
0.107823
0.047891
0.116261
0.122830
0.122223
0.122190
0.058792
0.111696
0.101649
0.106246
0.039552
0.107869
0.107281
0.105793
0.107827
0.036733
0.092713
0.090788
0.086456
0.082233
0.110137
0.111335
0.112759
0.069238
0.095396
0.093491
0.100276
0.031943
0.104027
0.109328
0.117915
0.119080
0.057992
0.109882
0.099709
0.107022
0.038239
0.108623
0.119476
0.120239
0.122414
0.068776
0.098701
0.100216
