0.022039
0.122490
0.097233
0.099824
0.102822
0.108047
0.049566
0.101913
0.121997
0.121100
0.121750
0.076786
0.117349
0.104830
0.108170
0.077797
0.122975
0.124083
0.124297
0.098102
0.108295
0.102071
0.106154
0.047524
0.113362
0.122801
0.123485
0.125149
0.065456
0.112399
0.106398
0.103450
0.046059
0.119921
0.122558
0.119709
0.122730
0.063659
0.109475
0.104813
0.095675
0.110085
0.122463
0.122754
0.124766
0.067275
0.112515
0.103420
0.109208
0.110711
0.121580
0.123434
0.121732
0.067143
0.111617
0.104001
0.108387
0.073614
0.124393
0.124119
0.123197
0.100743
0.105856
0.109363
0.110913
0.043543
0.115175
0.122299
0.122022
0.122751
0.061838
0.111762
0.105090
0.108742
0.113112
0.123468
0.123514
0.123159
0.069732
0.111518
0.107023
0.104307
0.039098
0.119141
0.122468
0.121616
0.120387
0.064047
0.112159
0.103654
0.103705
0.039254
0.116182
0.122503
0.122045
0.123066
0.059399
0.112841
0.109104
0.104843
0.053511
0.122290
0.122333
0.121756
0.122870
0.082494
0.102285
0.102280
0.078831
0.101313
0.122547
0.122879
0.122844
0.079007
0.108826
0.100782
0.106927
0.046113
0.110680
0.124006
0.123644
0.124969
0.066466
0.113744
0.106899
0.099462
0.111232
0.120768
0.121011
0.119422
0.074993
0.111579
0.106446
0.107032
0.069331
0.121678
0.121310
0.120100
0.110253
0.075362
0.102020
0.101159
0.082412
0.068500
0.121206
0.122412
0.121310
0.111856
0.091193
0.097776
0.106683
0.064772
0.079232
0.123165
0.122331
0.121329
0.100354
0.099635
0.107713
0.110468
0.049506
0.098903
0.119929
0.121584
0.122350
0.078950
0.112514
0.106381
0.107709
0.039605
0.121958
0.121130
0.121745
0.122667
0.051818
0.111438
0.104715
0.107125
0.034176
0.109343
0.122181
0.122375
0.122298
0.055490
0.110796
0.103571
0.106408
0.041396
0.113870
0.122918
0.121780
0.121924
0.060354
0.109415
0.103354
0.106944
0.041412
0.113751
0.122598
0.121884
0.122818
0.063565
0.109874
0.099773
0.110024
0.041473
0.072111
0.122529
0.123085
0.122097
0.105146
0.084491
0.106862
0.104917
0.069124
0.093514
0.122037
0.121645
0.122962
0.086509
0.106360
0.104033
0.104927
0.047018
0.092750
0.122235
0.122500
0.121644
0.087293
0.103211
0.106123
0.103826
0.043290
0.111881
0.122616
0.123656
0.120334
0.061815
0.110996
0.109415
0.105762
0.040439
0.114803
0.118756
0.121805
0.121228
0.062139
0.105155
0.100411
0.105619
0.038918
0.104109
0.121267
0.120958
0.122054
0.074910
0.114554
0.100411
0.106110
0.041538
0.112113
0.124230
0.124294
0.123429
0.061401
0.112104
0.102577
0.103870
0.040984
0.118662
0.122102
0.122544
0.122920
0.058952
0.111799
0.103996
0.105478
0.039549
0.129245
0.123957
0.124330
0.124138
0.055455
0.108981
0.106612
0.092211
0.040509
0.121103
0.120081
0.120208
0.122243
0.059211
0.110235
0.102689
0.102009
0.111610
0.121657
0.123385
0.121789
0.066266
0.110526
0.098863
0.111267
0.043569
0.122761
0.121914
0.120453
0.122180
0.063875
0.107255
0.104133
0.101161
0.101497
0.122497
0.122519
0.122836
0.083163
0.116416
0.106452
0.102690
0.113225
0.123716
0.123796
0.122889
0.063147
0.110640
0.104052
0.105809
0.046058
0.121353
0.122639
0.121945
0.122102
0.058246
0.112015
0.106606
0.094923
0.062726
0.122961
0.121515
0.122255
0.116922
0.081097
0.101662
0.101820
0.074003
0.080448
0.122592
0.123733
0.124788
0.097311
0.106858
0.101320
0.109002
0.048189
0.109567
0.122282
0.121018
0.122403
0.067167
0.113704
0.100669
0.113937
0.040486
0.119050
0.122142
0.122070
0.122696
0.059604
0.111395
0.105968
0.106825
0.086174
0.108589
0.108001
0.106983
0.059901
0.092508
0.091456
0.094382
0.032487
0.110224
0.110411
0.110104
0.110456
0.043051
0.104625
0.097209
0.092690
0.073688
0.110340
0.110726
0.110387
0.086221
0.092880
0.105700
0.102328
0.058840
0.089042
0.121515
0.122283
0.122410
0.092130
0.103666
0.101425
0.107543
0.043550
0.089393
0.122578
0.123095
0.123722
0.083695
0.103912
0.107743
0.110791
0.043208
0.112185
0.123704
0.121831
0.123804
0.063286
0.109506
0.100932
0.105782
0.041114
0.121567
0.121891
0.122402
0.122622
0.052430
0.107096
0.103722
0.057912
0.101979
0.122679
0.121770
0.121539
0.076414
0.116927
0.101938
0.106938
0.040988
0.122323
0.122108
0.120382
0.121784
0.055287
0.109580
0.099354
0.103734
0.039136
0.113585
0.123195
0.124029
0.122622
0.063849
0.110702
0.104352
0.105283
0.110555
0.122730
0.121677
0.121262
0.068966
0.113607
0.101791
0.106088
0.038646
0.116512
0.121765
0.122187
0.123038
0.063087
0.111503
0.104792
0.105700
0.048023
0.121534
0.122109
0.122398
0.123380
0.056883
0.105672
0.107653
0.095527
0.050421
0.123873
0.122236
0.121559
0.122663
0.071827
0.102477
0.105502
0.081095
0.076113
0.122237
0.121783
0.122478
0.106920
0.101381
0.106236
0.107369
0.046543
0.105244
0.122250
0.122281
0.122372
0.071562
0.107532
0.097512
0.104117
0.048553
0.102641
0.122761
0.121264
0.122044
0.077123
0.104518
0.103306
0.105017
0.049364
0.107230
0.120766
0.122656
0.121857
0.071630
0.113153
0.103415
0.106333
0.036177
0.115809
0.122247
0.122152
0.122423
0.068819
0.111813
0.107417
0.103878
0.112164
0.123969
0.124218
0.124249
0.063987
0.108707
0.103032
0.106216
0.044367
0.122217
0.121457
0.122433
0.122748
0.065551
0.111276
0.106667
0.090868
0.104627
0.121995
0.122532
0.122159
0.075062
0.109816
0.104635
0.096550
0.115998
0.121984
0.122412
0.124352
0.064416
0.112479
0.105856
0.106429
0.079637
0.124959
0.123828
0.122707
0.096417
0.109966
0.107126
0.114028
0.041116
0.121737
0.122169
0.122224
0.122868
0.057242
0.112521
0.103752
0.105152
0.109991
0.121307
0.122588
0.121474
0.069960
0.111679
0.098797
0.105191
0.041200
0.113557
0.122311
0.122138
0.123921
0.067994
0.111910
0.100617
0.105744
0.038005
0.122563
0.122613
0.122727
0.121914
0.048258
0.113642
0.104280
0.106756
0.038041
0.119185
0.123045
0.122766
0.122900
0.057779
0.113505
0.107399
0.105998
0.037556
0.122263
0.122859
0.123927
0.122602
0.067212
0.108496
0.110568
0.088152
0.065209
0.121881
0.121150
0.122542
0.116550
0.095614
0.102355
0.102644
0.061535
0.077952
0.122271
0.120636
0.121552
0.100967
0.100943
0.105290
0.106869
0.045436
0.100949
0.125962
0.121624
0.121993
0.077540
0.115531
0.098180
0.108196
0.041002
0.113883
0.122600
0.124748
0.122082
0.060741
0.114969
0.105999
0.104980
0.040182
0.122189
0.123173
0.121600
0.122545
0.059467
0.109681
0.100633
0.100485
0.073046
0.121981
0.121192
0.122332
0.107242
0.098739
0.109005
0.107163
0.054658
0.116680
0.119956
0.121975
0.122753
0.065050
0.113066
0.111252
0.103434
0.047037
0.126093
0.123999
0.124796
0.124264
0.084426
0.104123
0.108722
0.070506
0.076047
0.125225
0.124232
0.122453
0.099802
0.106857
0.105849
0.116309
0.042590
0.114818
0.124241
0.124371
0.124749
0.062890
0.114304
0.103544
0.101773
0.112859
0.123999
0.125188
0.124817
0.065690
0.109388
0.103443
0.108484
0.056088
0.121916
0.122470
0.122338
0.123107
0.072954
0.103829
0.102547
0.084828
0.105245
0.122269
0.121341
0.120592
0.075111
0.112903
0.103922
0.108501
0.073221
0.122035
0.122635
0.122116
0.106078
0.098464
0.108649
0.109315
0.047889
0.112088
0.121970
0.120742
0.122143
0.068233
0.109081
0.100281
0.109011
0.041267
0.101883
0.121849
0.122263
0.123006
0.078058
0.112835
0.099675
0.104853
0.042941
0.112568
0.121336
0.122512
0.121910
0.066656
0.116021
0.103228
0.105863
0.059164
0.123609
0.121813
0.121419
0.121676
0.071035
0.098459
0.102394
0.088290
0.051565
0.120200
0.122103
0.121964
0.122351
0.054123
0.107205
0.104930
0.094432
0.050125
0.122479
0.122603
0.121394
0.122370
0.067238
0.103494
0.106758
0.090032
0.112560
0.122993
0.121787
0.121609
0.063335
0.109659
0.100040
0.106213
0.036757
0.112447
0.122215
0.120836
0.120188
0.070302
0.114218
0.107767
0.107730
0.042133
0.121554
0.120580
0.122094
0.122667
0.050630
0.112034
0.105915
0.102452
0.062704
0.121269
0.122353
0.121730
0.118624
0.078660
0.100602
0.097708
0.082693
0.105431
0.119481
0.119683
0.122858
0.080434
0.113852
0.107939
0.106512
0.040533
0.117837
0.122148
0.122325
0.123318
0.056747
0.113997
0.106860
0.104033
0.060240
0.119620
0.122754
0.122198
0.120707
0.078272
0.099694
0.099945
0.084235
0.113118
0.124077
0.122617
0.123287
0.049582
0.091293
0.089962
0.095111
0.031398
0.103086
0.108444
0.107830
0.107228
0.042074
0.100761
0.095978
0.094276
0.043198
0.111525
0.109905
0.110263
0.102683
0.068958
0.091694
0.093870
0.071736
0.057344
0.120959
0.122090
0.121219
0.105696
0.099543
0.104278
0.109073
0.048379
0.106997
0.121769
0.121925
0.122560
0.072263
0.115899
0.103298
0.108834
0.041942
0.123899
0.122264
0.124130
0.123830
0.050209
0.113946
0.105117
0.103548
0.072062
0.124726
0.123947
0.124535
0.104184
0.107941
0.106084
0.105577
0.047735
0.112679
0.125136
0.123711
0.121715
0.064954
0.113636
0.103588
0.105743
0.078243
0.124803
0.121347
0.122152
0.102906
0.104679
0.106365
0.107709
0.047365
0.112061
0.122145
0.121320
0.121582
0.066194
0.112087
0.097825
0.108331
0.041603
0.117044
0.121665
0.122311
0.121582
0.065734
0.113404
0.103288
0.108215
0.071383
0.124412
0.125537
0.124319
0.103355
0.103636
0.104662
0.107543
0.047749
0.113636
0.124235
0.122779
0.124294
0.060444
0.111113
0.104230
0.106378
0.074498
0.120212
0.121110
0.121907
0.107645
0.104411
0.106667
0.109910
0.048660
0.106948
0.119394
0.120039
0.121901
0.077183
0.110108
0.102439
0.110456
0.040614
0.118046
0.120956
0.119838
0.120305
0.062551
0.107978
0.105540
0.091847
0.045507
0.122457
0.122351
0.121076
0.122668
0.057138
0.112015
0.107564
0.091464
0.044603
0.120232
0.120269
0.122042
0.122290
0.042087
0.034925
0.036571
0.036119
0.033458
0.031115
0.030749
0.032190
0.034900
0.034586
0.037919
0.037656
0.042907
0.036237
0.036038
0.038454
0.035007
0.033560
0.031785
0.031537
0.037787
0.038793
0.039202
0.038384
0.039322
0.035876
0.028316
0.030754
0.034879
0.035937
0.035394
0.034821
0.031744
0.031415
0.031307
0.032688
0.034639
0.035215
0.033179
0.032138
0.029882
0.031167
0.030365
0.035719
0.036510
0.036000
0.035704
0.032887
0.030164
0.031520
0.031096
0.031941
0.033962
0.034438
0.038996
0.038162
0.036927
0.035940
0.037042
0.035171
0.034270
0.034511
0.036828
0.035214
0.033016
0.039002
0.032908
0.033778
0.033318
0.038384
0.033486
0.036777
0.037910
0.037390
0.038659
0.040461
0.034665
0.033220
0.030823
0.031483
0.032761
0.036194
0.035670
0.034292
0.033571
0.031281
0.030378
0.030400
0.033064
0.035388
0.035708
0.036424
0.035418
0.035265
0.035466
0.035218
0.034796
0.035912
0.036501
0.036248
0.035583
0.037278
0.035165
0.035703
0.036745
0.037055
0.035807
0.035346
0.035253
0.039809
0.036243
0.036793
0.036392
0.035902
0.034753
0.034947
0.035052
0.035288
0.036088
0.036844
0.036753
0.037040
0.036116
0.035798
0.036059
0.036615
