0.008773
0.035386
0.035985
0.033019
0.031675
0.031313
0.031033
0.034095
0.035034
0.037157
0.033465
0.031154
0.031828
0.032014
0.033867
0.035498
0.036783
0.037528
0.040235
0.037614
0.037860
0.037983
0.037336
0.038651
0.036378
0.039878
0.039327
0.037774
0.038685
0.038643
0.038873
0.038962
0.038575
0.038640
0.037338
0.037312
0.037492
0.038066
0.035259
0.033134
0.034366
0.039651
0.035298
0.036266
0.036244
0.036216
0.037483
0.035796
0.037040
0.038867
0.037940
0.039940
0.039877
0.038840
0.039173
0.039770
0.039804
0.039804
0.039654
0.039176
0.038332
0.034774
0.036946
0.035470
0.034157
0.032254
0.034593
0.032974
0.034714
0.033351
0.035588
0.036670
0.036608
0.037474
0.038395
0.037795
0.038810
0.039256
0.039613
0.039383
0.039621
0.037858
0.038909
0.039223
0.039493
0.039351
0.039696
0.039478
0.037578
0.037291
0.038829
0.035980
0.035720
0.035427
0.033575
0.036127
0.033966
0.035413
0.035101
0.035016
0.035222
0.037520
0.038588
0.038936
0.036460
0.038024
0.037525
0.040353
0.036646
0.035914
0.035910
0.036906
0.038590
0.036508
0.037139
0.038029
0.037280
0.038430
0.038697
0.036691
0.035923
0.039113
0.035220
0.037781
0.035124
0.034754
0.034158
0.034305
0.033557
0.038177
0.032588
0.033482
0.035202
0.034269
0.037089
0.038089
0.037460
0.037178
0.037374
0.039737
0.037671
0.038779
0.039315
0.037528
0.037972
0.037139
0.039417
0.040299
0.036023
0.034754
0.034561
0.038064
0.033744
0.041235
0.036170
0.036065
0.037708
0.038522
0.036083
0.035627
0.038470
0.034111
0.035532
0.033279
0.034301
0.036901
0.039007
0.041622
0.040155
0.038937
0.037572
0.037270
0.039425
0.038275
0.037189
0.035297
0.036278
0.036579
0.037568
0.040355
0.035056
0.035642
0.034478
0.036074
0.036138
0.033762
0.033479
0.032264
0.035761
0.038450
0.038089
0.037206
0.036955
0.037429
0.041542
0.042599
0.037887
0.037188
0.038767
0.042238
0.037839
0.037235
0.035842
0.032289
0.032989
0.034423
0.032885
0.034097
0.026332
0.026954
0.026701
0.026744
0.026920
0.027407
0.027557
0.027301
0.027602
0.027313
0.026900
0.031940
0.026872
0.027734
0.026814
0.027416
0.028735
0.027037
0.026305
0.027614
0.034092
0.026062
0.027161
0.026737
0.025398
0.025957
0.029652
0.028672
0.029042
0.031241
0.029285
0.033735
0.037178
0.039651
0.038237
0.038681
0.038758
0.038343
0.039258
0.038205
0.038023
0.037186
0.036908
0.036952
0.036990
0.038106
0.037397
0.039131
0.038347
0.037639
0.037484
0.038026
0.038088
0.037706
0.041077
0.038496
0.037725
0.026626
0.026330
0.026277
0.026602
0.027260
0.031473
0.026790
0.026939
0.026352
0.025785
0.025596
0.026356
0.026551
0.026302
0.026522
0.026388
0.025452
0.025334
0.030201
0.025766
0.025615
0.026505
0.026582
0.026958
0.028019
0.027828
0.026565
0.025910
0.026057
0.029857
0.026035
0.026670
0.026489
0.030991
0.027051
0.028647
0.028574
0.027519
0.025568
0.026105
0.026748
0.027206
0.026604
0.027132
0.026729
0.026839
0.026240
0.026941
0.024784
0.024558
0.024792
0.024933
0.024742
0.025224
0.025974
0.025968
0.027319
0.027528
0.025209
0.024257
0.033444
0.035708
0.029815
0.025230
0.027466
0.025996
0.026426
0.026637
0.032176
0.024745
0.024876
0.024472
0.024625
0.027260
0.026714
0.026724
0.026643
0.027047
0.026618
0.026782
0.027812
0.033082
0.024843
0.024224
0.024333
0.025166
0.025012
0.024957
0.024365
0.025085
0.023921
0.024151
0.024767
0.024766
0.024627
0.024092
0.024750
0.023966
0.024692
0.025656
0.027255
0.025920
0.027496
0.027547
0.026229
0.025839
0.025626
0.025531
0.025779
0.025768
0.028485
0.028309
0.025919
0.025798
0.026535
0.026916
0.028052
0.028459
0.026535
0.026386
0.026822
0.026623
0.027544
0.026303
0.027197
0.026940
0.027390
0.027251
0.026917
0.027123
0.026370
0.026824
0.032248
0.028219
0.028626
0.030349
0.035108
0.024149
0.024436
0.024469
0.024705
0.023963
0.027665
0.026368
0.037338
0.026319
0.035752
0.027190
0.036757
0.042045
0.039567
0.038964
0.033952
0.026361
0.025397
0.034158
0.039684
0.032658
0.035262
0.032690
0.038356
0.039440
0.035916
0.027769
0.035614
0.035505
0.036938
0.037862
0.034616
0.028366
0.038350
0.038060
0.027221
0.025541
0.039053
0.039161
0.028948
0.034547
0.034954
0.029989
0.035475
0.032864
0.041461
0.038965
0.033382
0.035896
0.030478
0.038172
0.038115
0.035226
0.035743
0.028479
0.027726
0.036131
0.040058
0.035285
0.025571
0.033687
0.036655
0.035801
0.028166
0.035379
0.034094
0.031156
0.038649
0.037531
0.037432
0.026269
0.034126
0.035231
0.036922
0.036092
0.035571
0.035334
0.030035
0.033322
0.034895
0.035187
0.040002
0.035996
0.028215
0.034514
0.036667
0.032731
0.034817
0.034985
0.027928
0.032279
0.036921
0.028251
0.031270
0.035649
0.039628
0.043743
0.036936
0.037698
0.037469
0.036907
0.032509
0.035801
0.029453
0.034706
0.035737
0.039192
0.032191
0.030070
0.039716
0.036327
0.039654
0.039956
0.037831
0.036915
0.037956
0.026195
0.042326
0.029567
0.034704
0.035734
0.034154
0.035618
0.037666
0.031727
0.036707
0.039766
0.037571
0.041442
0.038431
0.039650
0.039213
0.039024
0.026847
0.035865
0.040308
0.027775
0.037351
0.046478
0.034755
0.033756
0.033837
0.035125
0.034883
0.030275
0.040403
0.040514
0.038589
0.027653
0.038530
0.038633
0.039245
0.038613
0.037814
0.028692
0.038527
0.037774
0.030993
0.033497
0.035240
0.036649
0.035597
0.036506
0.034912
0.035465
0.039043
0.030289
0.038687
0.037528
0.036845
0.037328
0.038825
0.035635
0.038156
0.038083
0.037392
0.026182
0.033785
0.034631
0.034234
0.039816
0.048212
0.028950
0.027769
0.027382
0.026742
0.025540
0.026367
0.026240
0.025287
0.025034
0.025192
0.025285
0.025191
0.024779
0.025331
0.025165
0.024807
0.024857
0.024830
0.024755
0.024515
0.030708
0.025291
0.025614
0.026755
0.025252
0.025721
0.025350
0.025847
0.025587
0.028964
0.029915
0.028851
0.030071
0.028335
0.028404
0.040090
0.036213
0.035167
0.038327
0.037768
0.038609
0.037977
0.036873
0.038204
0.037151
0.038330
0.037257
0.037565
0.035977
0.034973
0.036653
0.037520
0.036811
0.037080
0.037456
0.036360
0.040521
0.038118
0.040558
0.039237
0.038646
0.037357
0.036233
0.038230
0.036529
0.035360
0.036651
0.038591
0.037486
0.035475
0.038965
0.035408
0.035657
0.040706
0.038504
0.037265
0.036018
0.036195
0.035003
0.036339
0.035810
0.036114
0.035757
0.036038
0.038198
0.035966
0.040067
0.039252
0.039107
0.037269
0.036598
0.037601
0.035756
0.036522
0.037481
0.037205
0.037180
0.038053
0.037638
0.038393
0.037678
0.036291
0.036623
0.037179
0.037827
0.036434
0.035003
0.034141
0.034146
0.034014
0.034064
0.034641
0.034959
0.035381
0.039818
0.038521
0.037669
0.037632
0.037445
0.035974
0.035860
0.037179
0.037315
0.039161
0.035926
0.036848
0.038483
0.038343
0.037064
0.037261
0.036912
0.036525
0.036778
0.039273
0.036408
0.039159
0.035392
0.037202
0.035976
0.035900
0.036647
0.036567
0.036817
0.036882
0.036751
0.037939
0.036612
0.038194
0.036268
0.036868
0.036114
0.037476
0.036632
0.037460
0.039445
0.037825
0.036022
0.035403
0.037446
0.036697
0.037425
0.036838
0.038655
0.036321
0.035123
0.035156
0.035484
0.037190
0.039350
0.037289
0.038274
0.037815
0.037636
0.038531
0.037710
0.037277
0.041227
0.037414
0.037330
0.038644
0.037045
0.037000
0.037849
0.036221
0.036816
0.038615
0.037168
0.038967
0.036885
0.035939
0.044143
0.038163
0.041471
0.038189
0.035564
0.038856
0.037546
0.037565
0.036447
0.038088
0.038186
0.037156
0.037123
0.036989
0.037436
0.037427
0.037693
0.036174
0.036467
0.036099
0.037195
0.037891
0.037803
0.036199
0.035782
0.035398
0.039475
0.036076
0.035351
0.038112
0.036592
0.035799
0.037391
0.035782
0.036970
0.036193
0.036120
0.035993
0.036669
0.035814
0.033666
0.034519
0.035876
0.036494
0.038100
0.036747
0.038379
0.038610
0.037427
0.036668
0.036649
0.036579
0.040987
0.036011
0.036482
0.036554
0.035969
0.035881
0.036120
0.035733
0.036208
0.036156
0.036544
0.036122
0.036055
0.041411
0.034649
0.034717
0.035606
0.034564
0.034317
0.033736
0.034632
0.035647
0.036043
0.036279
0.034439
0.034714
0.037016
0.036889
0.035813
0.035357
0.035997
0.037532
0.037270
0.037086
0.036767
0.038122
0.037525
0.036663
0.037117
0.036325
0.035744
0.035773
0.035298
0.036038
0.035249
0.036482
0.035465
0.035267
0.036644
0.035300
0.035548
0.035843
0.035578
0.035234
0.035381
0.036547
0.036538
0.035517
0.035814
0.036314
0.037642
0.037175
0.034693
0.037309
0.034081
0.038073
