0.009768
0.035529
0.038469
0.036774
0.034157
0.034053
0.033308
0.032636
0.031457
0.031845
0.036145
0.035769
0.036108
0.036582
0.036374
0.037306
0.038333
0.039304
0.038280
0.035997
0.034422
0.034538
0.032081
0.034862
0.033825
0.034421
0.034894
0.038047
0.035626
0.033449
0.032938
0.033327
0.036059
0.034579
0.034251
0.034848
0.033573
0.034257
0.035667
0.034497
0.036065
0.035571
0.038343
0.036696
0.035645
0.034939
0.032054
0.034653
0.033572
0.033005
0.039541
0.034003
0.035699
0.035259
0.036398
0.036421
0.042124
0.038113
0.040133
0.033962
0.036193
0.036757
0.024710
0.024697
0.024574
0.024805
0.024512
0.024786
0.024809
0.024133
0.023903
0.023648
0.023803
0.023634
0.023749
0.023790
0.023668
0.023710
0.026360
0.025460
0.025401
0.025582
0.025468
0.026628
0.028489
0.029550
0.028884
0.028099
0.027867
0.029890
0.032385
0.031898
0.029443
0.027998
0.027184
0.026203
0.036132
0.035963
0.036033
0.036126
0.035649
0.035386
0.035586
0.035223
0.035238
0.035179
0.035216
0.036386
0.039012
0.038225
0.037561
0.037970
0.037708
0.038126
0.037909
0.037434
0.038833
0.037656
0.035456
0.035330
0.034642
0.035216
0.035625
0.034376
0.034405
0.035574
0.034148
0.034964
0.036910
0.035861
0.035375
0.036059
0.033416
0.034687
0.036454
0.034385
0.034176
0.039172
0.036075
0.036564
0.038261
0.036454
0.036065
0.037402
0.037372
0.036329
0.036709
0.035710
0.037466
0.035756
0.036575
0.035231
0.034509
0.034615
0.038614
0.036964
0.035945
0.037850
0.035595
0.036516
0.035898
0.037034
0.040032
0.036052
0.035097
0.038049
0.036167
0.036755
0.037493
0.037651
0.033820
0.037570
0.035829
0.035057
0.038535
0.034706
0.034819
0.038226
0.036276
0.035266
0.039898
0.035482
0.038203
0.038061
0.036899
0.039400
0.039496
0.035357
0.033918
0.036289
0.035228
0.040470
0.036734
0.036091
0.034917
0.035395
0.035586
0.035341
0.035855
0.036290
0.034660
0.035304
0.035090
0.035906
0.034900
0.036826
0.036980
0.034742
0.035682
0.033686
0.034565
0.035460
0.034672
0.035591
0.035171
0.035684
0.035930
0.037820
0.036307
0.034766
0.035976
0.035393
0.036124
0.036238
0.047066
0.036853
0.036091
0.038975
0.037076
0.034936
0.034833
0.035797
0.034979
0.034088
0.037396
0.035317
0.033258
0.035349
0.039899
0.035882
0.036173
0.035908
0.042324
0.043476
0.041974
0.036150
0.041999
0.040278
0.041701
0.038392
0.043425
0.035998
0.035694
0.042311
0.040909
0.035747
0.045444
0.033862
0.039818
0.041902
0.042748
0.035477
0.041972
0.037061
0.036064
0.036777
0.042641
0.034040
0.041551
0.038308
0.034386
0.034290
0.042151
0.039501
0.041465
0.034629
0.043694
0.036233
0.035425
0.043433
0.043834
0.036489
0.043373
0.036247
0.042518
0.046902
0.032316
0.038531
0.037548
0.036433
0.035585
0.036316
0.037632
0.046404
0.035934
0.034298
0.035924
0.034879
0.038465
0.048472
0.056104
0.034733
0.044570
0.037634
0.038934
0.038430
0.036869
0.036470
0.034350
0.035081
0.034784
0.035604
0.036441
0.036797
0.035541
0.036329
0.034126
0.037225
0.036396
0.035271
0.035346
0.035490
0.035683
0.034695
0.035182
0.035099
0.034886
0.035592
0.035434
0.035267
0.037321
0.035045
0.036113
0.038901
0.036508
0.034166
0.035418
0.035570
0.037684
0.034373
0.035748
0.037185
0.035676
0.035796
0.041627
0.040650
0.037310
0.036217
0.032980
0.033838
0.035440
0.033746
0.034242
0.034606
0.033417
0.034947
0.037195
0.036339
0.035510
0.036388
0.036047
0.035811
0.039542
0.037665
0.040035
0.035866
0.034368
0.043230
0.036564
0.036965
0.040395
0.037871
0.037792
0.037926
0.035925
0.037446
0.036761
0.036960
0.036767
0.036657
0.034870
0.037067
0.035018
0.036137
0.035398
0.035534
0.035700
0.036008
0.034759
0.036531
0.036810
0.035319
0.035709
0.036029
0.035240
0.036661
0.035518
0.036278
0.037206
0.034579
0.035745
0.036550
0.034522
0.035607
0.036058
0.034685
0.035403
0.036177
0.034452
0.033144
0.035125
0.036401
0.033716
0.033475
0.034420
0.031526
0.034462
0.033338
0.033188
0.034470
0.034721
0.034502
0.033684
0.034160
0.035434
0.034492
0.037511
0.036036
0.036530
0.035908
0.034604
0.036553
0.034664
0.034907
0.040173
0.036440
0.036312
0.036000
0.035290
0.035432
0.036072
0.035566
0.035501
0.038013
0.034937
0.035727
0.035593
0.035396
0.035856
0.035347
0.035499
0.035352
0.036596
0.035512
0.035218
0.035568
0.035372
0.035693
0.035361
0.035517
0.035881
0.034413
0.034315
0.034843
0.038139
0.037107
0.037857
0.035727
0.034467
0.036171
0.034978
0.035768
0.036067
0.034974
0.035102
0.035508
0.036141
0.035101
0.036756
0.034674
0.036105
0.035883
0.035216
0.035378
0.035764
0.037049
0.036260
0.036538
0.036711
0.037443
0.035897
0.037408
0.036691
0.036073
0.035665
0.036320
0.035004
0.035866
0.037477
0.036919
0.036472
0.036053
0.036467
0.036070
0.034952
0.035362
0.036030
0.035353
0.035184
0.035424
0.036048
0.035986
0.035414
0.036453
0.036831
0.035198
0.035417
0.035521
0.035506
0.035106
0.035222
0.035892
0.036046
0.036105
0.036847
0.034577
0.035275
0.036500
0.037540
0.036753
0.040159
0.036237
0.035651
0.035392
0.036536
0.037216
0.036606
0.035178
0.034756
0.034897
0.035118
0.037114
0.035796
0.035210
0.036141
0.036334
0.035670
0.036228
0.036050
0.037089
0.036747
0.037957
0.037421
0.036799
0.037151
0.037634
0.036174
0.041344
0.036119
0.033065
0.035071
0.034906
0.034583
0.036170
0.036286
0.034275
0.034746
0.035018
0.036673
0.036272
0.036502
0.036460
0.036653
0.033869
0.035630
0.038165
0.035477
0.036484
0.035778
0.035667
0.038199
0.035282
0.034055
0.039914
0.035951
0.036183
0.036131
0.033277
0.036386
0.038174
0.035754
0.035455
0.034684
0.035170
0.035448
0.037200
0.037551
0.035255
0.036757
0.034315
0.035882
0.033654
0.034076
0.034946
0.034195
0.034129
0.036067
0.036664
0.035894
0.037746
0.035318
0.038245
0.038363
0.036023
0.036499
0.037265
0.035022
0.037800
0.038077
0.034652
0.034060
0.036808
0.034567
0.034809
0.034065
0.034422
0.036457
0.040345
0.036667
0.035628
0.035640
0.035630
0.036932
0.034664
0.035307
0.036187
0.035990
0.035274
0.035285
0.034899
0.035946
0.035513
0.035888
0.035532
0.035964
0.036863
0.036678
0.036665
0.035906
0.037706
0.037812
0.036825
0.036677
0.036250
0.035928
0.036312
0.036944
0.034963
0.036401
0.035274
0.034017
0.036073
0.038761
0.032708
0.035013
0.033052
0.033372
0.034114
0.034089
0.034185
0.036806
0.032825
0.034077
0.032451
0.034756
0.035306
0.035579
0.035447
0.034859
0.034742
0.034802
0.035082
0.035292
0.035418
0.034693
0.034953
0.034828
0.034695
0.035229
0.034219
0.033435
0.036444
0.036620
0.034926
0.034888
0.036027
0.036606
0.034590
0.035834
0.039622
0.039303
0.035329
0.035828
0.034815
0.035983
0.037545
0.034571
0.034456
0.034633
0.034561
0.035606
0.038764
0.037273
0.037810
0.039837
0.038607
0.036865
0.036275
0.035635
0.040020
0.037504
0.036906
0.037306
0.035571
0.034765
0.037081
0.034336
0.036350
0.036680
0.035454
0.037397
0.037032
0.035284
0.035354
0.035190
0.035572
0.035591
0.036207
0.035795
0.035776
0.036195
0.036337
0.037585
0.037055
0.034129
0.036758
0.037253
0.037462
0.036967
0.037450
0.034500
0.037917
0.038298
0.037208
0.035774
0.039341
0.038782
0.036344
0.034600
0.035004
0.034942
0.036674
0.035811
0.034139
0.034185
0.035949
0.035280
0.035812
0.036414
0.035135
0.037662
0.037192
0.035144
0.035442
0.035557
0.034904
0.036380
0.037743
0.036613
0.037773
0.035944
0.036053
0.037900
0.035244
0.037157
0.038018
0.035330
0.035524
0.039183
0.038983
0.036885
0.036221
0.035583
0.039710
0.038764
0.036403
0.036229
0.035105
0.034854
0.036232
0.036307
0.037203
0.039249
0.039135
0.037197
0.038556
0.037216
0.037956
0.037863
0.034714
0.038671
0.036887
