0.009744
0.034640
0.038742
0.037545
0.036868
0.035382
0.034644
0.035295
0.035686
0.036039
0.036052
0.035444
0.036668
0.036163
0.034461
0.034450
0.034495
0.035130
0.034889
0.036757
0.035279
0.035640
0.034636
0.034081
0.045647
0.038083
0.036707
0.035614
0.037109
0.036590
0.035074
0.035508
0.035368
0.034655
0.035734
0.036278
0.035706
0.037110
0.036541
0.035058
0.034945
0.035164
0.035098
0.035425
0.035234
0.035899
0.035388
0.035011
0.042492
0.035381
0.034914
0.034460
0.033805
0.034744
0.034090
0.034292
0.034435
0.034122
0.033851
0.034460
0.034524
0.034453
0.036039
0.035964
0.036550
0.037605
0.035490
0.034876
0.034843
0.038436
0.036232
0.035282
0.035493
0.035265
0.034869
0.035070
0.035043
0.035268
0.035417
0.035073
0.035432
0.035029
0.035222
0.035505
0.037652
0.036519
0.034630
0.034621
0.035006
0.033975
0.035260
0.034733
0.035262
0.035477
0.035353
0.035899
0.035601
0.038255
0.036688
0.034858
0.035122
0.035527
0.035832
0.034623
0.035420
0.033975
0.034616
0.034063
0.040864
0.036986
0.033496
0.037686
0.037597
0.036946
0.035419
0.035307
0.035524
0.035691
0.035102
0.035253
0.035523
0.035127
0.035070
0.035648
0.035167
0.035352
0.035650
0.035593
0.035445
0.035503
0.035601
0.036196
0.035400
0.035212
0.035317
0.035063
0.035351
0.036712
0.036808
0.035957
0.037665
0.036340
0.036672
0.037530
0.038282
0.034689
0.034083
0.034294
0.037596
0.037832
0.035133
0.035058
0.036316
0.034371
0.035715
0.036657
0.035985
0.037025
0.036498
0.024985
0.024813
0.026141
0.025390
0.025004
0.024842
0.025270
0.024863
0.024871
0.024978
0.025927
0.024951
0.024663
0.024973
0.025819
0.023757
0.024692
0.024466
0.024487
0.025862
0.024525
0.024575
0.023926
0.025510
0.025072
0.024905
0.025014
0.028389
0.028097
0.029001
0.027588
0.028969
0.028433
0.028935
0.026620
0.036608
0.035250
0.037257
0.036500
0.035416
0.034808
0.035226
0.029380
0.032614
0.034459
0.035050
0.036387
0.034243
0.035790
0.036329
0.033282
0.034215
0.034149
0.033150
0.034395
0.034471
0.035160
0.035340
0.037775
0.035230
0.034053
0.036234
0.034893
0.035178
0.035451
0.035403
0.035054
0.035415
0.023522
0.035916
0.036038
0.038054
0.034894
0.037711
0.035450
0.037087
0.035897
0.035633
0.036579
0.037242
0.036982
0.035650
0.036315
0.034523
0.036235
0.036967
0.035671
0.034060
0.036211
0.034061
0.034966
0.035744
0.035236
0.035512
0.035029
0.035562
0.035613
0.035285
0.035322
0.036598
0.034922
0.036212
0.036981
0.035283
0.035058
0.035189
0.034967
0.034733
0.037630
0.037153
0.034663
0.034582
0.035788
0.035206
0.036484
0.034162
0.036245
0.037476
0.034997
0.035397
0.036222
0.035234
0.035740
0.037422
0.036834
0.037971
0.036583
0.035121
0.035758
0.035313
0.035165
0.037192
0.034389
0.035074
0.035939
0.035816
0.038201
0.035333
0.035905
0.036223
0.038393
0.037635
0.035296
0.037902
0.035832
0.035092
0.037300
0.035057
0.034772
0.034479
0.035057
0.031855
0.035270
0.034345
0.030856
0.033074
0.032778
0.033802
0.036602
0.035525
0.038063
0.037233
0.036702
0.036237
0.035091
0.035851
0.034580
0.033348
0.032401
0.034867
0.034447
0.033646
0.034277
0.034107
0.036397
0.035077
0.037936
0.036492
0.036786
0.035408
0.035563
0.036156
0.036712
0.035846
0.035630
0.036300
0.036163
0.037520
0.035487
0.034425
0.034420
0.034961
0.034576
0.036213
0.035255
0.036595
0.038043
0.037267
0.035139
0.036733
0.041150
0.037588
0.036603
0.035974
0.038142
0.037953
0.039133
0.039105
0.038739
0.037243
0.036850
0.035699
0.035492
0.038139
0.037663
0.039029
0.040261
0.035667
0.035856
0.034887
0.036079
0.036921
0.035064
0.038882
0.038701
0.035650
0.036702
0.035859
0.034534
0.038293
0.038680
0.035944
0.035579
0.035294
0.035343
0.037573
0.036517
0.034710
0.035129
0.035058
0.034742
0.036386
0.034407
0.034426
0.034392
0.034388
0.034685
0.038785
0.035050
0.039753
0.035677
0.036117
0.036349
0.037421
0.036606
0.035741
0.035481
0.035768
0.035857
0.035796
0.035286
0.035084
0.036115
0.040286
0.039906
0.037023
0.040920
0.040507
0.040428
0.041440
0.038327
0.037106
0.036710
0.039909
0.035451
0.034262
0.034557
0.034766
0.034386
0.043670
0.042617
0.036491
0.036361
0.038991
0.041676
0.036123
0.036377
0.036175
0.036358
0.036666
0.037411
0.035437
0.037263
0.035278
0.035219
0.037914
0.034400
0.035399
0.036234
0.035203
0.035072
0.035684
0.034757
0.035383
0.035630
0.034247
0.036183
0.038656
0.035109
0.036780
0.036228
0.035052
0.036630
0.039728
0.035443
0.036623
0.035852
