0.014556
0.036617
0.035396
0.036919
0.036168
0.036174
0.035829
0.034239
0.032786
0.035272
0.034626
0.033687
0.034152
0.033334
0.032853
0.032416
0.033687
0.033987
0.034667
0.033117
0.033073
0.033041
0.036418
0.037500
0.038204
0.038300
0.035831
0.037576
0.036645
0.036928
0.036445
0.036680
0.036220
0.035456
0.035444
0.036309
0.036060
0.035638
0.040096
0.036520
0.035925
0.036178
0.034684
0.035450
0.037201
0.037434
0.037849
0.035203
0.036232
0.035576
0.034199
0.035504
0.033234
0.033915
0.032967
0.034471
0.033828
0.036349
0.036612
0.039293
0.037975
0.037985
0.037438
0.036653
0.035449
0.037701
0.036833
0.037158
0.036310
0.036248
0.037386
0.040438
0.035343
0.036178
0.036119
0.036302
0.037597
0.037149
0.036873
0.035019
0.035856
0.037466
0.037081
0.038337
0.036106
0.038110
0.037700
0.036305
0.035491
0.035077
0.036119
0.036557
0.035799
0.036145
0.037880
0.037203
0.036691
0.035146
0.036845
0.036372
0.040069
0.038561
0.037986
0.036696
0.037074
0.039247
0.037642
0.038298
0.038884
0.035262
0.034498
0.036304
0.035949
0.037319
0.033376
0.033350
0.035396
0.035328
0.033018
0.033425
0.032534
0.037597
0.042735
0.037058
0.035278
0.037882
0.035673
0.035445
0.034503
0.035060
0.038486
0.037089
0.039361
0.038828
0.037902
0.035369
0.035213
0.037760
0.035137
0.034642
0.035915
0.035856
0.032603
0.035542
0.040442
0.036900
0.039017
0.035341
0.034561
0.040365
0.037487
0.037382
0.033806
0.034788
0.035508
0.036867
0.036203
0.035952
0.034988
0.034358
0.036692
0.035901
0.037314
0.038869
0.038720
0.036921
0.037968
0.037290
0.038123
0.039773
0.038140
0.037537
0.034665
0.036071
0.034768
0.035804
0.035740
0.036012
0.038441
0.036557
0.034806
0.035114
0.034744
0.036500
0.035375
0.034864
0.036905
0.036043
0.037759
0.035482
0.036065
0.036057
0.036142
0.035388
0.039289
0.036808
0.036209
0.035777
0.036495
0.035331
0.035959
0.035716
0.036766
0.036292
0.034878
0.036506
0.033754
0.035504
0.033927
0.035920
0.036057
0.034810
0.036815
0.034720
0.034221
0.036259
0.033828
0.035174
0.033134
0.035947
0.035794
0.032153
0.033077
0.035189
0.037601
0.035012
0.035406
0.036641
0.033234
0.034403
0.034827
0.036115
0.038146
0.037944
0.036891
0.035761
0.036229
0.035438
0.036101
0.035036
0.036839
0.034844
0.036362
0.037302
0.034094
0.035895
0.033958
0.035828
0.036764
0.038184
0.037063
0.040278
0.036183
0.035102
0.034455
0.035337
0.038767
0.037458
0.036842
0.035446
0.034122
0.035122
0.036771
0.037787
0.033621
0.036874
0.034794
0.036561
0.035442
0.034758
0.035490
0.035953
0.035840
0.036332
0.035598
0.034705
0.034037
0.034167
0.036941
0.035954
0.032462
0.032793
0.037614
0.035462
0.036975
0.038002
0.036601
0.035860
0.036785
0.037470
0.034151
0.035672
0.035485
0.036050
0.034964
0.038551
0.039140
0.034632
0.034701
0.034854
0.034729
0.035345
0.036023
0.035097
0.037287
0.036959
0.038994
0.033180
0.033005
0.037242
0.035547
0.034800
0.036865
0.037609
0.035620
0.037325
0.034884
0.034719
0.037001
0.036066
0.037911
0.037071
0.038102
0.037557
0.035786
0.035314
0.035198
0.035629
0.035668
0.043927
0.037234
0.040527
0.038476
0.041462
0.038155
0.035666
0.037498
0.037833
0.040124
0.041037
0.034219
0.034888
0.036068
0.039393
0.038865
0.038243
0.037669
0.039026
0.039538
0.037661
0.037577
0.041143
0.039057
0.040328
0.038777
0.036826
0.037244
0.037144
0.037529
0.040291
0.039141
0.038264
0.040291
0.036919
0.035971
0.039979
0.037068
0.036946
0.037615
0.037600
0.038834
0.039110
0.038120
0.038371
0.038868
0.039596
0.036387
0.038101
0.038140
0.039000
0.034107
0.034487
0.032912
0.034622
0.034561
0.035249
0.037380
0.035244
0.034913
0.035876
0.035803
0.035446
0.036081
0.035090
0.039176
0.033968
0.032887
0.034231
0.032597
0.034643
0.032962
0.033257
0.033503
0.036429
0.037193
0.037825
0.037488
0.036702
0.037209
0.035280
0.035737
0.033944
0.032798
0.033740
0.035219
0.035333
0.035088
0.034670
0.035542
0.034366
0.034447
0.034777
0.045088
0.035656
0.037072
0.036183
0.037654
0.037030
0.039438
0.035202
0.035391
0.035830
0.036119
0.039259
0.037451
0.034843
0.036337
0.036288
0.035569
0.035538
0.037606
0.037153
0.038810
0.035515
0.035005
0.040805
0.037285
0.038446
0.037304
0.039169
0.035933
0.037069
0.036889
0.038017
0.039776
0.038218
0.040519
0.036999
0.037130
0.036746
0.037428
0.037626
0.041078
0.038737
0.037024
0.037007
0.038373
0.038621
0.037075
0.037853
0.036799
0.035964
0.033261
0.033440
0.034287
0.034855
0.034270
0.036494
0.037237
0.039123
0.035450
0.035571
0.035778
0.034889
0.035993
0.036801
0.042812
0.039278
0.035710
0.035487
0.035824
0.096637
0.108086
0.109690
0.047919
0.113300
0.121667
0.121200
0.122802
0.070189
0.109754
0.101171
0.105896
0.044113
0.122144
0.122680
0.122459
0.121433
0.055516
0.110926
0.106993
0.101701
0.069623
0.122968
0.122555
0.124004
0.106211
0.099665
0.106027
0.108818
0.050132
0.113161
0.122367
0.121119
0.124019
0.069206
0.110337
0.100099
0.105124
0.041620
0.118615
0.122390
0.122393
0.122493
0.060940
0.113517
0.105886
0.103384
0.053213
0.122331
0.128454
0.121740
0.122732
0.089835
0.103991
0.107444
0.065275
0.098017
0.123741
0.123665
0.123906
0.076884
0.113432
0.104855
0.108655
0.040014
0.113506
0.123190
0.123141
0.123024
0.061561
0.109950
0.099487
0.112716
0.040534
0.112383
0.122286
0.122233
0.122382
0.064540
0.118400
0.107164
0.102789
0.041080
0.118145
0.121364
0.122242
0.123160
0.062086
0.112335
0.108816
0.101005
0.043166
0.122891
0.123431
0.122177
0.113283
0.095573
0.107985
0.105129
0.059581
0.093141
0.122625
0.121535
0.122768
0.088611
0.115245
0.099426
0.108446
0.041695
0.117819
0.122985
0.123153
0.124601
0.061055
0.111954
0.101461
0.105631
0.041358
0.118234
0.121670
0.122194
0.122228
0.060044
0.113403
0.098603
0.109941
0.042229
0.120226
0.124356
0.122480
0.121908
0.061294
0.112439
0.101460
0.106209
0.040673
0.119055
0.122269
0.122700
0.121409
0.056838
0.112732
0.109132
0.101588
0.056090
0.123186
0.121974
0.124584
0.120216
0.096209
0.107499
0.100386
0.063418
0.099141
0.125104
0.123966
0.122483
0.076681
0.115371
0.103745
0.108928
0.041457
0.123541
0.123869
0.124120
0.122728
0.068053
0.115052
0.102116
0.087194
0.069784
0.122570
0.123206
0.122176
0.111792
0.100375
0.108294
0.107372
0.053230
0.113064
0.122467
0.121872
0.121288
0.067630
0.113518
0.107117
0.106164
0.042104
0.123546
0.125159
0.121732
0.122757
0.057778
0.113751
0.103671
0.098319
0.044839
0.120610
0.123055
0.122349
0.122347
0.067078
0.106719
0.099640
0.101514
0.040240
0.121915
0.122837
0.121529
0.123284
0.052807
0.110701
0.107022
0.101121
0.043966
0.121303
