0.017310
0.116185
0.101547
0.090809
0.095115
0.100300
0.066341
0.051668
0.120487
0.117512
0.118768
0.118373
0.060013
0.107984
0.100978
0.097854
0.111063
0.120434
0.116125
0.120066
0.067766
0.103687
0.102782
0.105975
0.048142
0.070344
0.121004
0.120865
0.120392
0.104725
0.046984
0.107375
0.101158
0.094754
0.033316
0.120853
0.124863
0.121369
0.117224
0.051254
0.109898
0.106930
0.104208
0.035915
0.117571
0.120724
0.119407
0.119190
0.062883
0.111601
0.100858
0.104488
0.040878
0.097664
0.120410
0.119417
0.120172
0.084520
0.099987
0.102862
0.107753
0.054605
0.103606
0.120981
0.121099
0.120286
0.078963
0.104299
0.104471
0.104596
0.049738
0.071657
0.121249
0.121092
