310	102	39	50
309	100	38	49
306	100	39	49
305	98	38	49
305	98	38	50
303	96	38	49
302	95	38	48
301	94	38	50
299	91	38	49
298	91	38	50
297	90	38	50
295	90	38	49
294	89	38	49
294	89	38	49
293	87	38	48
292	86	38	48
291	85	38	48
290	85	36	48
290	84	37	47
289	84	36	48
288	83	37	48
287	82	37	48
286	82	38	48
284	82	38	48
283	82	39	48
281	82	38	48
280	82	38	48
279	82	38	48
277	81	39	48
276	81	38	48
274	81	39	49
272	80	38	48
270	81	39	49
268	80	38	49
266	80	39	49
264	79	39	49
263	80	39	50
261	79	39	48
259	80	39	49
258	81	39	49
256	81	39	49
254	82	39	49
254	82	39	50
252	83	39	48
252	84	38	49
250	84	38	48
250	84	36	49
249	84	38	47
247	84	37	47
247	84	38	46
248	83	36	46
249	82	36	45
249	80	38	45
250	77	37	46
252	76	38	47
254	73	40	48
255	70	41	52
259	67	42	53
265	64	44	59
266	62	42	55
268	59	42	64
269	56	42	61
273	53	42	58
277	53	43	55
276	52	45	57
281	48	46	56
282	47	45	53
287	48	45	50
290	45	45	50
293	44	43	49
297	43	43	48
301	41	42	46
305	41	40	47
307	40	41	46
309	38	41	49
311	37	41	48
311	36	43	50
312	34	42	49
314	32	41	49
316	31	41	45
317	30	40	48
318	30	41	48
317	30	41	46
317	26	40	47
317	24	41	48
318	24	40	48
318	24	40	48
315	23	41	49
316	24	40	48
317	25	40	47
315	25	39	49
315	26	39	48
314	26	40	49
313	27	40	47
313	26	39	49
313	27	40	49
313	27	39	49
312	28	38	50
311	30	39	52
309	32	39	49
309	33	41	48
309	34	40	48
309	31	37	52
309	33	38	52
305	26	39	58
304	29	42	57
304	34	40	54
306	38	40	52
300	35	45	50
304	37	46	47
303	35	44	49
361	19	43	51
356	23	45	48
352	22	45	49
346	25	46	47
343	26	45	46
335	27	46	53
336	27	41	51
317	28	54	58
317	27	51	61
319	26	45	60
322	25	40	63
322	26	42	64
322	25	43	67
322	25	44	67
317	27	49	65
318	30	48	61
317	30	49	62
321	38	46	53
324	43	45	50
322	41	47	52
325	45	44	51
326	46	42	51
326	49	41	50
323	48	41	50
322	49	40	50
320	48	40	51
318	48	40	52
314	49	46	52
313	47	47	52
311	50	48	51
307	50	46	52
306	50	45	50
305	50	44	49
304	51	45	47
303	51	49	50
299	51	45	46
297	50	43	44
297	50	43	44
295	51	44	44
294	49	42	45
294	44	45	49
294	47	45	48
292	42	47	49
293	42	46	49
291	46	46	48
291	47	48	51
291	46	48	48
292	43	47	49
291	44	46	48
291	43	44	47
289	42	42	48
287	41	41	48
285	42	42	49
281	42	45	52
284	44	41	49
281	42	40	46
282	42	37	44
281	43	36	45
280	43	37	46
280	43	38	46
280	45	39	46
279	43	40	45
280	45	40	45
280	45	39	42
281	47	38	43
281	48	39	42
281	46	38	42
283	47	38	41
284	47	38	41
286	46	37	43
287	46	35	42
288	48	35	42
287	49	36	42
290	48	36	41
292	49	35	43
294	48	36	43
296	49	36	42
297	50	36	41
301	51	34	43
303	51	34	42
304	52	34	42
307	52	34	42
308	52	34	43
309	53	34	42
312	53	34	45
314	55	34	42
315	55	34	42
315	56	36	41
318	58	35	41
319	59	36	42
320	59	37	41
321	58	35	41
322	60	37	40
324	61	36	40
324	58	36	43
324	59	37	43
324	62	41	43
325	63	40	43
329	64	37	42
331	66	35	39
330	67	35	42
330	69	36	42
329	69	36	41
329	70	36	41
328	70	36	43
329	71	36	41
329	69	37	47
328	67	38	48
329	66	39	51
330	67	38	51
330	71	39	48
329	70	39	48
328	69	39	49
329	69	39	49
328	68	40	54
328	67	39	50
325	67	41	50
327	67	40	49
325	68	40	50
327	68	40	52
327	68	41	53
325	67	41	53
326	69	40	52
326	70	38	54
323	71	38	52
323	72	38	54
322	72	38	52
322	72	38	51
321	73	38	54
320	73	38	56
320	74	38	54
317	75	39	50
316	76	38	48
314	76	39	48
314	76	38	51
312	76	38	50
311	78	38	49
310	76	38	50
308	77	39	49
307	79	38	48
305	79	38	48
303	80	38	49
301	79	39	48
298	80	39	48
298	80	39	50
295	81	39	48
295	81	38	49
294	80	38	48
292	81	39	49
291	81	39	49
289	83	39	49
289	83	39	48
287	83	40	50
288	84	38	50
289	85	38	50
288	83	39	54
287	84	38	53
286	84	39	56
287	90	40	52
287	92	40	53
286	95	42	52
288	98	42	50
288	100	43	49
287	103	41	47
287	106	43	48
286	110	44	48
286	111	45	49
286	114	42	46
288	117	39	46
288	119	39	48
287	121	42	50
288	121	54	51
282	122	57	49
284	121	55	49
281	121	57	46
276	119	59	48
266	115	68	51
270	113	66	52
272	111	65	54
264	105	75	56
267	106	67	55
265	94	67	58
262	89	73	64
267	84	68	65
263	83	69	66
262	82	69	66
260	74	73	74
258	74	74	73
263	65	71	75
263	64	73	72
271	60	68	71
280	55	57	67
283	42	47	63
285	40	38	59
284	38	35	57
282	34	36	54
283	31	36	56
282	31	36	53
280	26	36	53
280	26	35	51
279	23	35	52
278	21	35	51
278	19	35	49
276	18	36	48
275	17	36	49
275	15	36	48
274	14	37	47
273	13	38	47
273	13	37	47
270	11	39	45
270	12	38	46
270	11	38	47
271	12	37	46
269	10	38	46
268	10	39	48
267	10	40	48
265	12	42	50
266	13	41	50
265	15	42	52
267	15	41	45
268	16	41	44
268	17	40	46
268	18	41	48
271	19	39	44
272	21	39	47
274	22	37	43
271	24	39	47
271	24	40	50
272	25	40	52
274	27	39	49
277	30	37	44
272	33	41	49
272	35	40	49
272	36	40	50
273	39	40	49
275	40	40	49
274	41	41	50
275	43	41	50
276	46	42	48
274	49	45	49
276	50	39	48
276	52	40	48
278	54	39	46
278	56	39	46
279	58	39	45
280	60	39	45
280	63	40	52
280	64	41	49
281	67	41	49
280	69	45	53
283	71	42	57
