0.019192
0.104346
0.061519
0.081897
0.120857
0.119998
0.121201
0.104079
0.096161
0.107219
0.107668
0.052132
0.076844
0.120336
0.122244
0.121251
0.107760
0.097082
0.105213
0.101779
0.063859
0.092239
0.120852
0.121671
0.122484
0.093051
0.108283
0.100508
0.108035
0.047234
0.107840
0.122503
0.120974
0.120878
0.072277
0.108795
0.101344
0.103762
0.047240
0.113487
0.120545
0.120381
0.119879
0.072733
0.101090
0.102798
0.109349
0.050334
0.111308
0.123000
0.121969
0.122978
0.068228
0.115591
0.096948
0.111907
0.044040
0.112441
0.122350
0.120313
0.122572
0.069737
0.115092
0.108458
0.107523
0.039487
0.110010
0.121034
0.120962
0.123918
0.074625
0.112504
0.106901
0.109183
0.039689
0.112841
0.124451
0.121104
0.123440
0.065251
0.110692
0.099910
0.106792
0.041984
0.101908
0.120977
0.121273
0.120933
0.084022
0.107295
0.109143
0.107114
0.041789
0.104688
0.122877
0.120773
0.120995
0.081444
0.115285
0.101467
0.106347
0.041560
0.114866
0.121068
0.120514
0.120136
0.069059
0.113719
0.100215
0.107178
0.043760
0.103652
0.123522
0.122725
0.123267
0.073276
0.107927
0.100697
0.104906
0.048236
0.081832
0.120762
0.119864
0.120914
0.105589
0.096838
0.104900
0.101135
0.066005
0.097608
0.122282
0.123289
0.123976
0.084123
0.103058
0.103539
0.105673
0.053468
0.098732
0.122915
0.122895
0.120907
0.084520
0.102598
0.102478
0.105064
0.053605
0.088809
0.121265
0.120439
0.120865
0.098333
0.099533
0.106328
0.094676
0.064955
0.111031
0.120750
0.122451
0.122055
0.071195
0.111837
0.101110
0.112952
0.040577
0.109638
0.121247
0.120052
0.120203
0.074321
0.108342
0.101285
0.106523
0.047109
0.086949
0.122928
0.121285
0.120917
0.095788
0.098546
0.106229
0.110111
0.050946
0.096296
0.119419
0.120035
0.120064
0.091099
0.098583
0.105284
0.106252
0.053257
0.108715
0.121456
0.122995
0.120661
0.071637
0.116020
0.102402
0.112134
0.039018
0.108276
0.120357
0.122539
0.120693
0.075910
0.112382
0.098479
0.108652
0.041771
0.097274
0.120961
0.122498
0.120766
0.087343
0.104036
0.101199
0.107651
0.052984
0.111034
0.120556
0.122606
0.107045
0.055151
0.090528
0.091319
0.095439
0.031661
0.101674
0.106780
0.107008
0.109953
0.052161
0.097694
0.088634
0.094803
0.038800
0.097545
0.108779
0.108722
0.110281
0.061977
0.090256
0.096550
0.102693
0.055019
0.100407
0.117733
0.119456
0.120118
0.078315
0.100465
0.101128
0.103297
0.048279
0.114502
0.120782
0.120501
0.119925
0.056978
0.101673
0.097850
0.104527
0.046126
0.106942
0.119603
0.120288
0.118116
0.068574
0.101542
0.097832
0.104810
0.048929
0.109333
0.118979
0.117970
0.119929
0.066613
0.105451
0.098376
0.103582
0.041193
0.109747
0.113316
0.118330
0.121181
0.070472
0.107886
0.099287
0.108139
0.034439
0.112758
0.118258
0.119471
0.117804
0.064938
0.101847
0.104482
0.102517
0.044753
0.109955
0.117878
0.117132
0.118548
0.069808
0.106457
0.100111
0.104005
0.043762
0.102449
0.119678
0.118390
0.121103
0.075608
0.105210
0.097858
0.105040
0.040041
0.076920
0.120093
0.117687
0.118787
0.098357
0.090888
0.096323
0.104193
0.063485
0.109396
0.120712
0.119767
0.120143
0.063741
0.104078
0.101147
0.104472
0.043952
0.085387
0.121848
0.117809
0.119754
0.092824
0.101449
0.096950
0.105561
0.046495
0.085119
0.122209
0.118818
0.121753
0.088378
0.101639
0.093482
0.104209
0.051006
0.115556
0.120688
0.118695
0.119014
0.066013
0.109590
0.091452
0.106209
