0.014013
0.111140
0.099615
0.101791
0.036978
0.114333
0.119461
0.121466
0.122261
0.069553
0.105923
0.102710
0.106033
0.048432
0.107994
0.121249
0.118738
0.121101
0.080011
0.103793
0.102022
0.109782
0.049691
0.073785
0.119620
0.121444
0.121073
0.108860
0.081719
0.103650
0.101851
0.082768
0.057753
0.121907
0.120678
0.118998
0.120114
0.059671
0.107968
0.104684
0.102468
0.047689
0.121810
0.121135
0.119395
0.120470
0.061059
0.108223
0.097729
0.109490
0.042362
0.095151
0.121539
0.122017
0.120742
0.090929
0.105032
0.101832
0.108155
0.048610
0.082184
0.119940
0.121475
0.121904
0.102926
0.080908
0.101003
0.101923
0.085717
0.076980
0.121424
0.121507
0.124210
0.106381
0.090878
0.100679
0.098011
0.075476
0.039133
0.121430
0.119511
0.119409
0.122568
0.063004
0.108180
0.099446
0.103324
0.047440
0.090274
0.118898
0.119734
0.121701
0.100305
0.095819
0.106035
0.101927
0.061095
0.062794
0.121934
0.122298
0.117807
0.117923
0.061935
0.105854
0.107246
0.089252
0.074866
0.118992
0.121840
0.122286
0.110745
0.078699
0.101444
0.101375
0.085402
0.044710
0.120445
0.121515
0.121430
0.121909
0.056381
0.111147
0.105869
0.108145
0.039547
0.113373
0.120603
0.118633
0.118876
0.082167
0.104566
0.105491
0.108057
0.047892
0.095027
0.121778
0.121447
0.121147
0.091645
0.104169
0.103516
0.108078
0.048113
0.088130
0.118710
0.122204
0.121772
0.101430
0.093136
0.101405
0.097921
0.071048
0.036942
0.120610
0.117673
0.122004
0.122427
0.064201
0.113400
0.098068
0.110496
0.041649
0.096404
0.122166
0.121577
0.120756
0.088506
0.101378
0.103392
0.104269
0.054248
0.073569
0.119933
0.121453
0.121783
0.114334
0.079376
0.103868
0.103611
0.078489
0.060969
0.121304
0.122311
0.121279
0.121562
0.065327
0.106617
0.109497
0.087349
0.050098
0.121539
0.122370
0.121978
0.120722
0.050843
0.112443
0.102941
0.108067
0.035731
0.111888
0.119204
0.122200
0.121822
0.073853
0.103528
0.102476
0.106563
0.056735
0.091295
0.121564
0.123818
0.120220
0.094511
0.102150
0.104419
0.108538
0.048990
0.084709
0.122417
0.122704
0.123950
0.065738
0.111348
0.101052
0.109472
0.043258
0.103204
0.121226
0.119617
0.121662
0.082649
0.098883
0.107824
0.104683
0.056540
0.115625
0.121520
0.121413
0.121078
0.070231
0.110651
0.092045
0.092249
0.033683
0.101287
0.106427
0.106064
0.105692
0.054519
0.089835
0.095686
0.096359
0.043432
0.095687
0.109567
0.109483
0.109658
0.071548
0.095137
0.093093
0.096877
0.043321
0.101188
0.122240
0.122374
0.122005
0.079011
0.102155
0.104820
0.111635
0.052197
0.086215
0.123837
0.120414
0.119668
0.103051
0.096332
0.100267
0.103163
0.069320
0.063968
0.125180
0.121398
