0.015721
0.102505
0.078529
0.057663
0.122213
0.120763
0.120492
0.121337
0.069206
0.103612
0.105965
0.091584
0.039855
0.121191
0.120532
0.119309
0.121855
0.057932
0.111388
0.097899
0.107857
0.043840
0.097521
0.122145
0.122028
0.120728
0.087342
0.099004
0.105951
0.110970
0.049609
0.085033
0.122267
0.121683
0.121428
0.099164
0.093264
0.099477
0.101177
0.071245
0.054567
0.121008
0.118700
0.119308
0.121830
0.067130
0.108502
0.100091
0.097753
0.041468
0.119670
0.121583
0.121922
0.121593
0.058054
0.111904
0.102712
0.108014
0.040251
0.099897
0.122498
0.122119
0.122447
0.081699
0.103155
0.102172
0.107989
0.050116
0.080232
0.122363
0.121653
0.121889
0.102493
0.097136
0.106832
0.100314
0.059631
0.110646
0.120620
0.118683
0.119301
0.079072
0.105263
0.104647
0.107886
0.047890
0.102622
0.121302
0.122169
0.120995
0.084244
0.102921
0.103468
0.108042
0.047997
0.071107
0.121171
0.117525
0.121992
0.117916
0.078020
0.100479
0.104392
0.085156
0.050476
0.121904
0.123698
0.121747
0.121745
0.049780
0.106454
0.109064
0.101000
0.039987
0.115965
0.122083
0.119616
0.122244
0.062379
0.102486
0.102244
0.104381
0.049475
0.076838
0.122303
0.118540
0.119848
0.114776
0.069416
0.100578
0.099305
0.090255
0.036487
0.109249
0.120525
0.120734
0.118698
0.068442
0.099611
0.102263
0.107751
0.049016
0.066020
0.122945
0.121521
0.118939
0.114867
0.044403
0.114209
0.098698
0.102624
0.040791
0.119270
0.122026
0.120014
0.122173
0.054360
0.104423
0.105937
0.100339
0.049098
0.078080
0.122275
0.118590
0.121966
0.107694
0.071485
0.089452
0.093213
0.059773
0.089321
0.106188
0.105767
0.106362
0.071585
0.084852
0.094677
0.090254
0.055190
0.075824
0.110203
0.109417
0.109679
0.090947
0.067145
0.091739
0.092412
0.075747
0.088078
0.117340
0.119548
0.118592
0.093405
0.095505
0.104029
0.100290
0.059329
0.092502
0.119331
0.118955
0.119659
0.084746
0.094745
0.104451
0.099554
0.061163
0.106717
0.120458
0.119056
0.119066
0.075651
0.106100
0.094121
0.102942
0.054060
0.082067
0.118310
0.119880
0.118568
0.096588
0.093306
0.100711
0.099839
0.066232
0.097717
0.121976
0.118903
0.120580
0.081383
0.101876
0.105608
0.108257
0.044213
0.113457
0.119875
0.120624
0.120157
0.068881
0.106322
0.102486
0.104858
0.049712
0.093753
0.121917
0.119339
0.121932
0.084321
0.084958
0.098783
0.100333
0.072340
0.110970
0.119790
0.121117
0.117148
0.079601
0.107726
0.106264
0.102802
0.045641
0.080887
0.119801
0.121862
0.122066
0.105219
0.089813
0.101179
0.102642
0.073474
0.056510
0.120570
0.118921
0.121494
0.122556
0.063475
0.108591
0.111015
0.090336
0.074011
0.122174
0.122229
0.119838
0.111607
0.075071
0.103018
0.100359
0.081835
0.048167
0.118617
0.118642
0.118412
0.122230
0.052139
0.113391
0.102943
0.108592
0.043044
0.109098
0.119975
0.121533
0.118903
0.078524
0.108800
0.101879
0.102826
0.049770
0.086274
0.121639
0.121024
0.120103
0.099606
0.093132
0.101863
0.109545
0.065853
0.111460
0.119859
0.118874
0.119894
0.080382
0.104453
0.101762
0.104262
0.048894
0.093132
0.122178
