0.019673
0.108044
0.101746
0.099636
0.044332
0.122502
0.121171
0.120518
0.121209
0.060211
0.109246
0.106609
0.095336
0.046573
0.122068
0.122369
0.121090
0.119906
0.056308
0.107636
0.103647
0.103575
0.038957
0.110286
0.121578
0.121296
0.121548
0.067984
0.112318
0.100196
0.110504
0.037516
0.110236
0.121453
0.121923
0.121970
0.065264
0.115687
0.101653
0.109742
0.041648
0.121285
0.121378
0.121420
0.121556
0.054352
0.111672
0.106092
0.102240
0.039161
0.120704
0.120605
0.122471
0.121192
0.059839
0.109308
0.106286
0.101372
0.050714
0.122209
0.121652
0.121465
0.122995
0.065748
0.103345
0.106503
0.089358
0.040454
0.122920
0.121916
0.121615
0.122649
0.060051
0.109958
0.099532
0.097490
0.058810
0.121893
0.121006
0.122167
0.117000
0.076402
0.105735
0.098984
0.078789
0.065124
0.122490
0.121674
0.121830
0.111891
0.081295
0.102740
0.099526
0.080265
0.116563
0.123567
0.121004
0.121017
0.061394
0.114300
0.102720
0.108983
0.039999
0.123061
0.121770
0.121484
0.123057
0.063398
0.114442
0.107156
0.091758
0.066044
0.122335
0.122964
0.123185
0.111405
0.100427
0.110111
0.114361
0.042664
0.123164
0.127966
0.124040
0.121973
0.066345
0.109413
0.107348
0.085646
0.062964
0.124039
0.121673
0.123956
0.111811
0.096632
0.106648
0.103145
0.060065
0.100735
0.124124
0.124174
0.123329
0.072554
0.113587
0.107183
0.108170
0.046361
0.123917
0.122002
0.121767
0.124839
0.106446
0.105381
0.114628
0.041421
0.117035
0.124936
0.125995
0.124106
0.081179
0.103803
0.104948
0.074654
0.085443
0.124855
0.125742
0.126288
0.069660
0.114185
0.109855
0.090631
0.059102
0.124149
0.123398
0.121629
0.104172
0.102414
0.104179
0.110395
0.049230
0.112357
0.123192
0.123363
0.124621
0.061188
0.113078
0.105104
0.107327
0.048208
0.122658
0.124339
0.123662
0.122800
0.075374
0.101001
0.104779
0.083607
0.096603
0.122866
0.124741
0.124833
0.083971
0.116331
0.104959
0.109884
0.044726
0.123043
0.123390
0.123076
0.123598
0.080813
0.105856
0.101741
0.084601
0.110403
0.123291
0.121421
0.121080
0.066085
0.112419
0.100557
0.105139
0.040654
0.110079
0.122162
0.121360
0.119719
0.067614
0.111723
0.098845
0.107090
0.041835
0.110522
0.122189
0.121466
0.122855
0.067826
0.109569
0.101967
0.107584
0.041858
0.112970
0.122029
0.121216
0.122021
0.069263
0.110355
0.107423
0.105673
0.038707
0.117016
0.121866
0.120421
0.121424
0.058937
0.111414
0.104973
0.107424
0.041709
0.120972
0.121295
0.121394
0.122289
0.056318
0.108727
0.101213
0.107305
0.040978
0.121207
0.121240
0.121576
0.121785
0.066859
0.109233
0.108082
0.090439
0.059694
0.121987
0.121877
0.122155
0.118191
0.077182
0.110169
0.097252
0.078611
0.067156
0.122814
0.122324
0.121270
0.111124
0.093275
0.104413
0.101705
0.064032
0.109042
0.121961
0.119425
0.122752
0.071808
0.111839
0.099958
0.110941
0.040811
0.112625
0.121387
0.121795
0.121919
0.067476
0.112700
0.102527
0.108062
0.039520
0.121890
0.122255
0.121436
0.123121
0.052040
0.108300
0.107341
0.104094
0.039637
0.121825
0.121971
0.122481
0.121551
0.061054
0.114497
0.104864
0.097103
0.077088
0.121072
0.120972
0.123096
0.097754
0.104434
0.104363
0.107003
0.043687
0.097178
0.121097
0.121806
0.123019
0.083778
0.111948
0.099967
0.107840
0.041805
0.112467
0.121755
0.122672
0.122092
0.064167
0.115669
0.103251
0.104318
0.039307
0.114249
0.122222
0.121992
0.122733
0.061454
0.110274
0.110142
0.106816
0.041268
0.116762
0.121558
0.122547
0.122310
0.068480
0.109471
0.107119
0.100672
0.046465
0.121500
0.121666
0.121577
0.122304
0.070866
0.103647
0.103937
0.090629
0.109859
0.123629
0.121431
0.121652
0.065316
0.109834
0.099141
0.109461
0.041044
0.111180
0.122439
0.121574
0.121561
0.067893
0.111903
0.104626
0.107441
0.040141
0.117872
0.121344
0.121244
0.121767
0.059763
0.107861
0.104395
0.106923
0.042769
0.121982
0.121524
0.120932
0.121038
0.056997
0.112409
0.102498
0.104579
0.040386
0.122268
0.122017
0.121194
0.122185
0.057787
0.108551
0.104463
0.102623
0.048160
0.122264
0.122336
0.122424
0.122173
0.056732
0.112065
0.106575
0.089457
0.051057
0.109775
0.106007
0.107037
0.105748
0.028543
0.099052
0.096102
0.080325
0.102582
0.111338
0.110175
0.110149
0.040418
0.099188
0.095119
0.088736
0.098249
0.110947
0.111367
0.110430
0.053166
0.108575
0.099109
0.105230
0.042161
0.114259
0.121479
0.121408
0.121733
0.069278
0.111780
0.107053
0.103717
0.057321
0.122392
0.122056
0.121007
0.121678
0.099514
0.106358
0.106457
0.055939
0.112002
0.121083
0.121456
0.121426
0.068960
0.111059
0.101638
0.108444
0.043181
0.121783
0.121292
0.123382
0.124179
0.073502
0.106360
0.104702
0.086486
0.049894
0.118506
0.119083
0.118587
0.123116
0.060088
0.110044
0.109314
0.089230
0.045914
0.121315
0.120073
0.121869
0.123053
0.052638
0.111504
0.106890
0.095839
0.057197
0.121114
0.121226
0.120728
0.121517
0.080744
0.106832
0.103301
0.074948
0.112492
0.123755
0.122805
0.119722
0.068517
0.109559
0.101454
0.105940
0.039541
0.115006
0.121451
0.122140
0.122191
0.061165
0.110143
0.108042
0.108314
0.042759
0.123854
0.121755
0.120967
0.122869
0.073078
0.103865
0.107368
0.087580
0.062067
0.123735
0.121398
0.121784
0.114018
0.095845
0.102738
0.101030
0.063067
0.110818
0.121507
0.122127
0.121952
0.066543
0.111032
0.099220
0.112820
0.042219
0.118526
0.122637
0.124024
0.124239
0.055828
0.109856
0.105882
0.102026
0.059646
0.120746
0.120633
0.122038
0.118528
0.091557
0.103743
0.110540
0.060318
0.109824
0.121545
0.123545
0.121199
0.068772
0.114582
0.104873
0.106132
0.039575
0.120587
0.122674
0.121519
0.123722
0.056915
0.113466
0.107856
0.095718
0.052351
0.122647
0.120680
0.122389
0.123291
0.082887
0.104861
0.107720
0.070864
0.079211
0.121372
0.123433
0.121153
0.097731
0.101015
0.105727
0.106563
0.051827
0.092743
0.122582
0.121812
0.121460
0.086462
0.103428
0.103513
0.112711
0.043181
0.113499
0.121876
0.123503
0.124213
0.059220
0.113188
0.102335
0.105865
0.042524
0.122437
0.122707
0.121541
0.123046
0.053360
0.108640
0.103990
0.104094
0.044505
0.121166
0.121297
0.122001
0.122538
0.055063
0.108914
0.102086
0.102963
0.039475
0.119193
0.121589
0.124182
0.122295
0.054993
0.111529
0.107821
0.103248
0.042152
0.123122
0.122461
0.120164
0.121694
0.062921
0.109872
0.110612
0.088671
0.061438
0.124771
0.123430
0.120867
0.114952
0.087755
0.103293
0.102775
0.069220
0.113404
0.122171
0.121134
0.120920
0.063148
0.111588
0.103710
0.107551
0.039919
0.120724
0.121663
0.121639
0.121252
0.054745
0.108552
0.105822
0.107457
0.043812
0.122516
0.122224
0.121889
0.122461
0.065190
0.106498
0.105049
0.088614
0.092941
0.121957
0.122740
0.122051
0.082639
0.103210
0.108614
0.111358
0.038368
0.110052
0.122236
0.121305
0.122025
0.068189
0.110629
0.103919
0.109024
0.040235
0.117502
0.121279
0.121807
0.122104
0.063404
0.111656
0.106921
0.102692
0.043215
0.123005
0.121564
0.124049
0.122990
0.058987
0.110097
0.102398
0.100782
0.041809
0.122750
0.121911
0.122975
0.121968
0.058967
0.113518
0.107654
0.091770
0.109200
0.123404
0.120134
0.124095
0.065221
0.111572
0.099993
0.112980
0.040243
0.117931
0.122352
0.121172
0.121792
0.057315
0.113274
0.108024
0.099128
0.058241
0.122598
0.122137
0.122253
0.121156
0.093802
0.102441
0.108514
0.059884
0.091321
0.121420
0.122549
0.121430
0.091208
0.105539
0.106245
0.105172
0.044600
0.094353
0.121821
0.121728
0.124055
0.081103
0.109006
0.104110
0.108059
0.041434
0.102733
0.122032
0.123138
0.122222
0.074121
0.113737
0.105569
0.109212
0.041052
0.118881
0.121891
0.121630
0.122397
0.065446
0.107510
0.108643
0.093856
0.041574
0.103628
0.122063
0.121548
0.121970
0.074343
0.116239
0.096844
0.108072
0.040957
0.109039
0.121592
0.122816
0.122121
0.070884
0.111375
0.099077
0.104927
0.046159
0.110477
0.122240
0.121510
0.122974
0.062781
0.110933
0.100064
0.105395
0.044740
0.114422
0.122063
0.120950
0.122129
0.064330
0.109042
0.103516
0.108951
0.039424
0.116315
0.121804
0.122947
0.123845
0.063328
0.110592
0.107927
0.106673
0.050757
0.120972
0.121073
0.122739
0.121881
0.057100
0.109795
0.108952
0.089947
0.046513
0.122495
0.121485
0.121542
0.123879
0.061769
0.109873
0.105271
0.089036
0.064968
0.122836
0.121167
0.121542
0.111791
0.097060
0.106859
0.105184
0.057524
0.098586
0.121450
0.121965
0.122286
0.080446
0.113020
0.099587
0.107188
0.043087
0.109624
0.121845
0.122870
0.124005
0.064802
0.108561
0.098658
0.109497
0.041447
0.114389
0.121558
0.121212
0.121125
0.066766
0.109710
0.099729
0.107337
0.036695
0.103138
0.106927
0.105394
0.112152
0.034487
0.080836
0.092097
0.094531
0.034871
0.100465
0.111771
0.108824
0.108902
0.055013
0.094133
0.092873
0.098104
0.034704
0.102687
0.108766
0.108839
0.119563
0.068015
0.108725
0.103537
0.107282
0.048163
0.119323
0.121874
0.122638
0.121711
0.059820
0.111235
0.107985
0.103735
0.049393
0.122289
0.121863
0.122420
0.123562
0.078901
0.103108
0.099177
0.084134
0.104848
0.122012
0.121654
0.121725
0.078087
0.111215
0.108248
0.108289
0.041658
0.122409
0.121696
0.122985
0.123973
0.079612
0.104154
0.104298
0.084664
0.111406
0.122397
0.121032
0.121269
0.066440
0.111030
0.098821
0.111270
0.039582
0.119985
0.121635
0.122260
0.123519
0.053931
0.111311
0.106845
0.102518
0.040526
0.122489
0.123945
0.121537
0.121992
0.067680
0.110458
0.107522
0.087770
0.091983
0.122066
0.123097
0.122091
0.084346
0.109383
0.102214
0.110701
0.043671
0.094622
0.121540
0.121101
0.120821
0.088871
0.102681
0.105816
0.105987
0.048163
0.110070
0.123494
0.120113
0.120301
0.066240
0.114367
0.101699
0.108197
0.040767
0.117980
0.121913
0.121230
0.122723
0.055449
0.108927
0.102141
0.109089
0.038809
0.113753
0.121301
0.123566
0.124289
0.066396
0.111337
0.104382
0.106214
0.042950
0.122092
0.122659
0.121925
0.122858
0.058327
0.110710
0.108432
0.090090
0.060359
0.124240
0.122181
0.122280
0.116531
0.092576
0.108776
0.104260
0.061682
0.111690
0.123205
0.120836
0.120978
0.064543
0.110947
0.096838
0.106746
0.039659
0.103916
0.124447
0.121838
0.124889
0.070472
0.112632
0.109596
0.109355
0.048183
0.120029
0.122272
0.121635
0.122880
0.069940
0.106479
0.110693
0.083781
0.060206
0.124366
0.123814
0.121449
0.113924
0.090927
0.103656
0.106486
0.061296
0.082184
0.122128
0.124228
0.121012
0.094670
0.110097
0.101865
0.107850
0.044146
0.110214
0.124172
0.122171
0.121979
0.066481
0.110837
0.103788
0.109013
0.042010
0.122226
0.121815
0.123404
0.124476
0.061926
0.110502
0.103701
0.094418
0.053576
0.122806
0.122831
0.124250
0.118598
0.090093
0.106519
0.102957
0.065238
0.113811
0.119343
0.122801
0.124454
0.100584
0.105489
0.108255
0.048947
0.110400
0.124086
0.122693
0.123680
0.060819
0.109814
0.096641
0.107119
0.040881
0.113005
0.121649
0.122741
0.124159
0.066988
0.111585
0.101539
0.107213
0.041368
0.122330
0.121911
0.124227
0.122792
0.070240
0.107783
0.104273
0.093014
0.117691
0.122464
0.124370
0.123533
0.062659
0.110900
0.108453
0.101278
0.058527
0.122315
0.122053
0.127104
0.115996
0.093455
0.106008
0.102112
0.062893
0.115612
0.123428
0.123760
0.122324
0.067245
0.109271
0.103264
0.106886
0.035303
0.108765
0.108778
0.107168
0.108485
0.034759
0.093681
0.090466
0.085592
0.100093
0.112103
0.110520
0.112257
0.051931
0.103595
0.094038
0.094404
0.057341
0.111058
0.110199
0.121369
0.109173
0.083667
0.103889
0.101161
0.069866
0.061735
0.121876
0.121902
0.123217
0.110918
0.104591
0.103209
0.108291
0.047522
0.112136
0.121279
0.123650
0.120728
0.062838
0.110979
0.106575
0.108656
0.054167
0.120663
0.122061
0.122186
0.121592
0.097349
0.107204
0.105729
0.054844
0.118882
0.124449
0.121619
0.121770
0.063257
0.113195
0.106349
0.104784
0.067356
0.121063
0.121152
0.121668
0.113189
0.097264
0.096106
0.112531
0.064803
0.125225
0.125444
0.128075
0.124010
0.071033
0.106385
0.106836
0.087782
0.069399
0.122192
0.120585
0.121913
0.111260
0.094574
0.105456
0.100486
0.058694
0.095176
0.122426
0.121504
0.121352
0.082848
0.104224
0.107315
0.110130
0.041949
0.113106
0.123140
0.121691
0.123670
0.060848
0.114234
0.107896
0.101224
0.053101
0.121068
0.119281
0.119589
0.120493
0.073497
0.102335
0.102175
0.090016
0.111582
0.123260
0.122619
0.123489
0.062761
0.110741
0.103553
0.103972
0.049291
0.123265
0.121573
0.124858
0.122641
0.092560
0.101136
0.101163
0.070338
0.113978
0.122777
0.123759
0.122353
0.061817
0.113084
0.103676
0.100254
0.109591
0.122566
0.120827
0.120793
0.066674
0.109535
0.097115
0.110003
0.041938
0.108405
0.120355
0.121279
0.121265
0.069204
0.110938
0.099949
0.108307
0.037873
0.117354
0.121853
0.120305
0.121252
0.064157
0.112051
0.102732
0.103879
0.038495
0.120130
0.122139
0.121607
0.119785
0.049022
0.109907
0.106746
0.106614
0.040585
0.121221
0.121006
0.120778
0.122657
0.059693
0.104413
0.103107
0.095516
0.064842
0.121388
0.120994
0.121300
0.112610
0.098137
0.109140
0.109651
0.045169
0.115278
0.120833
0.118957
0.117879
0.064521
0.110823
0.104313
0.107390
0.077845
0.120587
0.121576
0.120273
0.099869
0.102524
0.104618
0.104403
0.049418
0.098575
0.122230
0.121415
0.126252
0.076761
0.110965
0.099197
0.104386
0.039434
0.112023
0.121413
0.118844
0.119884
0.072139
0.108909
0.101799
0.112197
0.039433
0.121181
0.120212
0.120821
0.121418
0.050039
0.104671
0.097806
0.107977
0.041688
0.112813
0.121529
0.119988
0.121787
0.063304
0.110145
0.100058
0.107424
0.038881
0.112416
0.118239
0.118830
0.120667
0.068569
0.111364
0.099297
0.109827
0.040496
0.116454
0.119393
0.121615
0.121575
0.064760
0.109942
0.102058
0.105001
0.037878
0.110596
0.121797
0.120923
0.121213
0.066356
0.110395
0.098645
0.106579
0.039903
0.117013
0.119430
0.119824
0.125011
0.058537
0.110130
0.101645
0.105687
0.034234
0.093094
0.119105
0.121255
0.120975
0.081753
0.111439
0.099609
0.105295
0.045012
0.108925
0.119569
0.120245
0.121536
0.072322
0.106886
0.099929
0.105382
0.045732
0.098398
0.120744
0.120169
0.121744
0.081881
0.111828
0.095651
0.109182
0.042718
0.114671
0.118524
0.120749
0.119896
0.068057
0.108901
0.098745
