0.017230
0.105409
0.103886
0.047618
0.104053
0.122226
0.122334
0.122554
0.082844
0.103616
0.105074
0.104252
0.055935
0.067543
0.120445
0.120429
0.120147
0.120391
0.067587
0.108178
0.110268
0.091616
0.039138
0.117712
0.122515
0.121051
0.122282
0.068418
0.102049
0.106179
0.107162
0.054322
0.083032
0.122750
0.122531
0.122813
0.107608
0.090812
0.106436
0.102140
0.073505
0.046936
0.120072
0.120524
0.120131
0.122591
0.059935
0.109748
0.105015
0.108865
0.044536
0.103153
0.122255
0.122642
0.122531
0.084726
0.104598
0.102906
0.107569
0.054554
0.061061
0.122954
0.122394
0.121964
0.120650
0.067679
0.108006
0.102702
0.097923
0.039838
0.113872
0.122581
0.119812
0.120391
0.081075
0.109908
0.102163
0.104324
0.051520
0.074677
0.120622
0.121917
0.118461
0.114712
0.079362
0.094429
0.106396
0.089591
0.038788
0.108698
0.122362
0.122357
0.122395
0.078245
0.103490
0.104910
0.103833
0.057829
0.082113
0.122827
0.119997
0.120103
0.109534
0.090802
0.106341
0.101014
0.076099
0.057554
0.123060
0.122603
0.122819
0.122838
0.062403
0.110087
0.105222
0.097066
0.039649
0.110070
0.122826
0.122610
0.122602
0.077621
0.103329
0.104277
0.107199
0.055308
0.112415
0.122289
0.122975
0.122208
0.079206
0.109423
0.100748
0.110614
0.049432
0.110601
0.122550
0.124915
0.120430
0.077303
0.103507
0.104618
0.107736
0.055095
0.100309
0.122361
0.121894
0.122327
0.089235
0.101510
0.106862
0.103164
0.058230
0.068139
0.120548
0.122334
0.119311
0.119805
0.064158
0.107351
0.104712
0.093744
0.038211
0.109681
0.122537
0.122474
0.120290
0.079399
0.105834
0.101649
0.107059
0.053813
0.066939
0.120126
0.120416
0.122415
0.120564
0.063185
0.108470
0.104928
0.095287
0.040068
0.116304
0.122337
0.122952
0.122406
0.069782
0.113964
0.103129
0.109392
0.042622
0.086581
0.121440
0.119690
0.117790
0.106623
0.080383
0.106093
0.097901
0.085362
0.060172
0.122275
0.122774
0.122590
0.122982
0.070653
0.105764
0.104299
0.095128
0.039019
0.110062
0.122571
0.121987
0.122279
0.075770
0.099249
0.107348
0.109369
0.055459
0.109227
0.122011
0.122528
0.119528
0.080875
0.103356
0.104721
0.103088
0.058198
0.073151
0.120272
0.107552
0.104706
0.103167
0.032878
0.096094
0.088637
0.093527
0.029037
0.101622
0.109180
0.110324
0.110297
0.058814
0.098378
0.091515
0.096847
0.039384
0.099461
0.110272
0.110262
0.109988
0.067450
0.093218
0.108016
0.101954
0.059221
0.078118
0.122863
0.122666
0.122293
0.105973
0.075047
0.110369
0.097016
0.086192
0.058033
0.122264
0.121346
0.120178
0.122150
0.059012
0.107456
0.103418
0.101520
0.044238
0.119794
0.121776
0.119959
0.122802
0.065465
0.113299
0.097809
0.107143
0.041512
0.080197
0.120660
0.122426
0.121032
0.104375
0.078192
0.101034
0.099519
0.091597
0.039535
0.119853
0.121999
0.119189
0.119490
0.060556
0.100880
0.100494
0.099119
0.063595
0.058041
0.119102
0.119878
0.121658
0.122519
0.065419
0.103130
0.102916
0.101479
0.044836
0.118950
0.119799
0.119942
0.119770
0.066169
0.107558
0.102247
0.105713
0.047628
0.079367
0.121763
0.120458
0.120552
0.111837
0.090520
0.105271
0.101204
0.073286
0.069964
0.122782
0.122544
0.122099
0.117539
0.073784
0.103773
0.102532
0.087255
0.042984
0.120160
0.118985
0.121317
0.120399
0.060680
0.114965
0.103295
0.104672
0.046049
0.078004
0.122445
0.119302
0.119365
0.108930
0.090419
0.101882
0.099035
0.074550
0.054287
0.122615
0.123174
0.117608
0.120233
0.050662
0.109134
0.104545
0.107989
0.036592
0.109051
0.119673
0.119026
0.119268
0.087128
0.105615
0.100101
0.106298
0.051677
0.067621
0.120007
0.119728
0.117579
0.122230
0.065996
0.105767
0.093016
0.077664
0.078602
0.107221
0.107086
0.106719
0.081330
0.056261
0.093196
0.096953
0.073058
0.053007
0.110245
0.110284
0.109614
0.110704
0.033518
0.098824
0.090760
0.096943
0.036322
0.093162
0.110621
0.118824
0.122826
0.082837
0.104893
0.102975
0.106848
0.053918
0.082060
0.122650
0.122010
0.120210
0.109559
0.083312
0.105742
0.096704
0.083518
0.048169
0.122348
0.122710
0.121882
0.123011
0.058216
0.108827
0.101906
0.108979
0.042168
0.102647
0.122650
0.122061
0.119869
0.088954
0.099246
0.107653
0.105190
0.055746
0.062858
0.118414
0.120405
0.122221
0.122804
0.069829
0.107828
0.104605
0.094030
0.036972
0.112368
0.122922
0.122707
0.122103
0.076486
0.102801
0.104859
0.103148
0.058232
0.084538
0.119932
0.120285
0.120250
0.110555
0.086252
0.107273
0.101621
0.078000
0.098933
0.118836
0.119552
0.120234
0.096248
0.096081
0.105073
0.102764
0.064929
0.053322
0.119872
0.121874
0.122259
0.122944
0.057316
0.112274
0.104425
0.106272
0.038834
0.107601
0.122453
0.122332
0.122327
0.082365
0.102112
0.104606
0.105133
0.054798
0.053802
