0.014285
0.120779
0.122347
0.071103
0.113945
0.099447
0.106102
0.045431
0.112725
0.122519
0.121189
0.120182
0.066985
0.112468
0.103074
0.106016
0.046660
0.112928
0.120467
0.120057
0.120656
0.070515
0.103792
0.101767
0.107681
0.048931
0.112289
0.121254
0.119629
0.119986
0.073213
0.115871
0.099243
0.107366
0.041540
0.107622
0.121429
0.118666
0.120810
0.072615
0.108024
0.104026
0.110431
0.046089
0.112860
0.122894
0.121320
0.119111
0.076817
0.112038
0.106640
0.102449
0.040446
0.111044
0.120545
0.120334
0.119600
0.073002
0.112141
0.100060
0.106501
0.039693
0.105992
0.120284
0.121077
0.120962
0.080208
0.104169
0.101817
0.106198
0.050395
0.076068
0.120490
0.120900
0.120146
0.108486
0.088915
0.102724
0.104382
0.066875
0.076365
0.123144
0.119946
0.119653
0.108252
0.100170
0.105372
0.105770
0.055809
0.076872
0.120173
0.119481
0.120271
0.107652
0.089423
0.103057
0.102032
0.068922
0.111830
0.123319
0.121037
0.122762
0.069211
0.110327
0.097564
0.110376
0.034619
0.094687
0.106211
0.108311
0.105689
0.057342
0.092627
0.097291
0.099860
0.071762
0.110063
0.109121
0.109161
0.092052
0.066307
0.093117
0.095450
0.066443
0.091520
0.109169
0.109360
0.109488
0.072349
0.096515
0.105834
0.110104
0.048391
0.081894
0.121112
0.120572
0.121283
0.105288
0.097101
0.105195
0.103572
0.063877
0.080858
0.120869
0.120663
0.120915
0.106233
0.098966
0.108277
0.108111
0.057908
0.102606
0.120856
0.120232
0.120276
0.084533
0.103479
0.100561
0.106776
0.051744
0.086391
0.121598
0.122351
0.121300
0.097237
0.090718
0.098093
0.102575
0.071882
0.066167
0.121915
0.119573
0.121070
0.117024
0.074527
0.102409
0.100590
0.086488
0.060297
0.120720
0.120791
0.120572
0.120335
0.064660
0.104956
0.108551
0.093347
0.058730
0.121354
0.122794
0.119665
0.121174
0.061873
0.103582
0.103341
0.097044
0.060423
0.121284
0.120295
0.120136
0.122083
0.076552
0.099582
0.105226
0.087751
0.069488
0.122871
0.121838
0.123205
0.111209
0.099795
0.103384
0.100746
0.064462
0.079997
0.121769
0.121314
0.122274
0.104074
0.094623
0.101670
0.103575
0.064737
0.071075
0.121583
0.122583
0.120535
0.114743
0.090040
0.098676
0.102822
0.072734
0.054444
0.122640
0.121869
0.121515
0.120697
0.071315
0.106172
0.107662
0.089738
0.047364
0.120539
0.121641
0.121309
0.123178
0.050936
0.109621
0.101331
0.107396
0.043346
0.112439
0.121190
0.122560
0.122113
0.070982
0.104743
0.104609
0.104629
0.048631
0.092669
0.122909
0.121256
0.121310
0.094140
0.102717
0.102903
0.107337
0.052162
0.102411
0.121521
0.120575
0.120477
0.084853
0.103760
0.099757
0.108512
0.052140
0.093093
0.121766
0.121132
0.121073
0.096663
0.098911
0.107303
0.107495
0.054077
0.110825
0.122456
0.120977
0.121383
0.076881
0.104711
0.102653
0.110137
0.048919
0.112413
0.123123
0.123716
0.123534
0.065605
0.111304
0.106558
0.109796
0.041653
0.116447
0.120892
0.121276
0.121192
0.069497
0.112598
0.101407
0.108859
0.042742
0.102980
0.118572
0.119963
0.120684
0.086586
0.106284
0.106988
0.103752
0.048354
0.108699
0.120374
0.122733
0.121007
0.072033
0.109601
0.101448
0.107588
0.047142
0.097888
0.122204
0.121230
0.121040
0.087599
0.104545
0.101942
0.108332
0.052774
0.110879
0.120457
0.119982
0.121431
0.076337
0.104390
0.104898
0.103853
0.048892
0.081061
0.120437
0.120514
0.120149
0.104167
0.087878
0.103569
0.102390
0.072249
0.073978
0.121099
0.121083
0.120585
0.110203
0.083290
0.107420
0.106316
0.070101
0.074431
0.121818
0.120953
0.120292
0.111547
0.090564
0.097334
0.098424
0.080317
0.069762
0.122823
0.120644
0.121202
0.115351
0.079914
0.106911
0.101102
0.079684
0.063857
0.121054
0.121534
0.121519
0.119406
0.066271
0.102428
0.105500
0.094586
0.066561
0.120857
0.120595
0.121116
0.119138
0.077327
0.101959
0.102643
0.084151
0.043220
0.121008
0.124380
0.121760
0.123680
0.062518
0.110833
0.100723
0.101784
0.044411
0.120950
0.121956
0.120755
0.121132
0.056469
0.111475
0.102309
0.106409
0.038892
0.105336
0.122509
0.122165
0.120683
0.079097
0.109127
0.102025
0.107180
0.047701
0.105863
0.121297
0.121044
0.121750
0.079859
0.108417
0.101642
0.107673
0.044928
0.080077
0.121668
0.120040
0.123313
0.103884
0.091233
0.100030
0.101346
0.070184
0.060457
0.122105
0.120243
0.120104
0.121636
0.070755
0.105247
0.104158
0.086633
0.037680
0.121524
0.120504
0.121032
0.121427
0.059457
0.111594
0.107975
0.107522
0.039581
0.116045
0.120247
0.121988
0.120690
0.068510
0.108452
0.098620
0.107710
0.050228
0.110361
0.122416
0.122933
0.121714
0.069829
0.113491
0.100733
0.107165
0.042604
0.112664
0.121366
0.122537
0.123060
0.069249
0.111593
0.104887
0.109209
0.041112
0.117027
0.122309
0.122838
0.121331
0.064773
0.112573
0.102191
0.106956
0.042103
0.109886
0.122772
0.122946
0.122816
0.071702
0.113880
0.106342
0.107982
0.041621
0.113435
0.120781
0.119800
0.120165
0.071648
0.113483
0.098644
0.109327
0.044320
0.103552
0.120170
0.121741
0.120321
0.084049
0.103564
0.099843
0.105678
0.051996
0.069453
0.123682
0.122717
0.123660
0.107674
0.078614
0.103928
0.101987
0.078464
0.065603
0.121510
0.121831
0.121020
0.120039
0.070236
0.102629
0.103156
0.088280
0.047769
0.121757
0.120417
0.120863
0.121532
0.064643
0.111304
0.098599
0.102654
0.040524
0.119432
0.120837
0.121333
0.121516
0.064984
0.107585
0.101726
0.114740
0.041797
0.112615
0.122892
0.122591
0.122708
0.068729
0.114285
0.100827
0.107359
0.041249
0.111682
0.122032
0.122192
0.122159
0.070302
0.113861
0.106360
0.109547
0.039993
0.114786
0.123435
0.122324
0.122845
0.066099
0.110950
0.107048
0.107531
0.039879
0.112843
0.121604
0.123314
0.122266
0.063446
0.114045
0.106424
0.109985
0.040777
0.116271
0.121250
0.120804
0.121085
0.070288
0.113780
0.101194
0.107089
0.042097
0.111635
0.123350
0.121980
0.121130
0.070576
0.114390
0.101137
0.106555
0.042561
0.112365
0.122768
0.121760
0.121535
0.073023
0.114898
0.100928
0.107434
0.035036
0.098306
0.106824
0.106530
0.105341
0.054229
0.096311
0.087915
0.101277
0.034871
0.109141
0.108661
0.109292
0.109395
0.047576
0.098095
0.094646
0.098028
0.035400
0.098660
0.109955
0.120089
0.121214
0.073538
0.106843
0.101900
0.103426
0.049015
0.086614
0.120598
0.120771
0.120981
0.097457
0.092219
0.100919
0.100628
0.071405
0.049799
0.120952
0.122318
0.121999
0.121728
0.062187
0.107416
0.105228
0.096607
0.039489
0.120023
0.121356
0.121633
0.120472
0.064397
0.109868
0.101150
0.107155
0.043888
0.114171
0.120719
0.121206
0.121117
0.073968
0.111640
0.105425
0.106947
0.048805
0.115075
0.121181
0.120190
0.121865
0.070318
0.113580
0.106817
0.110003
0.038979
0.112189
0.121081
0.120961
0.121258
0.074561
0.109209
0.100296
0.107732
0.040579
0.109780
0.120798
0.121520
0.121393
0.076647
0.107766
0.106535
0.112038
0.039995
0.111825
0.121496
0.122132
0.122016
0.069682
0.106011
0.101910
0.107625
0.047462
0.109940
0.121017
0.122348
0.123421
0.070290
0.112426
0.102121
0.106329
0.042717
0.109215
0.120985
0.120410
0.120702
0.077264
0.103739
0.106030
0.103593
0.049539
0.080528
0.121950
0.120703
0.122994
0.104352
0.081873
0.103149
0.100383
0.079349
0.070864
0.123267
0.120952
0.122751
0.111821
0.091314
0.101559
0.104847
