0.018192
0.101152
0.050612
0.092694
0.091232
0.065686
0.107206
0.106668
0.106865
0.094881
0.063704
0.085418
0.092066
0.043035
0.106931
0.106354
0.106714
0.101883
0.056687
0.091933
0.094181
0.029026
0.097781
0.106552
0.106878
0.107070
0.038508
0.095428
0.094823
0.086196
0.096810
0.104629
0.104990
0.106937
0.054350
0.099692
0.088886
0.089951
0.101292
0.110438
0.106839
0.105819
0.034529
0.096143
0.088156
0.088020
0.088554
0.106297
0.105793
0.106068
0.048510
0.095816
0.091130
0.083966
0.089133
0.106084
0.106647
0.106346
0.033747
0.094693
0.090969
0.090755
0.107088
0.105797
0.106486
0.080937
0.095263
0.092901
0.062782
0.094298
0.105458
0.104554
0.106083
0.047752
0.090077
0.089528
0.093251
0.103912
0.106877
0.105147
0.105979
0.047484
0.096975
0.089572
0.076543
0.106405
0.106414
0.106441
0.107387
0.034596
0.094898
0.091147
0.082546
0.095183
0.106180
0.105557
0.106731
0.041889
0.098950
0.089103
0.088313
0.084727
0.105488
0.106058
0.105266
0.050571
0.089376
0.088436
0.092402
0.031228
0.106425
0.105600
0.106034
0.106220
0.029341
0.095236
0.093626
0.086910
0.095827
0.105406
0.106263
0.106391
0.048172
0.100269
0.085966
0.083817
0.095975
0.106103
0.105629
0.105494
0.035018
0.099480
0.091406
0.084871
0.095298
0.106181
0.104910
0.105434
0.034614
0.095766
0.089279
0.089265
0.096846
0.106277
0.106883
0.084812
0.079279
0.091493
0.086002
0.096156
0.106075
0.105605
0.106637
0.037518
0.094233
0.095137
0.081426
0.088860
0.105962
0.105423
0.106239
0.055503
0.089810
0.092993
0.089819
0.097821
0.105824
0.106503
0.106180
0.033755
0.096697
0.093047
0.073215
0.106162
0.106736
0.105623
0.103732
0.045429
0.096068
0.092828
0.053532
0.106153
0.106848
0.105180
0.106683
0.032735
0.094039
0.091786
0.084530
0.089367
0.105420
0.106451
0.106873
0.046029
0.089223
0.089157
0.094189
0.029395
0.101733
0.106613
0.105171
0.105875
0.040063
0.097412
0.089118
0.090237
0.082607
0.106158
0.109387
0.105870
0.049433
0.088982
0.089726
0.092819
0.028761
0.105314
0.106655
0.106142
0.105477
0.032005
0.098249
0.092607
0.084967
0.095533
0.105994
0.105585
0.106528
0.032974
0.099462
0.091646
0.085675
0.096835
0.106896
0.105899
0.105823
0.029644
0.095450
0.096512
0.082688
0.100914
0.106928
0.107030
0.106648
0.043460
0.098075
0.089331
0.090516
0.083325
0.105699
0.106676
0.107554
0.057245
0.090782
0.090292
0.094043
0.031390
0.106422
0.105886
0.106904
0.107402
0.032836
0.098933
0.093435
0.081388
0.095282
0.106720
0.107014
0.105701
0.051889
0.090282
0.090966
0.093583
0.034977
0.105890
0.107531
0.106408
0.106535
0.034670
0.096764
0.089122
0.084132
0.096520
0.106694
0.107222
0.106981
0.029898
0.096188
0.097100
0.053345
0.106535
0.106832
0.107708
0.073428
0.090270
0.089350
0.057101
0.094213
0.106959
0.107026
0.105537
0.094825
0.091751
0.068331
0.095473
0.108283
0.107192
0.087811
0.074308
0.092383
0.071246
0.106862
0.107636
0.106509
0.055260
0.094367
0.095477
0.036077
0.108939
0.105819
0.111719
0.062202
0.097620
0.086369
0.083210
0.095408
0.107429
0.107983
0.106793
0.092395
0.095012
0.095904
0.087695
0.107677
0.107204
0.106857
0.066225
0.094860
0.095710
0.034729
0.101431
0.106006
0.112285
0.107130
0.049267
0.094956
0.092328
0.064734
0.095065
0.106755
0.106783
0.108220
0.038683
0.096263
0.093602
0.071584
0.094917
0.106826
0.107264
0.106548
0.051234
0.099686
0.090286
0.090426
0.097882
0.107196
0.106883
0.107270
0.048700
0.100228
0.090620
0.089402
0.091485
0.106893
0.107277
0.107411
0.056064
0.099970
0.094038
0.074043
0.095693
0.106948
0.106755
0.107185
0.047825
0.099083
0.089737
0.090610
0.095929
0.107213
0.107568
0.107033
0.044705
0.099841
0.089851
0.079221
0.107050
0.108238
0.107055
0.105980
0.046491
0.092082
0.088781
0.062142
0.094972
0.107052
0.106128
0.106985
0.040999
0.093557
0.088930
0.097523
0.090394
0.107219
0.107872
0.109081
0.050726
0.090120
0.088582
0.089671
0.095185
0.106933
0.107118
0.106879
0.048622
0.099470
0.090750
0.082158
0.097074
0.107522
0.105803
0.107678
0.083402
0.097106
0.095470
0.035978
0.106992
0.106261
0.106045
0.106870
0.030993
0.096582
0.089891
0.083903
0.098904
0.106737
0.106130
0.106706
0.034128
0.095165
0.086714
0.083535
0.095883
0.105618
0.106169
0.105386
0.053498
0.091069
0.088467
0.093463
0.030344
0.105981
0.106567
0.106729
0.103422
0.101199
0.089314
0.090169
0.084137
0.106715
0.106755
0.105909
0.060072
0.092023
0.090130
0.098357
0.031408
0.107160
0.106146
0.106965
0.087155
0.096602
0.092563
0.074355
0.095404
0.107041
0.107007
0.106524
0.065338
0.092685
0.089162
0.056106
0.106563
0.107980
0.106599
0.107101
0.029796
0.099254
0.093018
0.084052
0.084707
0.106669
0.106656
0.105990
0.056804
0.092747
0.088572
0.094548
0.033430
0.108862
0.107349
0.106864
0.103156
0.043477
0.095302
0.096661
0.071956
0.094475
0.105684
0.107636
0.107651
0.042461
0.099527
0.089687
0.090289
0.090145
0.106722
0.105780
0.105788
0.053727
0.098058
0.093795
0.073137
0.106200
0.107374
0.108017
0.099676
0.091074
0.092238
0.096918
0.091381
0.106429
0.106145
0.107510
0.033771
0.094451
0.093024
0.084639
0.107400
0.107553
0.109652
0.107233
0.035738
0.093846
0.093487
0.083398
0.096422
0.109737
0.106080
0.107621
0.031019
0.096111
0.089874
0.089516
0.082617
0.105472
0.106942
0.105640
0.064299
0.098306
0.088516
0.084269
0.095734
0.107560
0.105780
0.104761
0.049002
0.089078
0.090195
0.074413
0.098957
0.106377
0.107059
0.094234
0.054719
0.090980
0.089109
0.067458
0.096245
0.105353
0.107186
0.107228
0.034642
0.095736
0.088909
0.090070
0.102423
0.105485
0.106489
0.106802
0.034236
0.095281
0.089072
0.083272
0.099539
0.108384
0.105407
0.107588
0.045504
0.091974
0.091406
0.095134
0.085193
0.105649
0.107162
0.106534
0.060615
0.091549
0.088960
0.095897
0.030616
0.106485
0.105963
0.105130
0.106117
0.030874
0.094419
0.090230
0.074892
0.106154
0.105525
0.106596
0.106761
0.028236
0.094776
0.089972
0.090296
0.089083
0.106201
0.106208
0.105633
0.058099
0.091092
0.088987
0.092704
0.030091
0.109007
0.104890
0.107617
0.105191
0.029416
0.096856
0.091132
0.088633
0.093098
0.106275
0.109572
0.107337
0.049328
0.090000
0.090438
0.093530
0.029473
0.098135
0.107307
0.106358
0.105432
0.048105
0.094376
0.089529
0.096289
0.065096
0.105913
0.107415
0.107404
0.080643
0.074423
0.089777
0.089303
0.048602
0.100071
0.105789
0.105670
0.107115
0.032692
0.097500
0.093410
0.085041
0.095965
0.105389
0.107025
0.106666
0.031541
0.096756
0.092988
0.083308
0.099509
0.107646
0.105936
0.106137
0.044170
0.089561
0.091097
0.094205
0.031897
0.105732
0.106422
0.106679
0.105862
0.033885
0.100435
0.093187
0.084887
0.096218
0.106638
0.105167
0.105997
0.052782
0.090206
0.090250
0.094327
0.103803
0.105750
0.108778
0.107766
0.035370
0.097162
0.090542
0.089257
0.069561
0.107439
0.105053
0.106640
0.076833
0.078002
0.091569
0.095865
0.037273
0.098807
0.105848
0.105247
0.105150
0.031366
0.095093
0.092673
0.084929
0.095980
0.105432
0.106571
0.105808
0.053107
0.091300
0.093106
0.095294
0.090083
0.106835
0.106715
0.106829
0.055993
0.094448
0.089531
0.095473
0.064221
0.105716
0.106160
0.105990
0.078074
0.082460
0.092234
0.096055
0.034253
0.106537
0.107298
0.106775
0.106292
0.048777
0.089864
0.096532
0.068712
0.106198
0.105806
0.105207
0.103859
0.041277
0.092395
0.093350
0.067449
0.095831
0.106870
0.106239
0.109881
0.047197
0.093201
