0.013946
0.107207
0.105746
0.064717
0.079896
0.086849
0.092820
0.051455
0.089939
0.105615
0.105883
0.106010
0.070254
0.075102
0.091541
0.092997
0.051217
0.087988
0.105987
0.105912
0.105359
0.069832
0.066756
0.054167
0.086441
0.092926
0.032228
0.097644
0.106104
0.106075
0.105881
0.061158
0.083158
0.093773
0.095492
0.040562
0.101496
0.105623
0.105903
0.105451
0.057915
0.090439
0.093252
0.094516
0.034102
0.094135
0.106158
0.105730
0.105777
0.063745
0.091039
0.093689
0.092231
0.036859
0.098473
0.105535
0.105915
0.108501
0.057852
0.085965
0.093559
0.093221
0.039619
0.094691
0.105684
0.106171
0.105731
0.064838
0.091209
0.093691
0.091860
0.036602
0.096040
0.105474
0.104723
0.105755
0.063806
0.081448
0.091181
0.086453
0.051051
0.083894
0.105622
0.106022
0.105485
0.074107
0.074241
0.093375
0.093270
0.052134
0.095087
0.105685
0.105674
0.105903
0.064062
0.079453
0.086518
0.093145
0.051474
0.088018
0.106440
0.105980
0.105832
0.070603
0.070752
0.092595
0.092793
0.056099
0.096008
0.104479
0.104938
0.105843
0.063502
0.081464
0.093450
0.093375
0.043628
0.095005
0.107990
0.105866
0.105661
0.062875
0.085810
0.090967
0.094927
0.041974
0.095643
0.106458
