0.019373
0.094156
0.107222
0.106426
0.106993
0.074555
0.083476
0.090435
0.092864
0.085106
0.105275
0.106788
0.105990
0.050136
0.093256
0.090563
0.064646
0.101446
0.106590
0.105167
0.106413
0.031966
0.094662
0.092851
0.052509
0.095122
0.106767
0.105252
0.106467
0.032403
0.097347
0.091472
0.077662
0.105574
0.106731
0.107085
0.074448
0.092197
0.090534
0.086293
0.094121
0.104871
0.105618
0.105189
0.050064
0.100970
0.090874
0.091564
0.086401
0.105388
0.106289
0.106601
0.058546
0.091361
0.090568
0.092354
0.029732
0.099816
0.105164
0.105937
0.106875
0.041787
0.093152
0.090454
0.094110
0.030846
0.106362
0.105636
0.104428
0.104684
0.032676
0.097396
0.092505
0.082945
0.095002
0.105713
0.106955
0.106502
0.048829
0.094718
0.088927
0.095601
0.106571
0.106578
0.105734
0.106645
0.030828
0.096278
0.090247
0.089793
0.083295
0.106802
0.106302
0.106085
0.060692
0.090803
0.090091
0.093851
0.094963
0.106701
0.105100
0.106602
0.029468
0.099669
0.093422
0.084296
0.095287
0.105273
0.106557
0.107276
0.047363
0.099980
0.089854
0.089275
0.080917
0.108740
0.106263
0.105788
0.063368
0.096175
0.092625
0.071963
0.105449
0.106116
0.105976
0.094979
0.066685
0.089904
0.092486
0.051720
0.105869
0.105074
0.106327
0.068372
0.091199
0.088419
0.094975
0.031403
0.106277
0.107671
0.105229
0.093907
0.063653
0.087190
0.088564
0.062260
0.098364
0.107436
0.104807
0.105627
0.029848
0.094751
0.088579
0.079363
0.097383
0.106056
0.106982
0.106017
0.047433
0.095103
0.093123
0.079256
0.095326
0.105853
0.105511
0.106714
0.048194
0.093028
0.089548
0.096230
0.079844
0.105190
0.106943
0.106288
0.053169
0.094069
0.090804
0.094740
0.064995
0.105436
0.106995
0.105026
0.082561
0.076039
0.086400
0.092368
0.033688
0.099483
0.105920
0.106076
0.106694
0.046607
0.091437
0.090002
0.061972
0.099853
0.106503
0.105208
0.105515
0.035945
0.097094
0.090827
0.078762
0.085097
0.106708
0.106069
0.105757
0.056769
0.091678
0.089960
0.097083
0.048888
0.106515
0.105709
0.105621
0.096473
0.063804
0.094325
0.091830
0.051537
0.098640
0.107421
0.106205
0.106318
0.079906
0.091463
0.096347
0.036206
0.094967
0.105206
0.106722
0.101032
0.055841
0.092120
0.095712
0.037674
0.105454
0.105584
0.106181
0.106696
0.042856
0.093986
0.095747
0.067569
0.098798
0.106741
0.105243
0.105241
0.046236
0.092628
0.088826
0.095473
0.080171
0.105528
0.106745
0.106263
0.064215
0.091699
0.090269
0.094047
0.027732
0.099601
0.104951
0.106003
0.106888
0.029991
0.096449
0.090586
0.090188
0.084501
0.105880
0.105222
0.105478
0.063125
0.090495
0.093491
0.093852
0.038584
0.104912
0.106598
0.106319
0.106415
0.043949
0.091188
0.093125
0.073925
0.096765
0.106243
0.105399
0.104926
0.049350
0.093726
0.090313
0.068469
0.095238
0.105191
0.106352
0.106346
0.034045
0.096839
0.092111
0.085991
0.106590
0.106999
0.107987
0.089784
0.070490
0.095222
0.089115
0.048372
0.101656
0.105075
0.105972
0.107175
0.047254
0.097012
0.099612
0.063825
0.101354
0.106980
0.105207
0.106021
0.029101
0.090792
0.092593
0.075714
0.101541
0.106311
0.106394
0.106129
0.030789
0.094733
0.091893
0.080075
0.098888
0.106107
0.105337
0.106937
0.043874
0.099380
0.089660
0.090008
0.088321
0.106141
0.105513
0.105028
0.058790
0.089810
0.093711
0.095282
0.064281
0.105131
0.105222
0.104713
0.084494
0.076012
0.088012
0.089117
0.048884
0.098825
0.106873
0.106534
0.106674
0.041708
0.099636
0.089272
0.088825
0.099081
0.104787
0.109094
0.106088
0.045691
0.089200
0.089203
0.094740
0.031515
0.106601
0.106501
0.106935
0.106691
0.061683
0.086787
0.089327
0.062121
0.098340
0.105139
0.106540
0.106878
0.077745
0.095013
0.090554
0.067601
0.107055
0.106621
0.106108
0.065691
0.094005
0.094511
0.073838
0.105422
0.108132
0.106932
0.107357
0.044683
0.094990
0.097046
0.067919
0.099172
0.107332
0.107231
0.105912
0.049884
0.094578
0.092141
0.065247
0.101172
0.107362
0.107156
0.106597
0.049689
0.094757
0.091035
0.057279
0.100678
0.107508
0.106604
0.106483
0.036096
0.096344
0.093131
0.068222
0.096157
0.105730
0.106027
0.107083
0.049145
0.090336
0.092344
0.079704
0.095283
0.106629
0.107106
0.106545
0.048597
0.099960
0.089861
0.090465
0.097419
0.106472
0.106692
0.109586
0.033046
0.094200
0.090174
0.090442
0.087075
0.106123
0.107049
0.104835
0.058745
0.090596
0.089110
0.093222
0.030310
0.106299
0.105978
0.105077
0.106016
0.034329
0.095318
0.090389
0.089480
0.090547
0.106910
0.106305
0.106705
0.053786
0.093883
0.091893
0.093576
0.064714
0.106502
0.105435
0.105048
0.082622
0.098974
0.090599
0.092651
0.095491
0.108513
0.106821
0.105474
0.045990
0.094297
0.088198
0.083468
0.095232
0.106468
0.106388
0.105766
0.049503
0.090317
0.087182
0.095784
0.104904
0.106132
0.106204
0.106720
0.033564
0.095169
0.088464
0.065703
0.106819
0.106496
0.101920
0.078110
0.087222
0.088839
0.048218
0.094302
0.106533
0.107105
0.105675
0.046824
0.089339
0.089908
0.087259
0.099488
0.106627
0.106425
0.105641
0.044321
0.099084
0.097252
0.062749
0.094728
0.106065
0.106966
0.107382
0.028756
0.097447
0.090898
0.083694
0.096940
0.106731
0.107383
0.105825
0.028876
0.094189
0.090204
0.090655
0.095781
0.105405
0.106019
0.106224
0.037261
0.098670
0.091642
0.083282
0.095672
0.106093
0.106177
0.107260
0.047451
0.099432
0.092432
0.073924
0.106882
0.106495
0.107220
0.108137
0.044141
0.095657
0.088300
0.074981
0.101618
0.106359
0.106971
0.106841
0.042806
0.094219
0.090885
0.094503
0.047563
0.105657
0.106461
0.106779
0.090839
0.056913
0.088739
0.090030
0.066130
0.099178
0.106105
0.107531
0.106982
0.033710
0.094797
0.092810
0.084682
0.094869
0.105559
0.106451
0.106326
0.035959
0.095555
0.089924
0.090228
0.087342
0.106046
0.109469
0.106698
0.037932
0.096025
0.089882
0.089804
0.090253
0.105674
0.107400
0.107024
0.037052
0.096549
0.090571
0.082166
0.101732
0.106603
0.105868
0.105541
0.035403
0.093954
0.092781
0.083493
0.101770
0.109180
0.107312
0.107073
0.083309
0.092201
0.094644
0.035603
0.106089
0.106822
0.106364
0.106612
0.030844
0.094104
0.094144
0.073748
0.104097
0.107130
0.105602
0.106596
0.033068
0.094573
0.092006
0.063597
0.094428
0.106797
0.106747
0.106294
0.029636
0.095073
0.089552
0.088568
0.102751
0.106328
0.106140
0.106778
0.043568
0.098733
0.097452
0.067338
0.098302
0.105132
0.105256
0.107127
0.043953
0.099420
0.094456
0.068348
0.101087
0.106272
0.107151
0.105346
0.050054
0.092351
0.094601
0.051806
0.099078
0.106962
0.106575
0.106545
0.044214
0.089042
0.089659
0.084330
0.095215
0.105084
0.105753
0.107443
0.049299
0.099537
0.088594
0.089688
0.069351
0.106604
0.105419
0.105658
0.060364
0.091670
0.089441
0.094282
0.027813
