0.014246
0.106581
0.105740
0.071543
0.064739
0.086957
0.088063
0.068593
0.084348
0.107122
0.105852
0.105181
0.071493
0.067150
0.091222
0.092931
0.059468
0.078015
0.105937
0.105470
0.106044
0.079189
0.063875
0.088984
0.088179
0.068155
0.089504
0.105920
0.105333
0.105741
0.070716
0.071770
0.091847
0.093703
0.057349
0.095819
0.106158
0.105785
0.108090
0.061219
0.081371
0.091183
0.086325
0.051381
0.088922
0.105434
0.105888
0.106126
0.069526
0.080065
0.086302
0.093142
0.051479
0.096221
0.105082
0.105615
0.105422
0.063658
0.079599
0.086176
0.093114
0.051026
0.095806
0.105358
0.105821
0.105643
0.065478
0.086251
0.091410
0.095041
0.040176
0.094868
0.105903
0.105705
0.105424
0.063250
0.081724
0.090995
0.086378
0.051377
0.085177
0.105470
0.105582
0.105582
0.072744
0.076018
0.090567
0.092665
0.051643
0.088645
0.105493
0.105894
0.105742
0.070477
0.080016
0.086581
0.093349
0.050997
0.087819
0.106351
0.105515
0.105754
0.070234
0.079718
0.087341
0.092110
0.051417
0.096614
0.105346
0.105623
0.106055
0.064374
0.081620
0.090997
0.085951
0.051194
0.095799
0.106043
0.105378
0.105968
0.064413
0.083265
0.090216
0.085990
0.052034
0.088563
0.105849
0.105726
0.105995
0.070447
0.082185
0.090750
0.092702
0.045801
0.077816
0.106427
0.105636
0.105793
0.079781
0.063905
0.089985
0.087983
0.068329
0.095669
0.105720
0.106010
0.106006
0.063603
0.091493
0.093701
0.092588
0.035606
0.097174
0.105723
0.105937
0.106091
0.062613
0.083723
0.092921
0.095075
0.040160
0.094484
0.105930
0.106011
0.106266
0.063057
0.091660
0.093328
0.092214
0.036098
0.102291
0.108364
0.107380
0.105702
0.054270
0.091412
0.091047
0.091889
0.036099
0.095351
0.105486
0.105779
0.106129
0.064064
0.082736
0.090438
0.061898
0.074996
0.086025
0.105921
0.105757
0.105976
0.071508
0.080223
0.086389
0.093117
0.051006
0.088661
0.105748
0.105612
0.105454
0.070094
0.082180
0.091195
0.086160
0.051187
0.087862
0.105322
0.105529
0.105850
0.069823
0.075079
0.090527
0.093017
0.051430
0.085783
0.106172
0.106373
0.105738
0.071876
0.075931
0.090717
0.092631
0.051185
0.088060
0.106001
0.105892
0.106071
0.069338
0.074839
0.095542
0.087908
0.051056
0.095402
0.105841
0.106013
0.105661
0.064047
0.079421
0.092930
0.085732
0.052501
0.094379
0.105167
0.105587
0.105603
0.064224
0.081729
0.090271
0.086136
