0.014527
0.106142
0.105122
0.106232
0.069421
0.091887
0.092693
0.051087
0.106586
0.105576
0.105460
0.082046
0.097646
0.089808
0.090045
0.105541
0.106072
0.106614
0.106594
0.033758
0.094478
0.090413
0.037897
0.105708
0.105094
0.105521
0.097249
0.097790
0.089209
0.089466
0.105084
0.106802
0.106647
0.097301
0.098021
0.093010
0.078437
0.095356
0.106676
0.105631
0.098152
0.057769
0.088018
0.092449
0.051793
0.109377
0.106474
0.106075
0.088994
0.075275
0.091980
0.095714
0.107286
0.106485
0.105845
0.105996
0.028625
0.092176
0.095898
0.068304
0.095351
0.105946
0.105755
0.103149
0.048294
0.092957
0.093035
0.037070
0.105357
0.106984
0.106816
0.075004
0.083827
0.086181
0.093982
0.105889
0.107788
0.108831
0.089071
0.089402
0.089009
0.101568
0.101613
0.104856
0.107136
0.103276
0.100509
0.090803
0.073378
0.106139
0.106991
0.108234
0.097227
0.045786
0.092242
0.097878
0.054173
0.106108
0.105358
0.105264
0.083425
0.097385
0.093108
0.075887
0.099895
0.105517
0.105114
0.094720
0.057582
0.089694
0.089977
0.043154
0.103272
0.105309
0.106617
0.086354
0.065170
0.095637
0.093226
0.056509
0.107023
0.105007
0.106130
0.058860
0.090721
0.087853
0.083214
0.104127
0.106334
0.106043
0.106913
0.083970
0.091371
0.089072
0.079821
0.106354
0.105657
0.106728
0.036613
0.097321
0.093361
0.058012
0.097363
0.108230
0.106644
0.105726
0.079794
0.092794
0.091946
0.037652
0.106225
0.107802
0.106346
0.090635
0.066272
0.089047
0.088637
0.033956
0.098005
0.106342
0.106007
0.105745
0.049886
0.094782
0.094247
0.049141
0.101201
0.106821
0.107640
0.089144
0.072795
0.093748
0.093620
0.029371
0.107327
0.106846
0.106962
0.090064
0.065343
0.091522
0.097668
0.063392
0.107095
0.106720
0.107083
0.071154
0.090304
0.093606
0.084241
0.106454
0.107535
0.108855
0.092155
0.056828
0.086668
0.089547
0.049474
0.098795
0.108596
0.108241
0.105495
0.042838
0.099749
0.089862
0.089989
0.083421
0.105664
0.106158
0.105944
0.040802
0.093487
0.090297
0.096383
0.058734
0.105363
0.106374
0.104987
0.074242
0.077709
0.092103
0.090013
0.066912
0.105910
0.105051
0.105498
0.047956
0.099270
0.091895
0.040822
0.105631
0.106867
0.109155
0.071642
0.092524
0.094050
0.089196
0.080235
0.105948
0.106638
0.106653
0.030093
0.095238
0.089090
0.089281
0.085068
0.106857
0.106855
0.106764
0.084591
0.095607
0.096721
0.030602
0.106560
0.106461
0.105467
0.106999
0.033795
0.090562
0.095690
0.058219
0.106400
0.106965
0.107241
0.096489
0.073589
0.095119
0.082613
0.095832
0.105440
0.106040
0.106039
0.081616
0.091639
0.095022
0.034397
0.106461
0.106767
0.105676
0.107645
0.032941
0.093003
0.091335
0.061519
0.098390
0.107245
0.106498
0.108175
0.041717
0.089055
0.089906
0.093806
0.030975
0.105445
0.106333
0.105314
0.106156
0.032623
0.096453
0.089838
0.089599
0.089756
0.106027
0.106663
0.107211
0.036012
0.096101
0.090323
0.089499
0.090628
0.105670
0.105380
0.106275
0.032005
0.088388
0.089858
0.074383
0.095444
0.106281
0.106223
0.106476
0.047055
0.100147
0.089902
0.088153
0.098918
0.106209
0.105791
0.106200
0.043400
0.097264
0.093513
0.073204
0.100859
0.106996
0.106976
0.106363
0.043601
0.099712
0.093649
0.086821
0.085931
0.106109
0.106350
0.104980
0.058776
0.093306
0.092201
0.095597
0.038673
0.105124
0.106683
0.106025
0.087162
0.071278
0.093348
0.092592
0.028713
0.106326
0.105268
0.106086
0.106092
0.033596
0.092864
0.090966
0.085221
0.101847
0.107441
0.105078
0.105546
0.044712
0.093896
0.087705
0.095325
0.079216
0.105718
0.105754
0.106983
0.065417
0.090334
0.091969
0.094307
0.029843
0.106567
0.106668
0.105498
0.107006
0.035267
0.092967
0.093227
0.084156
0.098400
0.108012
0.105782
0.105454
0.047066
0.093404
0.090064
0.095897
0.086589
0.106942
0.107287
0.107103
0.058010
0.091431
0.090020
0.093447
0.032117
0.105682
0.107066
0.106789
0.105412
0.043257
0.095083
0.089289
0.074732
0.095937
0.106869
0.106530
0.107778
0.034065
0.093654
0.090738
0.089971
0.063057
0.105599
0.105677
0.106135
0.084466
0.079540
0.092011
0.094159
0.038253
0.100424
0.105458
0.106930
0.107850
0.036936
0.089329
0.092699
0.060251
0.099135
0.110051
0.106097
0.106737
0.030097
0.096921
0.093482
0.065326
0.102810
0.106083
0.106789
0.105202
0.093791
0.089380
0.099076
0.090128
0.106645
0.107868
0.105732
0.052368
0.100208
0.093946
0.086764
0.095173
0.108182
0.107441
0.108691
0.036498
0.101306
0.092735
0.084021
0.102115
0.107475
0.106767
0.107002
0.041826
0.099186
0.089174
0.084343
0.097433
0.105390
0.106590
0.106599
0.047760
0.090140
0.090679
0.094322
0.028553
0.101035
0.107090
0.106970
0.106483
0.034812
0.095492
0.093261
0.086056
0.094672
0.107729
0.107209
0.106490
0.032719
0.094133
0.089413
0.090101
0.079828
0.107023
0.105215
0.105428
0.071082
0.097029
0.092362
0.083291
0.106624
0.107009
0.106946
0.106402
0.045166
0.092163
0.089008
0.062881
0.099868
0.106181
0.106504
0.106645
0.041841
0.089120
0.094860
0.086952
0.094980
0.106069
0.107189
0.105629
0.048306
0.089623
0.089756
0.093916
0.029041
0.098697
0.106566
0.105902
0.105131
0.082813
0.090590
0.095019
0.034407
0.102559
0.107348
0.107445
0.107352
0.032251
0.093763
0.092684
0.086033
0.100479
0.105659
0.105221
0.105976
0.034550
0.094685
0.090325
0.090211
0.099013
0.109110
0.105923
0.107008
0.043212
0.090620
0.088714
0.093445
0.029676
0.106709
0.105668
0.106366
0.106131
0.049307
0.090312
0.095965
0.067009
0.101434
0.105794
0.105567
0.105305
0.044052
0.093889
0.087173
0.064500
0.094481
0.107048
0.107217
0.106050
0.046702
0.093903
0.093131
0.083454
0.096094
0.106415
0.107175
0.106489
0.047233
0.100252
0.089308
0.089263
0.096314
0.106177
0.107255
0.106277
0.043772
0.093814
0.088220
0.093258
0.073627
0.106670
0.106462
0.105301
0.073240
0.077034
0.092564
0.095099
0.031925
0.107074
0.107451
0.106293
0.106898
0.032917
0.093596
0.092072
0.084581
0.095432
0.106925
0.107062
0.108502
0.045287
0.094659
0.089545
0.095596
0.102099
0.106959
0.106462
0.106440
0.042915
0.099749
0.089712
0.089360
0.069510
0.107212
0.105281
0.107324
0.062310
0.091704
0.090199
0.091599
0.106852
0.105058
0.105102
0.105683
0.029429
0.095845
0.089806
0.084993
0.087727
0.107155
0.107090
0.108135
0.044543
0.093856
0.090799
0.094124
0.029963
0.106188
0.106671
0.105986
0.106184
0.033428
0.100074
0.091231
0.069541
0.099293
0.105848
0.106228
0.106198
0.028434
0.095237
0.091419
0.083906
0.103195
0.106439
0.105833
0.106780
0.036469
0.096773
0.089617
0.091117
0.101735
0.106452
0.110103
0.105955
0.037227
0.095531
0.094654
0.085904
0.095879
0.106298
0.106148
0.106396
0.048389
0.099065
0.089514
0.089279
0.091221
0.106992
0.106238
0.106400
0.048983
0.093048
0.094656
0.062683
0.098737
0.105867
0.107428
0.106936
0.040212
0.097618
0.093643
0.086949
0.101997
0.106596
0.107010
0.102611
0.076895
0.093837
0.091385
0.079400
0.106771
0.106112
0.107150
0.046205
0.096571
0.088973
0.083750
0.102655
0.106457
0.105508
0.101626
0.096133
0.092252
0.085452
0.094791
0.106669
0.105609
0.106876
0.030755
0.094073
0.088781
0.084758
0.095531
0.105680
0.106989
0.107070
0.045010
0.092935
0.096570
0.089395
0.095931
0.107899
0.105641
0.105997
0.046842
0.090055
0.092396
0.096792
0.087645
0.106687
0.106439
0.106423
0.057716
0.090368
0.090089
0.092788
0.042654
0.105745
0.107458
0.108508
0.100739
0.072084
0.094251
0.087385
0.047652
0.101227
0.106524
0.105927
0.107158
0.042274
0.099666
0.089534
0.089510
0.096526
0.105252
0.106544
0.107807
0.037851
0.087282
0.089268
0.066169
0.101130
0.105376
0.105317
0.106784
0.028243
0.099395
0.093588
0.084618
0.100454
0.106749
0.105084
0.105888
0.041849
0.098950
0.096738
0.084589
0.096463
0.105392
0.105903
0.106005
0.033074
0.097312
0.089656
0.090795
0.105736
0.107460
0.107536
0.102235
0.046345
0.089564
0.095917
0.067680
0.105243
0.106715
0.105934
0.105601
0.041128
0.094909
0.093289
0.072825
0.102328
0.106180
0.107184
0.106628
0.040298
0.097141
0.093678
0.086980
0.106316
0.106308
0.105845
0.104118
0.049804
0.094701
0.091153
0.063706
0.101027
0.106938
0.105749
0.106939
0.037930
0.095088
0.089430
0.089815
0.090569
0.106930
0.106092
0.106993
0.055222
0.091146
0.089319
0.092835
0.106292
0.107211
0.106709
0.106401
0.033510
0.095375
0.089742
0.089297
0.086752
0.106175
0.107060
0.108260
0.051665
0.089588
0.089500
0.091946
0.034644
0.107145
0.108923
0.106421
0.104035
0.047673
0.092648
0.091663
0.065642
0.095335
0.107318
0.107576
0.106881
0.029763
0.093508
0.089066
0.083777
0.096260
0.105755
0.105663
0.107589
0.028561
0.095394
0.089374
0.089823
0.106738
0.106920
0.105585
0.107940
0.069349
0.093734
0.090968
0.047768
0.103000
0.106987
0.105831
0.105748
0.041084
0.103660
0.091555
0.083147
0.095441
0.106303
0.105911
0.106415
0.031146
0.094517
0.089041
0.093519
0.101029
0.107300
0.106919
0.107246
0.042024
0.094501
0.089906
0.096180
0.082448
0.107827
0.106645
0.105981
0.058156
0.091693
0.090053
0.092869
0.031563
0.100945
0.107189
0.107656
0.105640
0.036498
0.098237
0.089521
0.090261
0.096051
0.105498
0.106212
0.105562
0.028911
0.095310
0.097893
0.066951
0.100489
0.105868
0.105196
0.106447
0.045187
0.094560
0.091563
0.080987
0.094989
0.106255
0.105399
0.106903
0.049577
0.089417
0.089308
0.081649
0.096533
0.105111
0.106490
0.105760
0.046478
0.093303
0.088159
0.095347
0.088080
0.106698
0.105434
0.105788
0.059175
0.089789
0.090004
0.092953
0.028511
0.103117
0.106658
0.107661
0.106596
0.036144
0.097355
0.089426
0.090405
0.095355
0.106637
0.106828
0.105454
0.037756
0.097305
0.090388
0.089278
0.089782
0.105095
0.105122
0.105205
0.058921
0.095572
0.092669
0.083596
0.096335
0.105047
0.106434
0.105049
0.051779
0.095118
0.090065
0.096077
0.088536
0.105333
0.104803
0.107517
0.045412
0.096851
0.093482
0.073489
0.101157
0.106612
0.105966
0.106179
0.041253
0.089360
0.088814
0.093830
0.028499
0.094461
0.106744
0.105454
0.105946
0.049074
0.090476
0.090018
0.082313
0.095914
0.105062
0.106847
0.107412
0.049774
0.088496
0.090144
0.093023
0.027665
0.098455
0.104694
0.105639
0.107020
0.048934
0.087235
0.091482
0.093005
0.106117
0.105289
0.105441
0.105106
0.035329
0.096766
0.089815
0.089833
0.064876
0.106460
0.106941
0.106741
0.062065
0.089982
0.092286
0.092878
0.031919
0.106332
0.105819
0.112331
0.097975
0.097425
0.090676
0.088577
0.070423
0.106213
0.109221
0.109317
0.069823
0.090954
0.092344
0.093378
0.029824
0.107254
0.106698
0.106337
0.101073
0.045973
0.090908
0.096232
0.068215
0.095814
0.105613
0.105016
0.105458
0.051963
0.090315
0.090756
0.067942
0.095064
0.105610
0.106678
0.106728
0.049307
0.090751
0.088461
0.094836
0.035770
0.106720
0.105335
0.106056
0.104516
0.028204
0.099794
0.091639
0.083979
0.105170
0.106855
0.105871
0.106608
0.029592
0.095744
0.090445
0.076421
0.096780
0.105197
0.105759
0.105348
0.055949
0.097584
0.090242
0.088624
0.105781
0.106896
0.105842
0.106338
0.049991
0.094631
0.090789
0.064488
0.098157
0.105350
0.106914
0.105848
0.044947
0.099136
0.086625
0.083944
0.095662
0.104999
0.104976
0.106402
0.035161
0.096052
0.089418
0.089706
0.086087
0.104815
0.106616
0.106650
0.060324
0.091392
0.089688
0.094992
0.032909
0.106648
0.105137
0.105138
0.105520
0.029885
0.097093
0.090420
0.061626
0.095437
0.104772
0.106689
0.108843
0.049112
0.093806
0.089330
0.094194
0.101782
0.107333
0.106550
0.108776
0.039572
0.094597
0.096116
0.058422
0.100321
0.107158
0.106814
0.105451
0.044081
0.093859
0.090075
0.095010
0.033410
0.106128
0.107060
0.105716
0.106436
0.027312
0.095391
0.090888
0.074793
0.094914
0.105361
0.106277
0.105009
0.034086
0.093828
0.090749
0.089035
0.089223
0.108485
0.105278
0.106904
0.035499
0.100172
0.090145
0.076558
0.100893
0.106606
0.106955
0.107085
0.042479
0.098900
0.096685
0.066660
0.096055
0.105383
0.104660
0.105088
0.051012
0.093055
0.092417
0.073377
0.094852
0.106221
0.104827
0.106261
0.051091
0.098285
0.088203
0.089599
0.079512
0.106787
0.105613
0.105391
0.066631
0.089616
0.091676
0.098475
0.084502
0.106667
0.106348
0.106738
0.061994
0.091541
0.089283
0.093381
0.032013
0.105478
0.106827
0.105479
0.096030
0.064179
0.092362
0.089253
0.057220
0.097990
0.106771
0.105021
0.106867
0.045187
0.093235
0.094387
0.088874
0.096637
0.107117
0.108135
0.105588
0.039468
0.093943
0.094228
0.074419
0.098489
0.106132
0.105197
0.104826
0.047532
0.089486
0.090559
0.092699
0.029933
0.105423
0.104621
0.105605
0.106111
0.046110
0.090639
0.095706
0.066439
0.101272
0.107066
0.106042
0.105877
0.041910
0.097449
0.091923
0.085764
0.087512
0.106462
0.106795
0.095421
0.065043
0.091957
0.088992
0.057126
0.104996
0.106913
0.106436
0.105943
0.051086
0.095475
0.090826
0.036231
0.098375
0.105030
0.105308
0.105446
0.031409
0.095926
0.089532
0.089840
0.089744
0.105490
0.106210
0.106556
0.057265
0.089573
0.088343
0.083295
0.106027
0.107668
0.105686
0.104899
0.032706
0.095009
0.092996
0.084488
0.106677
0.105945
0.107270
0.106835
0.033130
0.094272
0.091527
0.085137
0.095047
0.104836
0.105905
0.104803
0.052135
0.089533
0.088014
0.093965
0.028488
0.097693
0.106504
0.105165
0.109407
0.033735
0.095611
0.089282
0.089419
0.084907
0.105020
0.104638
0.106489
0.061849
0.091801
0.091105
0.092216
0.105885
0.108248
0.105041
0.106995
0.042854
0.091751
0.094349
0.074327
0.098500
0.106935
0.105529
0.107354
0.044546
0.099906
0.090264
0.090130
0.105188
0.104882
0.104745
0.101696
0.049803
0.094573
0.092600
0.050948
0.095896
0.106106
0.105987
0.106552
0.046266
0.098950
0.089782
0.089495
0.069999
0.106747
0.106157
0.105994
0.075560
0.084427
0.092025
0.096950
0.035132
0.105230
0.107852
0.107845
0.107178
0.031687
0.094454
0.089805
0.090278
0.071632
0.105529
0.105621
0.104497
0.076919
0.079314
0.094028
0.094716
0.034666
0.093962
0.105646
0.106674
0.106542
0.034735
0.094291
0.088703
0.083292
0.096171
0.105155
0.105813
0.105499
0.051884
0.089105
0.086074
0.064643
0.100697
0.106419
0.106920
0.104889
0.044651
0.089325
0.091145
0.092415
0.028795
0.096650
0.107098
0.106626
0.106478
0.044979
0.090045
0.093836
0.092731
0.033222
0.106992
0.107323
0.105063
0.105557
0.037097
0.092886
0.087895
0.083517
0.087165
0.105589
0.106550
0.105290
0.100788
0.091778
0.068545
0.094524
0.106000
0.106675
0.106922
0.028059
0.094756
0.090345
0.031369
0.101245
0.106045
0.106311
0.106606
0.038570
0.088570
0.090888
0.093765
0.031257
0.106962
0.105082
0.104950
0.105778
0.034031
0.096468
0.088976
0.088467
0.091134
0.107432
0.106120
0.105854
0.037478
0.096584
0.089238
0.090038
0.105713
0.107112
0.107442
0.094284
0.065823
0.093769
0.089451
0.048070
0.099785
0.107048
0.106056
0.107247
0.042016
0.099097
0.089960
0.074905
0.102253
0.107770
0.107473
0.105566
0.038945
0.096037
0.090321
0.089816
0.097822
0.107134
0.106738
0.107593
0.034727
0.094883
0.093428
0.054878
0.100180
0.107787
0.106947
0.105622
0.041154
0.090634
0.094223
0.094174
0.031737
0.104827
0.105300
0.107261
0.101778
0.044096
0.087780
0.089225
0.064919
0.099962
0.106734
0.105767
0.106805
0.041895
0.097625
0.093361
0.075172
0.104711
0.107609
0.106454
0.107412
0.033139
0.095915
0.092749
0.084079
0.095038
0.106625
0.108672
0.105587
0.048852
0.100010
0.093118
0.086601
0.096076
0.107246
0.107513
0.105602
0.030298
0.100119
0.093361
0.064267
0.107412
0.106132
0.105701
0.108281
0.065582
0.091247
0.095160
0.050512
0.105208
0.106832
0.105593
0.105822
0.037073
0.096186
0.093502
0.073783
0.100111
0.106749
0.105185
0.106974
0.044429
0.099889
0.090179
0.078157
0.101139
0.105745
0.105371
0.105489
0.041697
0.089025
0.087651
0.095454
0.030406
0.105927
0.107108
0.107471
0.099126
0.062356
0.092483
0.095527
0.036414
0.103100
0.107516
0.106159
0.105683
0.035467
0.096936
0.094131
0.087221
0.106406
0.106525
0.105464
0.104864
0.097343
0.090357
0.088732
0.095930
0.107007
0.105363
0.105376
0.052386
0.090366
