0.020242
0.114842
0.102336
0.106800
0.109294
0.055549
0.124775
0.126942
0.126075
0.118442
0.097983
0.112270
0.108470
0.050263
0.125203
0.126326
0.122385
0.123136
0.094444
0.107872
0.114532
0.050721
0.124159
0.124537
0.125620
0.123345
0.088345
0.101953
0.109937
0.064656
0.114349
0.125452
0.125504
0.123992
0.080515
0.100507
0.106134
0.076606
0.088240
0.125397
0.123897
0.124728
0.083369
0.113055
0.112013
0.106494
0.065410
0.126677
0.124343
0.125998
0.105880
0.101881
0.107520
0.111888
0.048728
0.115834
0.124316
0.125509
0.124907
0.059880
0.110587
0.108950
0.103831
0.069611
0.124465
0.125130
0.125695
0.104898
0.105569
0.106224
0.116606
0.042784
0.117330
0.129948
0.125534
0.122980
0.057128
0.115518
0.099840
0.083786
0.125667
0.122779
0.121604
0.124737
0.089950
0.108388
0.108629
0.063948
0.117696
0.126723
0.124797
0.124248
0.062982
0.110864
0.099477
0.101871
0.062544
0.123676
0.123838
0.123844
0.114808
0.097677
0.107898
0.107355
0.050327
0.111820
0.123047
0.122790
0.124959
0.060610
0.114874
0.108415
0.101392
0.059400
0.125232
0.122706
0.124458
0.111032
0.109215
0.113509
0.110054
0.046199
0.123986
0.126659
0.123687
0.126915
0.092736
0.103807
0.108402
0.051263
0.118096
0.126619
0.125555
0.124484
0.085963
0.109051
0.110595
0.053783
0.123778
0.124320
0.124457
0.110849
0.103580
0.103455
0.107080
0.049570
0.117844
0.122862
0.122620
0.124993
0.057079
0.109117
0.107178
0.101777
0.074201
0.124357
0.125638
0.123963
0.101715
0.107411
0.105248
0.112987
0.042144
0.117900
0.123598
0.120724
0.123139
0.057959
0.112824
0.104201
0.103595
0.068439
0.123211
0.124831
0.123303
0.094523
0.105436
0.105852
0.112704
0.043897
0.116340
0.121421
0.121260
0.123213
0.064003
0.110614
0.105862
0.102558
0.041696
0.121422
0.122913
0.122222
0.124244
0.061947
0.110523
0.106645
0.076474
0.111926
0.124178
0.122139
0.122530
0.058472
0.106855
0.106005
0.090722
0.113163
0.122625
0.122900
0.125315
0.066666
0.112122
0.105046
0.092583
0.077165
0.124821
0.122635
0.121259
0.084572
0.122378
0.101505
0.105714
0.054441
0.122986
0.121221
0.120430
0.120987
0.114484
0.102883
0.091686
0.058704
0.122819
0.123144
0.121945
0.106303
0.100553
0.105308
0.111641
0.037427
0.123185
0.121550
0.121838
0.118254
0.094884
0.110793
0.099900
0.043335
0.122647
0.122600
0.123333
0.117027
0.110458
0.103851
0.112994
0.118594
0.123249
0.123430
0.123933
0.057073
0.106787
0.107907
0.085653
0.059139
0.123120
0.123549
0.122766
0.104513
0.107945
0.105084
0.080589
0.076469
0.123386
0.123155
0.123185
0.095816
0.107979
0.100044
0.110832
0.115769
0.123020
0.122427
0.122862
0.066175
0.104024
0.102248
0.064321
0.121847
0.124170
0.123556
0.116004
0.088151
0.106791
0.110257
0.044453
0.120982
0.120533
0.122019
0.120315
0.087407
0.104602
0.103265
0.068640
0.115510
0.123067
0.122079
0.123628
0.065273
0.108191
0.111388
0.086042
0.060987
0.121573
0.122163
0.123504
0.114432
0.097158
0.109973
0.108923
0.052168
0.112872
0.123477
0.120755
0.122716
0.060558
0.111926
0.103665
0.096453
0.070563
0.123164
0.120974
0.121295
0.107871
0.098537
0.103826
0.110966
0.043267
0.112823
0.121047
0.123628
0.123554
0.069632
0.106453
0.104578
0.086521
0.084327
0.125029
0.121058
0.121462
0.092857
0.107759
0.103385
0.105449
0.053415
0.127281
0.123008
0.123128
0.116634
0.089748
0.101802
0.110924
0.043735
0.120252
0.124786
0.122499
0.124063
0.067888
0.106745
0.106962
0.074145
0.122910
0.124105
0.122638
0.123706
0.067758
0.105300
0.106555
0.087030
0.074535
0.123958
0.123430
0.121786
0.086003
0.114557
0.098387
0.111871
0.040933
0.120932
0.120401
0.121380
0.121337
0.060505
0.109874
0.106322
0.079378
0.098284
0.122445
0.123893
0.121582
0.073673
0.109393
0.100748
0.109529
0.041812
0.113146
0.123088
0.119566
0.122384
0.060974
0.111071
0.104217
0.104798
0.061936
0.122685
0.121213
0.121291
0.117016
0.080169
0.105657
0.099370
0.074326
0.080948
0.111685
0.105802
0.106563
0.077510
0.065254
0.087267
0.096575
0.056766
0.108145
0.106712
0.107966
0.105442
0.041577
0.092437
0.093886
0.074010
0.101615
0.108689
0.107189
0.108341
0.038037
0.103181
0.092380
0.062404
0.097923
0.107488
0.108239
0.108313
0.064063
0.087911
0.088475
0.060226
0.103757
0.106944
0.107196
0.107302
0.039677
0.100112
0.092980
0.065106
0.099286
0.108932
0.107029
0.109344
0.038113
0.101657
0.091018
0.082673
0.096364
0.108645
0.107454
0.107579
0.043433
0.099669
0.093535
0.087472
0.099484
0.106478
0.107094
0.107630
0.030012
0.095225
0.094501
0.087018
0.099236
0.106674
0.106863
0.107160
0.043660
0.100024
0.090279
0.075432
0.101968
0.108396
0.106420
0.107573
0.031599
0.100398
0.073414
0.099164
0.097753
0.106556
0.107499
0.108469
0.045579
0.098670
0.094972
0.086328
0.102105
0.108370
0.105939
0.107697
0.031112
0.098951
0.091634
0.083953
0.095890
0.108814
0.106626
0.106967
0.047652
0.093939
0.091999
0.084326
0.102556
0.106920
0.107162
0.108193
0.037410
0.095602
0.098012
0.078476
0.101927
0.106040
0.106328
0.106753
0.052909
0.092518
0.055066
0.099208
0.107909
0.107969
0.107520
0.035377
0.092587
0.088596
0.083400
0.102487
0.107088
0.107206
0.106209
0.040137
0.100615
0.090557
0.090496
0.098523
0.107654
0.109768
0.105972
0.032096
0.093737
0.092264
0.079082
0.094988
0.106538
0.107462
0.106598
0.036376
0.101592
0.090641
0.075588
0.101562
0.106649
0.107047
0.106822
0.036548
0.091674
0.092070
0.083921
0.095856
0.106617
0.105583
0.107382
0.050693
0.099783
0.091213
0.090266
0.097345
0.106478
0.107110
0.107514
0.049677
0.093705
0.089887
0.094755
0.087696
0.106675
0.105884
0.106119
0.058059
0.091558
0.088648
0.092484
0.030393
0.106072
0.107712
0.106581
0.086854
0.083690
0.093585
0.087798
0.099903
0.106420
0.106893
0.106721
0.044601
0.100523
0.090043
0.089572
0.090374
0.107435
0.109571
0.106342
0.051814
0.099284
0.093508
0.085475
0.102269
0.108827
0.109035
0.109159
0.036422
0.096362
0.094306
0.087194
0.095886
0.107240
0.107511
0.106570
0.049375
0.100793
0.089536
0.092299
0.096667
0.107658
0.106477
0.106423
0.047983
0.097943
0.090299
0.089712
0.087199
0.107817
0.106568
0.106348
0.055485
0.092056
0.088794
0.084924
0.102776
0.107981
0.106065
0.103298
0.051207
0.092622
0.094594
0.050398
0.095859
0.107061
0.108752
0.107719
0.045178
0.099710
0.096405
0.064482
0.101682
0.105840
0.107605
0.106872
0.053287
0.093024
0.092220
0.062633
0.100771
0.106511
0.106665
0.106860
0.040199
0.098960
0.093768
0.068761
0.103892
0.109688
0.107559
0.103769
0.064502
0.093574
0.094464
0.050774
0.100979
0.107989
0.109080
0.106728
0.062324
0.090665
0.088439
0.062052
0.101907
0.110952
0.107335
0.108560
0.038088
0.098221
0.091342
0.083681
0.102867
0.108043
0.106959
0.108368
0.029309
0.101740
0.091689
0.072499
0.102181
0.107112
0.107884
0.108982
0.039382
0.099994
0.095097
0.086205
0.101323
0.107316
0.108054
0.108494
0.037708
0.096515
0.096305
0.085777
0.104014
0.108092
0.109107
0.107016
0.039450
0.101436
0.092704
0.084569
0.101974
0.108596
0.107872
0.110000
0.034088
0.099592
0.096041
0.065354
0.108771
0.108513
0.108197
0.108212
0.049736
0.090144
0.094315
0.061708
0.101686
0.108236
0.109268
0.109363
0.101705
0.095765
0.087362
0.107695
0.109996
0.109729
0.102937
0.068002
0.095835
0.092493
0.049389
0.108636
0.109348
0.108467
0.096593
0.067413
0.095588
0.092838
0.049062
0.110519
0.110512
0.111346
0.092612
0.083141
0.093000
0.101008
0.053724
0.111748
0.108899
0.107803
0.086797
0.095097
0.092022
0.083336
0.098628
0.108203
0.108180
0.108533
0.030631
0.100297
0.095241
0.067891
0.106489
0.110823
0.107947
0.108153
0.031009
0.100532
0.093002
0.083571
0.102367
0.107460
0.108571
0.104465
0.060758
0.089454
0.095782
0.055788
0.103706
0.109265
0.107379
0.108669
0.031649
0.097888
0.095527
0.063145
0.101415
0.108929
0.108373
0.109491
0.037585
0.102664
0.093127
0.081426
0.095921
0.109071
0.109456
0.109565
0.099900
0.096164
0.059345
0.109390
0.108374
0.109227
0.089843
0.059644
0.094598
0.062525
0.052498
0.102285
0.111380
0.109834
0.109175
0.036556
0.094642
0.095335
0.035000
0.107976
0.108119
0.109187
0.054199
0.096110
0.098243
0.052651
0.103521
0.107296
0.108673
0.109430
0.043644
0.095532
0.096265
0.068208
0.102139
0.109092
0.108130
0.109075
0.068885
0.093910
0.094931
0.035754
0.107800
0.109544
0.110604
0.103369
0.070417
0.098983
0.095362
0.057760
0.109659
0.109365
0.111217
0.068772
0.094422
0.095498
0.084048
0.101806
0.109431
0.109593
0.111180
0.049661
0.092568
0.095898
0.067111
0.110430
0.109091
0.110244
0.107007
0.074488
0.096650
0.086487
0.051052
0.105726
0.111171
0.110019
0.109037
0.030825
0.101233
0.092778
0.084069
0.102256
0.109831
0.108341
0.108807
0.037210
0.101672
0.091631
0.084082
0.101091
0.110238
0.109365
0.108638
0.035196
0.100163
0.099260
0.078502
0.107959
0.109808
0.109003
0.109945
0.032804
0.101744
0.092786
0.084239
0.098014
0.108747
0.108928
0.110667
0.040510
0.099593
0.094052
0.083395
0.100385
0.109131
0.109746
0.105422
0.047605
0.096799
0.091082
0.063472
0.096346
0.106858
0.106941
0.107170
0.032396
0.099832
0.092321
0.085307
0.097337
0.107179
0.110945
0.108531
0.099670
0.090199
0.090333
0.102908
0.107004
0.107345
0.107322
0.042190
0.100236
0.094022
0.087687
0.096959
0.109308
0.108855
0.108402
0.042768
0.101127
0.095468
0.087597
0.101347
0.108268
0.108388
0.109260
0.038650
0.096874
0.096096
0.065371
0.102279
0.109335
0.108089
0.111862
0.035287
0.100399
0.091906
0.084127
0.096883
0.108614
0.109592
0.110474
0.038009
0.096903
0.094530
0.086986
0.097416
0.108034
0.109848
0.109567
0.051531
0.094979
0.095500
0.060953
0.101493
0.110616
0.109223
0.108268
0.038134
0.098066
0.099120
0.062302
0.106494
0.109484
0.109040
0.109480
0.062926
0.096861
0.097234
0.050034
0.099554
0.109975
0.110103
0.109744
0.040311
0.099948
0.099650
0.067371
0.107011
0.110644
0.108897
0.109894
0.037770
0.099329
0.099069
0.068230
0.101480
0.110490
0.108832
0.110087
0.047270
0.099828
0.090297
0.083920
0.103491
0.108332
0.109061
0.110973
0.073118
0.093464
0.091785
0.047082
0.101115
0.108381
0.108130
0.110914
0.034211
0.100439
0.091166
0.084488
0.099996
0.109223
0.109214
0.101489
0.097575
0.094391
0.073398
0.109803
0.107474
0.108479
0.065566
0.090305
0.093930
0.087147
0.103650
0.107092
0.107526
0.109577
0.038390
0.099738
0.091668
0.083449
0.104140
0.108471
0.108234
0.108947
0.031621
0.098116
0.091916
0.073303
0.032143
0.108485
0.108441
0.109893
0.099633
0.067869
0.095425
0.092805
0.043231
0.109265
0.109070
0.109220
0.107701
