0.011910
0.089961
0.091446
0.094423
0.030039
0.097943
0.105410
0.105473
0.105390
0.051668
0.092545
0.093204
0.071431
0.095026
0.105122
0.105145
0.105492
0.034331
0.098689
0.089633
0.091086
0.063896
0.105965
0.106570
0.105920
0.069494
0.047299
0.091384
0.090952
0.074732
0.095075
0.105632
0.105640
0.105366
0.055199
0.089578
0.092049
0.096077
0.031977
0.105419
0.105983
0.106308
0.105962
0.038599
0.089514
0.090860
0.095224
0.029476
0.100730
0.105999
0.105402
0.106647
0.046990
0.094259
0.093844
0.085811
0.096917
0.108459
0.108916
0.105483
0.050215
0.090240
0.091312
0.094754
0.031296
0.101994
0.106098
0.106942
0.106456
0.039215
0.099576
0.091301
0.090412
0.064306
0.105448
0.104937
0.107674
0.037277
0.088616
0.089187
0.092801
0.027835
0.099460
0.106679
0.106279
0.106379
0.047339
0.089547
0.090637
0.092153
0.074126
0.105439
0.106397
0.106491
0.075025
0.072699
0.090251
0.093887
0.048885
0.095961
0.106053
0.106169
0.107211
0.038030
0.098724
0.089387
0.091048
0.041600
0.106271
0.106004
0.105814
0.080074
0.076722
0.088599
0.091688
0.049440
0.099073
0.105797
0.106182
0.105419
0.053990
0.093059
0.093039
0.083999
0.095623
0.105703
0.105577
0.105926
0.052431
0.089691
0.093126
0.094585
0.029722
0.104951
0.106061
0.107114
0.105957
0.036427
0.097651
0.089852
0.089676
0.096699
0.108524
0.105251
0.106879
0.051009
0.090420
0.091503
0.094592
0.029694
0.101753
0.105570
0.106144
0.105733
0.048499
0.090414
0.090831
0.092745
0.029475
0.106250
0.106135
0.105381
0.106237
0.041605
0.093946
0.091837
