0.014098
0.106399
0.101675
0.040778
0.093922
0.085698
0.085768
0.085218
0.106436
0.106780
0.104843
0.068788
0.078902
0.092646
0.092395
0.044953
0.095078
0.107042
0.105095
0.106798
0.059454
0.090430
0.093221
0.097579
0.034247
0.108589
0.107150
0.106840
0.107161
0.033568
0.089965
0.092538
0.096421
0.030808
0.100003
0.106237
0.105607
0.107149
0.050588
0.091407
0.090641
0.091288
0.035959
0.095148
0.105317
0.107301
0.106137
0.059855
0.092421
0.092252
0.096827
0.033477
0.100936
0.107325
0.106461
0.106508
0.047643
0.090622
0.091741
0.096481
0.030855
0.096706
0.105289
0.106518
0.106214
0.056652
0.095250
0.092065
0.096670
0.032187
0.094358
0.106936
0.106547
0.104695
0.059108
0.091565
0.092906
0.091656
0.035070
0.094970
0.106309
0.106341
0.106677
0.057196
0.092345
0.090819
0.100688
0.029862
0.100844
0.109190
0.107038
0.106538
0.046339
0.089634
0.090806
0.102664
0.037062
0.105210
0.105211
0.105067
0.105352
0.039791
0.090448
0.092125
0.095258
0.032019
0.093785
0.106654
0.105389
0.106591
0.059034
0.084349
0.093296
0.094868
0.039575
0.094533
0.105218
0.105256
0.105247
0.062132
0.090944
0.093524
0.091652
0.037074
0.101144
0.105217
0.106589
0.106610
0.053246
0.088895
0.091491
0.097992
0.030896
0.099061
0.106826
0.106359
0.106824
0.051605
0.091471
0.091967
0.089723
0.036280
0.095851
0.105137
0.106519
0.105099
0.060333
0.090378
0.093272
0.097161
0.032011
0.099060
0.105297
0.106058
0.105405
0.054426
0.091865
0.090810
0.091616
0.035434
0.095415
0.106826
0.105959
0.105411
0.059304
0.092600
0.090809
0.092031
0.035362
0.094350
0.105169
0.105581
0.104897
0.061148
0.081394
0.090623
0.086273
0.050244
0.095412
0.104961
0.105293
0.106179
0.064141
0.089894
0.093306
0.091355
0.034631
0.094974
0.106366
0.105348
0.109662
0.056127
0.090467
0.091909
0.097391
0.045531
0.105276
0.105705
0.105702
0.106568
0.041128
0.089608
0.092317
0.096239
0.042463
0.106727
0.107317
0.105994
0.105930
0.043052
0.090566
0.091950
0.096762
0.033635
0.103687
0.106518
0.106783
0.105470
0.049675
0.091690
0.092022
0.095772
0.031477
0.094931
0.108837
0.106795
0.105680
0.056768
0.093439
0.091605
0.096591
0.031092
0.101471
0.106004
0.105113
0.106773
0.053755
0.091117
0.092779
0.096036
0.031149
0.094590
0.105213
0.106808
0.106957
0.059208
0.090837
0.092849
0.091785
0.035697
0.095683
0.106611
0.106974
0.105746
0.058971
0.090406
0.092484
0.091891
0.035217
0.095827
0.105695
0.106344
0.106703
0.057840
0.090729
0.095445
0.094792
0.040255
0.104815
0.106883
0.105334
0.106482
0.033727
0.094480
0.092313
0.091753
0.030630
0.098534
0.107204
0.106468
0.107100
0.052938
0.090408
0.090639
0.097726
0.030858
0.099297
0.105541
0.106795
0.107958
0.054008
0.091827
0.091124
0.089698
0.035568
0.094584
0.105446
0.105358
0.105185
0.064119
0.080396
0.092554
0.085583
0.050406
0.094984
0.107119
0.106839
