0.010517
0.098778
0.092622
0.088772
0.052897
0.105758
0.105109
0.105550
0.103902
0.032643
0.094331
0.091988
0.088516
0.078521
0.105346
0.105423
0.104530
0.079252
0.058725
0.088586
0.090901
0.069542
0.089062
0.105727
0.106640
0.105845
0.066633
0.080808
0.091498
0.085188
0.054227
0.094853
0.105114
0.105451
0.105905
0.062660
0.083025
0.092226
0.094516
0.038749
0.095040
0.105415
0.106826
0.105119
0.061960
0.079424
0.092586
0.085994
0.050420
0.095952
0.105435
0.105375
0.106406
0.062316
0.082963
0.093570
0.094646
0.039108
0.099310
0.105275
0.105547
0.105898
0.059430
0.081461
0.095310
0.094652
0.040434
0.099658
0.104772
0.105682
0.105407
0.059250
0.081685
0.094500
0.095186
0.039866
0.093784
0.105793
0.105175
0.105872
0.063237
0.080847
0.090758
0.085763
0.051026
0.086404
0.105655
0.105808
0.106483
0.069718
0.082510
0.095142
0.093743
0.039501
0.095306
0.105724
0.105145
0.105255
0.063929
0.079981
0.092454
0.091881
0.045894
0.095694
0.105463
0.105251
0.105199
0.064316
0.083255
0.093485
0.093396
0.039778
0.095120
0.105804
0.106788
0.106636
0.060261
0.086653
0.090845
0.094402
0.039304
0.094271
0.106800
0.104782
0.105508
0.061943
0.081811
0.094146
0.094265
0.039299
0.100606
0.105669
0.106617
0.105447
0.055633
0.089818
0.092828
0.091290
0.035727
0.095103
0.104975
0.105857
0.105007
0.064165
0.091866
0.094707
0.096105
0.032016
0.094814
0.106774
0.105296
0.105548
0.060954
0.083241
0.092928
0.094826
0.039711
0.098529
0.104944
0.105659
0.106364
0.056765
0.090529
0.093496
0.090897
0.034861
0.100734
0.107146
0.105315
0.105551
0.054377
0.091337
0.092584
0.095629
0.030761
0.094616
0.105582
0.106228
0.106912
0.058306
0.091473
0.091023
0.090976
0.041905
0.106825
0.105469
0.105711
0.105696
0.048254
0.090792
0.091287
0.091946
0.034814
0.094680
0.106036
0.105608
0.104874
0.066966
0.091645
0.091983
0.096650
0.031952
0.093782
0.105344
0.106858
0.105203
0.061549
0.090615
0.091378
0.097378
0.030893
0.098335
0.106350
0.106967
0.106900
0.052749
0.091310
0.090851
0.090366
0.036178
0.094705
0.105677
0.106195
0.106950
0.061247
0.090837
0.093073
0.097442
0.030014
0.095125
0.105835
0.106334
0.105668
0.062038
0.082057
0.089808
0.063548
0.091197
0.105293
0.105337
0.105892
0.069205
0.083798
0.092132
0.095024
0.039883
0.102122
0.105431
0.105396
0.107136
0.054903
0.091834
0.092406
0.096713
0.031496
0.094506
0.105803
0.107072
0.107509
0.058933
0.090545
0.092078
0.091550
0.034434
0.095271
0.105802
0.105452
0.105739
0.063272
0.086298
0.090847
0.094250
0.039032
0.095438
0.105749
0.106910
0.105397
0.060887
0.090308
0.093335
0.090467
0.035831
0.095565
0.105265
0.106031
0.105680
0.061932
0.083002
0.093299
0.093937
0.039738
0.094751
0.105274
0.105364
0.105288
0.063540
0.082329
0.094835
0.095052
0.036801
0.098172
0.106052
0.106822
0.107494
0.054305
0.090995
0.091225
