0.015793
0.091295
0.092412
0.050421
0.095283
0.104843
0.106633
0.104708
0.061840
0.079499
0.086158
0.093406
0.050499
0.083740
0.106111
0.105651
0.105701
0.073586
0.027813
0.094162
0.092644
0.092994
0.033188
0.105676
0.106806
0.104756
0.105812
0.043063
0.089358
0.093305
0.092105
0.034358
0.094628
0.105932
0.105945
0.105908
0.063429
0.079180
0.093347
0.091531
0.045966
0.095079
0.105524
0.105845
0.105609
0.060591
0.080779
0.091055
0.086254
0.050636
0.087974
0.107735
0.105684
0.106049
0.068634
0.080193
0.092334
0.085621
0.050838
0.084061
0.104669
0.104756
0.105969
0.073287
0.074185
0.093183
0.093021
0.048871
0.094364
0.105645
0.105872
0.105651
0.063522
0.079499
0.086391
0.091784
0.051137
0.094759
0.105774
0.105768
0.105504
0.064067
0.090458
0.092916
0.091611
0.035767
0.101622
0.105465
0.105393
0.105976
0.057988
0.093103
0.093273
0.095334
0.031975
0.095022
0.105319
0.105093
0.105574
0.064611
0.090517
0.093508
0.092471
0.036006
0.095541
0.105747
0.104772
0.105968
0.064787
0.084758
0.093613
0.094280
0.041015
0.095648
0.105696
0.105794
0.105728
0.063373
0.081875
0.090145
0.086099
0.049896
0.085541
0.105944
0.105465
0.105596
0.070992
0.075706
0.091036
0.092530
0.051325
0.084277
0.106014
0.105161
0.105578
0.072695
0.067587
0.091920
0.091307
0.059014
0.088903
0.106745
0.105329
0.105830
0.069026
0.079011
0.086730
0.093289
0.051881
0.096100
0.105835
0.107002
0.106692
0.059860
0.083934
0.093364
0.094630
0.040113
0.098259
0.104862
0.106159
0.105679
0.059049
0.090405
0.092561
0.092441
0.035372
0.094197
0.105291
0.106016
0.104887
0.064240
0.082809
0.093849
0.094488
0.040173
0.094380
0.105706
0.105286
0.105921
0.064096
0.081979
0.091213
0.086379
0.050552
0.093569
0.105987
0.106361
0.105348
0.063667
0.084261
0.093796
0.093725
0.039526
0.094766
0.105776
0.105842
0.105928
0.063527
0.079029
0.091942
0.085607
0.050741
0.102008
0.106696
0.105593
0.106006
0.055260
0.091119
0.091133
0.091611
0.035920
0.094455
0.105569
0.105022
0.104996
0.063671
0.090090
0.094372
0.091487
0.035559
0.094863
0.105143
0.105422
0.105001
0.063076
0.081865
0.092153
0.085906
0.051311
0.089974
0.106701
0.105212
0.105123
0.067125
0.077955
0.088546
0.092968
0.051488
0.098372
0.105147
0.105473
0.105571
0.060118
0.090008
0.093782
0.091639
0.035839
0.085293
0.105860
0.105130
0.105903
0.070395
0.066689
0.085214
0.087750
0.069161
0.087698
0.105825
0.105991
0.105420
0.069917
0.083545
0.090638
0.085831
0.050965
0.095684
0.106904
0.106728
0.104863
0.059209
0.079819
0.085810
0.093277
0.051928
0.095417
0.105615
0.105234
0.105742
0.060285
0.083349
0.092943
0.093997
0.040037
0.096473
0.104731
0.107218
0.105434
0.061357
0.077585
0.088588
0.091666
0.051072
0.088507
0.105190
0.105724
0.105546
0.069937
0.081344
0.094073
0.093687
0.039152
0.094432
0.106070
0.104854
0.105231
0.062781
0.081286
0.096750
0.092580
0.039218
0.098347
0.105024
