0.018441
0.106752
0.105974
0.110136
0.045749
0.081944
0.089391
0.087932
0.051161
0.089315
0.105238
0.108191
0.104936
0.068834
0.091704
0.093013
0.092128
0.036902
0.094032
0.105541
0.105698
0.105282
0.062989
0.083293
0.095410
0.092376
0.039530
0.094600
0.107898
0.105281
0.105365
0.062597
0.086051
0.091054
0.094719
0.039373
0.094393
0.107999
0.108119
0.105559
0.058822
0.076219
0.089757
0.093923
0.050182
0.087893
0.105893
0.105646
0.105655
0.070109
0.075053
0.090373
0.092594
0.051128
0.095642
0.107105
0.105259
0.105341
0.061908
0.083226
0.093182
0.094628
0.039688
0.095987
0.107114
0.105237
0.105515
0.061197
0.091004
0.093737
0.092005
0.035973
0.095693
0.105951
0.105409
0.105490
0.063834
0.081115
0.091044
0.085938
0.051430
0.088727
0.105352
0.105999
0.104868
0.070798
0.077573
0.087863
0.094737
0.048720
0.094701
0.105222
0.105727
0.105828
0.062736
0.080937
0.090908
0.085245
0.051108
0.077661
0.105507
0.105252
0.104959
0.078501
0.057070
0.091930
0.090557
0.070285
0.085907
0.108052
0.107126
0.106898
0.065256
0.083483
0.092543
0.094433
0.039775
0.101519
0.105594
0.105928
0.105309
0.057950
