0.016173
0.106204
0.098711
0.049996
0.091380
0.091372
0.075645
0.094708
0.105254
0.106115
0.105169
0.060231
0.074878
0.089591
0.092079
0.049929
0.083851
0.105734
0.105705
0.106808
0.066604
0.083684
0.094275
0.094847
0.039658
0.095969
0.105512
0.106138
0.104832
0.060987
0.080683
0.092521
0.092068
0.044647
0.095030
0.107422
0.107131
0.106989
0.057398
0.091479
0.091806
0.096112
0.032120
0.094936
0.106556
0.107178
0.108696
0.055019
0.091736
0.090052
0.096251
0.030288
0.098345
0.106208
0.105112
0.104644
0.057818
0.092402
0.091513
0.095385
0.031161
0.102505
0.105239
0.106534
0.105562
0.049008
0.090221
0.096083
0.091857
0.030930
0.095826
0.104907
0.106675
0.104863
0.056750
0.092259
0.091637
0.094944
0.033809
0.101420
0.105330
0.104772
0.104905
0.052259
