0.020440
0.106285
0.106442
0.085960
0.058742
0.086639
0.089323
0.064800
0.100781
0.107490
0.106404
0.107829
0.043348
0.100180
0.090292
0.089452
0.084128
0.106725
0.106417
0.103829
0.041889
0.093062
0.094205
0.074885
0.100047
0.107047
0.105686
0.105948
0.049000
0.090739
0.090397
0.094424
0.029713
0.099975
0.105727
0.105849
0.105978
0.048015
0.088048
0.088853
0.093921
0.029969
0.098418
0.107054
0.105735
0.107655
0.047543
0.091161
0.089657
0.093145
0.029905
0.103161
0.109950
0.106901
0.107017
0.036370
0.100284
0.089408
0.089584
0.085843
0.107388
0.106656
0.106916
0.058040
0.091112
0.090590
0.094660
0.043823
0.106762
0.105613
0.105240
0.106421
0.031365
0.095635
0.090891
0.091394
0.088814
0.106653
0.105486
0.105447
0.059611
0.092337
0.090855
0.094174
0.028734
0.099873
0.105228
0.105507
0.105503
0.049096
0.082317
0.097009
0.088842
0.033801
0.098175
0.105580
0.106351
0.106673
0.045242
0.089598
0.089704
0.094314
0.034245
0.105998
0.105122
0.105061
0.104810
0.033882
0.095680
0.091855
0.090169
0.069284
0.105772
0.105224
0.106972
0.079472
0.078494
0.092938
0.090239
0.043159
0.094447
0.105958
0.105278
0.105822
0.055647
0.090402
0.090917
0.094383
0.029882
0.097135
0.105521
0.105114
0.107028
0.049303
0.087142
0.091851
0.094396
0.029123
0.100207
0.105337
0.106214
0.105741
0.045066
0.090543
0.090897
0.094551
0.029262
0.099380
0.105869
0.105550
0.105654
0.048541
0.090096
0.091103
0.092950
0.029955
0.101752
0.105495
0.105424
0.105093
0.044840
0.090432
0.090989
0.093306
0.029979
0.102293
0.105668
0.107252
0.109298
0.039166
0.098269
0.090285
0.090230
0.086576
0.105536
0.104789
0.105462
0.065469
0.090453
0.090313
0.089427
0.033372
0.094067
0.105851
0.105479
0.105830
0.054804
0.090404
0.089882
0.094362
0.031050
0.106291
0.104879
0.105352
0.105843
0.035584
0.098322
0.091387
0.090582
0.079008
0.107233
0.107092
0.106667
0.065082
0.091865
0.090266
0.093832
0.029668
0.101692
0.109650
0.105766
0.105480
0.044545
0.089198
0.089877
0.096606
0.029609
0.106588
0.105364
0.105639
0.105769
0.035470
0.098724
0.090529
0.090787
0.086546
0.105761
0.106896
0.107540
0.059253
0.091845
0.089425
0.093617
0.029359
0.099101
0.105618
0.107389
0.106477
0.044122
0.090260
0.091928
0.095877
0.091697
0.107275
0.106093
0.106791
0.055624
0.098012
0.090093
0.089338
0.087264
0.105790
0.107825
0.106620
0.058731
0.091275
0.093201
0.094156
0.086136
0.107651
0.107486
0.107435
0.059460
0.091489
0.089759
0.093874
0.029376
0.080506
0.105615
0.107628
0.106842
0.065245
0.091419
0.091537
0.093350
0.028496
0.100523
0.105284
0.107318
0.106571
0.045545
0.093438
0.090268
0.096302
0.064869
0.107698
0.107629
0.106693
0.081276
0.074283
0.090824
0.088478
0.048725
0.095244
0.106882
0.109840
0.107470
0.046628
0.091047
0.090877
0.094502
0.028606
0.102434
0.106337
0.107496
0.106238
0.042152
0.090806
0.094838
0.095759
0.031556
0.105192
0.105035
0.105664
0.105928
0.033653
0.098376
0.091256
0.090552
0.035813
0.107474
0.106375
0.107035
0.105854
0.031610
0.093409
0.069016
0.100779
0.029643
0.101641
0.105326
0.106945
0.107121
0.042357
0.093816
0.091026
0.095807
0.063244
0.107258
0.108024
0.108880
0.075900
0.074893
0.087027
0.088749
0.048208
0.094828
0.105680
0.106847
0.109223
0.048347
0.093210
0.090829
0.094514
0.037896
0.107564
0.106859
0.107333
0.106528
0.034318
0.099464
0.093519
0.074193
0.101600
0.107543
0.106638
0.106449
0.042131
0.093698
0.090794
0.093627
0.031948
0.105665
0.106587
0.107039
0.106711
0.027587
0.097082
0.090508
0.089981
0.085388
0.105771
0.106067
0.107488
0.060073
0.091672
0.088813
0.095192
0.029375
0.093949
0.105819
0.105480
0.107527
0.053781
0.090790
0.089980
0.094393
0.029316
0.098220
0.106469
0.106717
0.106632
0.043771
0.090226
0.089518
0.094104
0.029765
0.103535
0.105467
0.107427
0.105608
0.041970
0.094097
0.089257
0.096520
0.063157
0.105503
0.105365
0.105546
0.087097
0.066705
0.088644
0.093210
0.050381
0.094732
0.105666
0.105389
0.105653
0.056144
0.090392
0.090523
0.093740
0.029084
0.102479
0.107260
0.111619
0.106245
0.035947
0.099080
0.093574
0.083673
0.087544
0.105675
0.105084
0.105094
0.062963
0.089096
0.091155
0.094042
0.029357
0.093874
0.105895
0.105912
0.105757
0.056178
0.090554
0.089410
0.092439
0.029080
0.094997
0.105479
0.107093
0.106972
0.048328
0.091069
0.089922
0.095558
0.031897
0.105139
0.107456
0.105165
0.106551
0.030433
0.096654
0.090449
0.089451
0.079339
0.105287
0.105485
0.106587
0.069446
0.090303
0.092538
0.094482
0.029436
0.099473
0.107398
0.106259
0.107480
0.042551
0.089449
0.090311
0.099455
0.085447
0.105604
0.105448
0.105337
0.065616
0.090325
0.090781
0.096543
0.032171
0.105911
0.105417
0.106549
0.106577
0.034169
0.094323
0.090632
0.090214
0.078816
0.107339
0.107319
0.110408
0.063614
0.091054
0.089301
0.101525
0.088346
0.105809
0.104825
0.104894
0.060986
0.092327
0.095953
0.095513
0.064077
0.106047
0.105153
0.107094
0.084841
0.064627
0.084975
0.089974
0.062328
0.099232
0.105485
0.106916
0.109236
0.043275
0.093869
0.090239
0.096116
0.062310
0.107594
0.107264
0.105448
0.084064
0.077312
0.088434
0.089835
0.049756
0.097221
0.107138
0.107724
0.107443
0.046411
0.089660
0.089870
0.094234
0.031099
0.106405
0.106782
0.107314
0.106770
0.030527
0.100790
0.090601
0.087579
0.088568
0.106302
0.107048
0.107583
0.055281
0.092676
0.089149
0.093692
0.035008
0.105352
0.105649
0.107280
0.106818
0.029801
0.097127
0.090304
0.089906
0.093142
0.107326
0.106523
0.106923
0.055531
0.095005
0.093563
0.084959
0.088493
0.105371
0.104620
0.104582
0.061501
0.089399
0.092834
0.097438
0.064312
0.109299
0.105398
0.106371
0.079341
0.074447
0.089765
0.089016
0.048304
0.095440
0.105024
0.106807
0.105258
0.052431
0.090088
0.091181
0.093791
0.028273
0.103064
0.106431
0.107140
0.105392
0.040865
0.087762
0.092134
0.093892
0.030906
0.101629
0.105891
0.106830
0.105833
0.042189
0.093874
0.090060
0.095799
0.069985
0.105485
0.107037
0.105808
0.075326
0.092232
0.093059
0.093696
0.032068
0.106198
0.107448
0.106817
0.107520
0.031055
0.098618
0.093383
0.083678
0.101026
0.105851
0.106689
0.105118
0.046302
0.090644
0.090476
0.094462
0.028685
0.098234
0.106545
0.107538
0.107050
0.042711
0.094727
0.091760
0.084141
0.096004
0.107234
0.106987
0.109327
0.047423
0.090153
0.089783
0.093755
0.030569
0.104860
0.107259
0.106526
0.107375
0.034129
0.098377
0.088934
0.090851
0.088475
0.106796
0.106695
0.107147
0.057000
0.090353
0.090974
0.092601
0.030308
0.106990
0.107238
0.107734
0.107109
0.031936
0.100480
0.091717
0.084285
0.096249
0.106999
0.106750
0.107623
0.047413
0.099972
0.090653
0.090450
0.091637
0.106826
0.106733
0.107114
0.055761
0.090880
0.089639
0.094327
0.030938
0.106800
0.105278
0.104913
0.105862
0.035699
0.097564
0.091120
0.089698
0.063982
0.106236
0.105773
0.105517
0.084496
0.067146
0.092160
0.091914
0.037892
0.100882
0.107371
0.106945
0.105553
0.042673
0.093340
0.090738
0.094283
0.031018
0.105852
0.105471
0.106764
0.106428
0.030549
0.096611
0.090120
0.090869
0.052259
0.105708
0.105630
0.106815
0.093803
0.051195
0.093259
0.092001
0.065533
0.101684
0.107558
0.105433
0.108400
0.043494
0.089163
0.090076
0.096167
0.029956
0.106830
0.107021
0.108302
0.105644
0.031993
0.096626
0.090523
0.090037
0.063791
0.105535
0.108620
0.105667
0.083312
0.062947
0.092201
0.089341
0.056220
0.095479
0.107511
0.105410
0.107677
0.049102
0.089833
0.091038
0.094553
0.028667
0.093729
0.107972
0.107220
0.105613
0.051188
0.090396
0.090638
0.093010
0.031409
0.107100
0.106904
0.106605
0.107158
0.032288
0.095201
0.091080
0.091492
0.102483
0.107193
0.106575
0.105756
0.046353
0.100582
0.090548
0.089968
0.089752
0.106584
0.107131
0.106735
0.055342
0.095533
0.090399
0.088978
0.044025
0.107451
0.107556
0.106271
0.104947
0.050203
0.095887
0.092308
0.066052
0.096142
0.106770
0.106845
0.106867
0.049929
0.090115
0.089938
0.093670
0.053380
0.107585
0.107320
0.107099
0.094394
0.061142
0.088326
0.090066
0.062863
0.101063
0.107085
0.106812
0.107111
0.041294
0.094278
0.090252
0.095016
0.090223
0.106882
0.106568
0.107575
0.054334
0.101374
0.090408
0.090832
0.088890
0.106968
0.106292
0.107795
0.056551
0.091698
0.090313
0.093326
0.043818
0.106405
0.106947
0.106698
0.106253
0.053149
0.095237
0.088763
0.065923
0.101330
0.107408
0.106830
0.107737
0.040846
0.098999
0.088943
0.089927
0.088410
0.107101
0.106878
0.107221
0.054601
0.090379
0.090270
0.093062
0.029399
0.094295
0.105816
0.106541
0.106242
0.049490
0.090431
0.089842
0.092416
0.029942
0.097753
0.107273
0.106471
0.105970
0.056179
0.090149
0.073404
0.090527
0.049490
0.094466
0.105490
0.105244
0.105401
0.054942
0.083817
0.091974
0.092080
0.037195
0.094094
0.105309
0.104691
0.105397
0.054815
0.091416
0.090842
0.093913
0.031904
0.106910
0.105227
0.106359
0.107157
0.034564
0.102070
0.091699
0.084661
0.088578
0.107215
0.108935
0.107616
0.052842
0.094830
0.090704
0.094345
0.032473
0.105384
0.108621
0.105676
0.105790
0.028904
0.096562
0.090750
0.090478
0.105311
0.106335
0.107257
0.107938
0.041847
0.089834
0.090732
0.093125
0.028750
0.101046
0.107614
0.107422
0.105839
0.045457
0.082023
0.092563
0.094307
0.036389
0.102356
0.105719
0.106725
0.105785
0.045851
0.090803
0.089611
0.093656
0.029668
0.097529
0.105412
0.105512
0.106744
0.048947
0.093295
0.089895
0.093797
0.031744
0.105005
0.105808
0.104858
0.107167
0.032687
0.102624
0.093046
0.083287
0.095288
0.105271
0.105644
0.105002
0.054712
0.090688
0.089377
0.092753
0.030318
0.098452
0.105285
0.105584
0.105301
0.050718
0.090441
0.091306
0.093372
0.028872
0.094442
0.105619
0.105043
0.106462
0.053600
0.090750
0.090086
0.093924
0.029246
0.097538
0.106877
0.108726
0.107194
0.042400
0.094285
0.090636
0.095890
0.048352
0.106107
0.106673
0.106442
0.098810
0.047983
0.089178
0.089339
0.075019
0.086140
0.105253
0.105704
0.105488
0.064984
0.091630
0.090775
0.094216
0.030164
0.098290
0.105814
0.105037
0.107777
0.050650
0.100190
0.090690
0.090313
0.081271
0.107554
0.105421
0.105586
0.069971
0.083088
0.091154
0.096068
0.038158
0.105231
0.107355
0.106520
0.105645
0.034315
0.097335
0.090908
0.089096
0.063572
0.107030
0.108963
0.107273
0.078490
0.075640
0.089888
0.091681
0.046983
0.099107
0.106363
0.106669
0.106563
0.045860
0.100994
0.093617
0.086723
0.096673
0.105354
0.106892
0.107046
0.051469
0.099555
0.080022
0.092517
0.029009
0.097799
0.106839
0.106557
0.107796
0.045591
0.099650
0.090971
0.090158
0.086090
0.107171
0.105479
0.105331
0.062705
0.090976
0.090886
0.095860
0.029471
0.094409
0.105681
0.106449
0.106454
0.051111
0.090584
0.089844
0.094788
0.029798
0.103281
0.106049
0.107070
0.105782
0.041423
0.097839
0.090810
0.090348
0.090042
0.107422
0.107059
0.106640
0.055018
0.094649
0.090288
0.095626
0.064466
0.107385
0.106466
0.107022
0.080266
0.076379
0.087228
0.090649
0.049312
0.094045
0.105714
0.105580
0.105911
0.054363
0.091755
0.089816
0.093091
0.029240
0.102837
0.106651
0.106699
0.106965
0.037261
0.097456
0.090857
0.090144
0.089707
0.105734
0.107014
0.106443
0.056092
0.091564
0.089806
0.093414
0.029971
0.102509
0.105664
0.107035
0.106752
0.040639
0.099969
0.090591
0.089760
0.079016
0.107052
0.107292
0.105482
0.067480
0.089804
0.092008
0.094300
0.029196
0.093486
0.105553
0.106998
0.106709
0.051219
0.094604
0.091114
0.095469
0.063720
0.106720
0.106099
0.106868
0.079022
0.073990
0.090111
0.090158
0.052727
0.098032
0.105726
0.106187
0.106974
0.045376
0.093892
0.090790
0.094934
0.032912
0.105669
0.105596
0.105620
0.105062
0.034723
0.100658
0.091666
0.085079
0.095294
0.106114
0.105851
0.105993
0.051613
0.090560
0.089971
0.094170
0.030321
0.102647
0.106615
0.105397
0.107435
0.040831
0.089149
0.091063
0.093377
0.028830
0.101666
0.105834
0.106683
0.105584
0.044082
0.091175
0.092890
0.095674
0.087192
0.105847
0.107306
0.105947
0.061058
0.091323
0.090674
0.093653
0.029308
0.094134
0.107438
0.106825
0.106486
0.048702
0.090815
0.089647
0.093554
0.029314
0.101117
0.106737
0.105448
0.105550
0.045038
0.094425
0.090439
0.094165
0.031789
0.105484
0.105691
0.105264
0.107690
0.034651
0.094733
0.090372
0.090579
0.050424
0.105280
0.105353
0.104484
0.098173
0.048111
0.089676
0.096521
0.068430
0.105157
0.104900
0.105583
0.097639
0.048922
0.095209
0.092735
0.065503
0.100638
0.107025
0.106781
0.107540
0.042751
0.100126
0.089526
0.090441
0.066775
0.105002
0.107165
0.105768
