0.019183
0.094669
0.036653
0.094396
0.106973
0.106951
0.106971
0.048475
0.090203
0.089755
0.093095
0.029289
0.099941
0.105656
0.104918
0.106038
0.047955
0.090889
0.090516
0.094117
0.028533
0.100445
0.107357
0.106131
0.107414
0.045361
0.089556
0.089159
0.094182
0.030447
0.098428
0.107512
0.105431
0.109074
0.045312
0.089978
0.090705
0.091919
0.037174
0.105661
0.107350
0.106653
0.109173
0.028135
0.093376
0.080207
0.092880
0.032249
0.105301
0.105612
0.105177
0.109028
0.034466
0.097368
0.090352
0.089661
0.090032
0.105543
0.106012
0.105646
0.059283
0.096619
0.089640
0.085056
0.096057
0.106037
0.106166
0.107591
0.051641
0.090497
0.091239
0.093839
0.029660
0.097168
0.105636
0.107452
0.105496
0.046945
0.093764
0.091011
0.097313
0.064392
0.106822
0.106674
0.107395
0.081180
0.080878
0.094508
0.095661
0.036350
0.101292
0.107903
0.105868
0.105757
0.044770
0.096056
0.090599
0.090379
0.079732
0.112670
0.107121
0.105490
0.060583
0.091943
0.090454
0.093446
0.030540
0.098630
0.105832
0.105020
0.105911
0.049149
0.091439
0.090987
0.093951
0.036131
0.106266
0.107317
0.107010
0.106934
0.028357
0.097443
0.090224
0.090842
0.096155
0.106867
0.107144
0.106517
0.051244
0.090853
0.090281
0.093705
0.031635
0.109005
0.107464
0.105666
0.107570
0.032179
0.098424
0.094043
0.087424
0.089260
0.109324
0.109262
0.106803
0.050814
0.090457
0.090089
0.093473
0.029024
0.101904
0.105905
0.105283
0.105944
0.044703
0.094470
0.090076
0.095726
0.090650
0.107327
0.105940
0.105373
0.056193
0.052099
0.093200
0.092843
0.065248
0.095864
0.107076
0.107774
0.106989
0.050363
0.094292
0.091550
0.095402
0.063720
0.105894
0.105762
0.106983
0.084332
0.074555
0.091140
0.090176
0.049679
0.097669
0.106984
0.107032
0.105357
0.049239
0.090718
0.091214
0.093765
0.029583
0.099716
0.107198
0.106625
0.105414
0.044175
0.094446
0.091394
0.097290
0.090520
0.105380
0.105576
0.106153
0.061176
0.092330
0.089899
0.094336
0.028880
0.101714
0.107201
0.107354
0.106473
0.043248
0.100139
0.089874
0.090916
0.091226
0.107666
0.105767
0.106990
0.057082
0.092066
0.090583
0.094877
0.031559
0.107328
0.106298
0.105145
0.106041
0.032846
0.095449
0.091085
0.090103
0.088946
0.105711
0.105697
0.105667
0.061860
0.091518
0.091121
0.093728
0.031027
0.102917
0.107321
0.107234
0.107588
0.038233
0.097813
0.095947
0.085743
0.097689
0.105385
0.106904
0.106391
0.049660
0.090430
0.090657
0.093992
0.032991
0.107150
0.106956
0.107233
0.107353
0.031165
0.094469
0.090134
0.089896
0.069087
0.105855
0.105558
0.105639
0.082013
0.068368
0.093674
0.093582
0.049387
0.094455
0.105879
0.107569
0.107136
0.050593
0.090702
0.090412
0.093438
0.029869
0.100952
0.105726
0.107566
0.105791
0.045214
0.090145
0.091052
0.093550
0.029502
0.098170
0.105639
0.107337
0.105892
0.050857
0.089754
0.090550
0.093989
0.034240
0.105785
0.106707
0.107081
0.106807
0.033728
0.094173
0.093641
0.084800
0.096026
0.105686
0.107692
0.107384
0.050344
0.090820
0.091075
0.093844
0.034120
0.105584
0.105735
0.105585
0.106197
0.036575
0.097562
0.089473
0.090426
0.079239
0.107390
0.105943
0.106119
0.067913
0.075714
0.087578
0.089923
0.049029
0.098653
0.105896
0.105715
0.106070
0.051577
0.090821
0.090353
0.094128
0.030453
0.103494
0.107499
0.107493
0.107888
0.038018
0.096798
0.090916
0.090654
0.063831
0.107932
0.107212
0.107701
0.081193
0.079050
0.091932
0.095554
0.037263
0.100724
0.108381
0.106239
0.108101
0.042946
0.099709
0.090606
0.090696
0.081160
0.105735
0.105252
0.107327
0.069875
0.091639
0.090032
0.094182
0.029655
0.100115
0.105606
0.107051
0.107735
0.044974
0.094085
0.089491
0.094020
0.041738
0.107615
0.108028
0.106627
0.105066
0.058032
0.090490
0.090509
0.065863
0.101326
0.107005
0.107755
0.107119
0.043090
0.094133
0.090283
0.096444
0.048822
0.105974
0.106001
0.107347
0.100421
0.060163
0.090744
0.089591
0.063471
0.095996
0.109309
0.109581
0.108225
0.044875
0.100221
0.091187
0.091646
0.101931
0.108738
0.106690
0.107279
0.039928
0.101073
0.089829
0.091566
0.102443
0.107694
0.106513
0.107134
0.041956
0.097391
0.090405
0.090161
0.064484
0.105837
0.105452
0.107257
0.085532
0.068749
0.089577
0.089918
0.056520
0.099290
0.107164
0.105912
0.107836
0.045352
0.090134
0.091127
0.093696
0.029336
0.100325
0.109699
0.105680
0.107353
0.043253
0.093776
0.090392
0.094336
0.090858
0.107545
0.107364
0.106981
0.054641
0.094363
0.091220
0.094693
0.049770
0.107153
0.107030
0.106802
0.095316
0.050702
0.094265
0.090808
0.068422
0.101688
0.107238
0.105694
0.106841
0.044873
0.089499
0.090755
0.094362
0.029624
0.101165
0.106900
0.106141
0.105803
0.044936
0.090810
0.089598
0.094776
0.029327
0.099928
0.107180
0.107338
0.107332
0.041336
0.099848
0.090555
0.090757
0.080805
0.108019
0.106890
0.107283
0.064227
0.081330
0.094795
0.092220
0.039017
0.094858
0.109062
0.105644
0.107189
0.048337
0.090604
0.090003
0.094271
0.030233
0.101403
0.105901
0.105171
0.105709
0.048594
0.099775
0.090069
0.090383
0.064767
0.105988
0.105688
0.106590
0.084196
0.076819
0.086651
0.095196
0.042639
0.099978
0.105584
0.106409
0.105485
0.048035
0.098602
0.090486
0.090336
0.089807
0.107425
0.106708
0.107329
0.057956
0.100152
0.089288
0.089385
0.083290
0.105814
0.106827
0.105194
0.065379
0.092314
0.090130
0.094459
0.029684
0.094646
0.105943
0.105985
0.107213
0.052699
0.090013
0.091369
0.094361
0.031237
0.105044
0.107599
0.105659
0.105838
0.038686
0.097953
0.090104
0.090644
0.089301
0.107079
0.106696
0.107188
0.056882
0.091401
0.091066
0.093972
0.029836
0.099187
0.104927
0.105942
0.105390
0.049039
0.090886
0.090625
0.093778
0.030210
0.099472
0.105252
0.105546
0.105835
0.050488
0.091448
0.090055
0.049743
0.097268
0.107866
0.106974
0.105773
0.048830
0.090270
0.089368
0.093564
0.032013
0.102284
0.106393
0.107020
0.105411
0.042170
0.094102
0.090492
0.096922
0.065982
0.105951
0.106070
0.106590
0.083428
0.075617
0.086793
0.091932
0.049304
0.094937
0.106795
0.106776
0.105614
0.051596
0.090631
0.090771
0.093296
0.029504
0.105880
0.105993
0.106611
0.107390
0.034455
0.097687
0.091090
0.090349
0.078627
0.109643
0.106601
0.106410
0.060378
0.090779
0.091192
0.096121
0.028953
0.098080
0.106828
0.107380
0.106922
0.045171
0.089521
0.090974
0.094651
0.029257
0.098339
0.107505
0.105366
0.106075
0.046626
0.090261
0.089690
0.094593
0.028875
0.097966
0.107616
0.106730
0.105558
0.046616
0.100805
0.090662
0.090462
0.083901
0.107100
0.106248
0.107202
0.060149
0.092437
0.089841
0.093004
0.028817
0.099019
0.107334
0.106740
0.106735
0.042710
0.089567
0.091213
0.094098
0.029371
0.094395
0.105971
0.106199
0.105775
0.050390
0.089825
0.091287
0.094492
0.030536
0.105226
0.106776
0.109357
0.107830
0.032448
0.097235
0.090911
0.089426
0.079575
0.107710
0.105436
0.105603
0.069252
0.093068
0.090301
0.093447
0.035564
0.108033
0.107257
0.107467
0.106132
0.029979
0.099258
0.093807
0.084124
0.096355
0.107785
0.106621
0.107106
0.046911
0.090232
0.090506
0.094398
0.030777
0.102559
0.107656
0.106452
0.106019
0.040080
0.100313
0.090967
0.090171
0.064742
0.106028
0.106755
0.107923
0.081924
0.075683
0.087725
0.089912
0.049860
0.098499
0.106989
0.108020
0.107632
0.045507
0.089244
0.090587
0.094910
0.029769
0.106609
0.107013
0.105368
0.105572
0.034490
0.096356
0.090366
0.089167
0.082434
0.105668
0.105717
0.105930
0.067792
0.086417
0.094573
0.096923
0.030476
0.103135
0.106969
0.106918
0.107708
0.038158
0.097118
0.090724
0.089969
0.090855
0.106712
0.106256
0.107878
0.055260
0.091393
0.089945
0.093960
0.029767
0.099794
0.106128
0.105896
0.106323
0.047950
0.089684
0.090961
0.093819
0.030577
0.100467
0.106847
0.107112
0.105785
0.045811
0.089598
0.091265
0.092942
0.029994
0.097963
0.107303
0.109926
0.106726
0.043023
0.090099
0.089506
0.094771
0.029629
0.102503
0.105824
0.105531
0.108116
0.039209
0.097178
0.090875
0.089519
0.064779
0.107704
0.105325
0.107449
0.082606
0.080761
0.088706
0.090477
0.048883
0.098739
0.105341
0.105921
0.106616
0.049279
0.090641
0.089498
0.094099
0.034440
0.106390
0.107559
0.106509
0.105901
0.032170
0.096941
0.090899
0.090513
0.089844
0.107237
0.107979
0.107667
0.053491
0.091594
0.090331
0.094160
0.029133
0.100236
0.106424
0.107829
0.107342
0.042924
0.090115
0.090655
0.093506
0.029917
0.100926
0.108095
0.108010
0.107095
0.043138
0.101460
0.090923
0.094529
0.096272
0.106911
0.108555
0.107095
0.046835
0.100557
0.094297
0.087637
0.096414
0.109665
0.107084
0.106765
0.047026
0.099693
0.090231
0.090421
0.087780
0.107748
0.107486
0.107873
0.056235
0.091988
0.089702
0.098246
0.067537
0.107801
0.107751
0.107385
0.078513
0.082951
0.092810
0.096608
0.036076
0.104888
0.106671
0.107724
0.107336
0.036732
0.099995
0.091005
0.090753
0.046512
0.107919
0.108038
0.106663
0.095832
0.052536
0.093011
0.091371
0.066274
0.101997
0.107466
0.106773
0.106678
0.043038
0.094409
0.090306
0.096478
0.082477
0.108588
0.110091
0.106967
0.058948
0.091795
0.093885
0.094918
0.097926
0.109238
0.107891
0.105828
0.047321
0.100421
0.090215
0.091019
0.103878
0.106927
0.107484
0.107084
0.040619
0.099364
0.089971
0.090607
0.090565
0.107092
0.106540
0.108156
0.053570
0.102299
0.095313
0.087358
0.102089
0.107995
0.108371
0.107610
0.040740
0.098130
0.090888
0.089842
0.088308
0.106791
0.107102
0.107457
0.056271
0.091721
0.094178
0.087036
0.099936
0.107159
0.107221
0.107469
0.043704
0.099533
0.090312
0.090162
0.088512
0.106579
0.107255
0.107039
0.056682
0.091259
0.094528
0.094827
0.085969
0.108304
0.106493
0.107104
0.055018
0.091697
0.089201
0.092255
0.030937
0.106351
0.107474
0.107372
0.107684
0.031284
0.099333
0.096227
0.081280
0.096206
0.107529
0.107184
0.107889
0.048441
0.093930
0.089866
0.095846
0.090531
0.107502
0.107670
0.107467
0.051982
0.090838
0.090375
0.094254
0.028939
0.104048
0.106818
0.106474
0.107585
0.038118
0.098093
0.090381
0.090578
0.096649
0.107630
0.106923
0.107812
0.048579
0.090732
0.090315
0.094275
0.031199
0.107463
0.107296
0.107515
0.106669
0.029839
0.094632
0.090622
0.091434
0.087715
0.109105
0.107829
0.107467
0.055605
0.091053
0.090600
0.093578
0.032733
0.106642
0.107491
0.106555
0.107067
0.030784
0.097048
0.090381
0.091560
0.097560
0.107398
0.107381
0.107864
0.049555
0.089672
0.091218
0.094075
0.029496
0.101751
0.107291
0.105951
0.105903
0.042878
0.090181
0.090070
0.093367
0.029820
0.106865
0.109598
0.107708
0.107778
0.034002
0.095327
0.090907
0.081618
0.101853
0.107407
0.105833
0.106997
0.044759
0.090815
0.090721
0.096846
0.032799
0.106606
0.107112
0.107052
0.105860
0.027952
0.096794
0.090894
0.090589
0.085731
0.105603
0.106017
0.107391
0.064020
0.092161
0.090482
0.092476
0.034989
0.105770
0.107351
0.107009
0.106029
0.032128
0.095554
0.090040
0.089881
0.088845
0.106522
0.105426
0.105707
0.061953
0.091910
0.091264
0.101436
0.086302
0.107609
0.106271
0.105920
0.061239
0.091268
0.090513
0.086359
0.037796
0.100848
0.107144
0.107450
0.107085
0.042516
0.089942
0.091259
0.094401
0.029772
0.101642
0.108244
0.107965
0.107304
0.041622
0.100368
0.091039
0.090766
0.049774
0.107106
0.105612
0.106720
0.098477
0.033760
0.093579
0.094985
0.081932
0.100446
0.105334
0.105993
0.105725
0.055510
0.098979
0.089962
0.090003
0.088644
0.107380
0.106425
0.105584
0.059225
0.092672
0.090031
0.093962
0.031418
0.105534
0.106563
0.107387
0.107735
0.032281
0.096384
0.091216
0.090302
0.062898
0.105634
0.105613
0.106812
0.083707
0.064982
0.091271
0.090119
0.057412
0.101443
0.107224
0.105097
0.105640
0.047549
0.090607
0.091066
0.094470
0.029486
0.100646
0.105579
0.106977
0.105777
0.042966
0.090362
0.090691
0.093173
0.030203
0.106915
0.105319
0.107153
0.106895
0.092293
0.090929
0.093337
0.029383
0.100583
0.107137
0.106326
0.106759
0.041605
0.100399
0.090233
0.090516
0.078374
0.105356
0.106240
0.105157
0.069244
0.090824
0.091630
0.094408
0.030329
0.102988
0.106855
0.108074
0.107167
0.036919
0.097839
0.089962
0.089933
0.058031
0.106087
0.109269
0.105558
0.089231
0.069715
0.093955
0.093896
0.048782
0.094334
0.105037
0.105599
0.105407
0.054678
0.090335
0.091589
0.094694
0.035887
0.105879
0.112203
0.105857
0.105858
0.034333
0.094136
0.093903
0.083595
0.089436
0.107101
0.106875
0.106483
0.054797
0.090400
0.090363
0.094594
0.031031
0.102891
0.105668
0.107134
0.105258
0.042597
0.090109
0.090064
0.094769
0.029729
0.094068
0.107533
0.107316
0.105644
0.050499
0.090214
0.091320
0.094216
0.029838
0.102559
0.106697
0.108339
0.105529
0.037782
0.098584
0.090062
0.089723
0.089792
0.105591
0.106826
0.104964
0.059524
0.091496
0.091205
0.094904
0.029809
0.104110
0.107279
0.105574
0.106144
0.042435
0.090124
0.091075
0.094632
0.029410
0.096474
0.105235
0.105199
0.105224
0.050626
0.090053
0.091291
0.094279
0.029192
0.103404
0.106969
0.106560
0.105610
0.039261
0.094253
0.091211
0.096609
0.098893
0.105474
0.105580
0.107196
0.051502
0.090333
0.088917
0.093849
0.031265
0.103882
0.105414
0.105882
0.106833
0.043099
0.090456
0.090429
0.094071
0.030165
0.098564
0.106613
0.105464
0.107546
0.046585
0.090141
0.090939
0.093268
0.029708
0.099585
0.108811
0.106783
0.106858
0.040749
0.097720
0.093344
0.087723
0.098352
0.105693
0.107304
0.109633
0.047049
0.093948
0.091340
0.094212
0.030977
0.104923
0.105072
0.105833
0.105971
0.033497
0.097513
0.090219
0.090592
0.090796
0.106940
0.107797
0.105431
0.054901
0.091328
0.090692
0.093440
0.031735
0.106138
0.107443
0.105726
0.108036
0.035189
0.095253
0.090373
0.090882
0.080330
0.106203
0.107508
0.106566
0.064183
0.091702
0.090060
0.100824
0.085933
0.106670
0.105535
0.107251
0.060873
0.092214
0.090926
0.101295
0.067808
0.105769
0.105817
0.106622
0.081540
0.064676
0.091645
0.091160
0.056768
0.098448
0.105387
0.104820
0.105358
0.052454
0.091498
0.090350
0.092436
0.031550
0.105866
0.107426
0.107231
0.107271
0.031127
0.096219
0.088756
0.090636
0.096889
0.105601
0.107042
0.106991
0.051108
0.090503
0.090925
0.094077
0.029479
0.094385
0.106741
0.105275
0.105538
0.053638
0.091644
0.090323
0.093687
0.030574
0.100913
0.105473
0.106050
0.105664
0.045803
0.089941
0.091404
0.094385
0.029095
0.098348
0.106854
0.106869
0.105542
0.032957
0.098942
0.092192
0.084529
0.096163
0.107587
0.106767
0.106657
0.049421
0.092078
0.093591
0.065495
0.094970
0.106888
0.106063
0.105851
0.033354
0.094310
0.090991
0.089941
0.096197
0.106900
0.106991
0.106194
0.031961
0.096891
0.090219
0.089720
0.069433
0.107391
0.105608
0.106285
0.077156
0.061253
0.090362
0.089351
0.063058
0.094908
0.106928
0.105845
0.106266
0.051771
0.091284
0.089892
0.092633
0.029403
0.103667
0.107854
0.106631
0.108130
0.037893
0.096833
0.089872
0.090280
0.067324
0.108346
0.106117
0.105755
0.077172
0.082772
0.093309
0.091115
0.038571
0.099133
0.107265
0.107204
0.107712
0.044677
0.089952
0.090403
0.093181
0.029309
0.099609
0.107282
0.107134
0.107286
0.044346
0.100188
0.090590
0.090814
0.088878
0.107770
0.107107
0.106824
0.056097
0.100905
0.093934
0.087562
0.098132
0.106841
0.107079
0.107722
0.047913
0.093935
0.089422
0.096870
0.080947
0.106960
0.106937
0.106940
0.063400
0.081657
0.091494
0.095295
0.036844
0.103297
0.107362
0.107072
0.107521
0.039276
0.096551
0.089405
0.090621
0.079555
0.105695
0.105085
0.105054
0.070629
0.079433
0.094536
0.092584
0.038049
0.103456
0.107843
0.106376
0.105635
0.043777
0.094792
0.090303
0.095134
0.047614
0.107095
0.106862
0.106790
0.097338
0.068014
0.091034
0.090124
0.056767
0.094317
0.105834
0.106769
0.106294
0.051177
0.090466
0.089970
0.093548
0.031729
0.105182
0.105742
0.106220
0.107389
0.035485
0.097717
0.090211
0.089690
0.064572
0.106080
0.105426
0.107234
0.082380
0.085278
0.094743
0.096184
0.029213
0.097514
0.107005
0.105735
0.107149
0.044695
0.093481
0.091059
0.095862
0.048023
0.105809
0.107043
0.105871
0.101005
0.058297
0.088879
0.089337
0.065043
0.098882
0.107044
0.107002
0.106497
0.047953
0.100836
0.089854
0.089561
0.091522
0.107426
0.106846
0.105641
0.060812
0.090257
0.090074
0.096947
0.055538
0.105325
0.107336
0.105281
0.098202
0.061739
0.089029
0.090546
0.062101
0.099135
0.105416
0.105435
0.106195
0.051711
0.100832
0.090688
0.090061
0.065294
0.106298
0.107876
0.105297
