0.014394
0.087716
0.064618
0.087221
0.105988
0.105990
0.106262
0.071344
0.062566
0.089984
0.089093
0.068917
0.088809
0.106413
0.106313
0.106126
0.068570
0.058108
0.089452
0.092990
0.069620
0.083724
0.108279
0.106247
0.105914
0.074433
0.068438
0.085017
0.088784
0.069148
0.088418
0.106000
0.106031
0.105875
0.070030
0.080926
0.086279
0.093755
0.051122
0.085243
0.106223
0.108748
0.106491
0.069621
0.080369
0.086891
0.093252
0.051955
0.089352
0.106111
0.105995
0.108462
0.067922
0.077095
0.088820
0.093515
0.051677
0.085389
0.106079
0.105937
0.105898
0.073601
0.064460
0.087882
0.088567
0.069168
0.085050
0.106219
0.106020
0.106228
0.073671
0.061975
0.089323
0.088301
0.069069
0.088713
0.106360
0.106123
0.106111
0.071045
0.063834
0.089404
0.087360
0.069001
0.089241
0.106159
0.105649
0.105174
0.070161
0.080945
0.093522
0.085798
0.051768
0.100959
0.106008
0.106241
0.105998
0.060299
0.080789
0.091504
0.086385
0.051643
0.087393
0.106558
0.106158
0.106114
0.069939
0.093506
0.093874
0.092368
0.038642
0.094997
0.107705
0.105984
0.108364
0.060553
0.086171
0.091141
0.095466
0.040265
0.094630
0.105805
0.108352
0.106420
0.062736
0.084203
0.093899
0.095234
0.040587
0.099962
0.108281
0.107845
0.108466
0.053638
