0.013680
0.092298
0.033487
0.098177
0.106065
0.105341
0.107032
0.048530
0.091487
0.090412
0.093956
0.029216
0.094881
0.106978
0.105098
0.106759
0.051350
0.091240
0.091027
0.094749
0.029271
0.102083
0.105434
0.106762
0.106951
0.040479
0.090062
0.092366
0.094512
0.032371
0.105740
0.107906
0.106467
0.105225
0.031074
0.096100
0.089647
0.090293
0.072784
0.105822
0.106982
0.108934
0.074377
0.081790
0.092394
0.091920
0.037147
0.094205
0.106018
0.105402
0.105469
0.055016
0.090265
0.091515
0.094669
0.029739
0.099963
0.104868
0.105204
0.105161
0.048596
0.090579
0.091230
0.094903
0.030534
0.101851
0.106791
0.106070
0.105571
0.043292
0.090177
0.090886
0.095148
0.029523
0.093846
0.105914
0.106984
0.105999
0.054020
0.090488
0.090168
0.093907
0.029808
0.098205
0.105464
0.106624
0.105781
0.048425
0.090760
0.095430
0.094835
0.064707
0.106665
0.106862
0.105978
0.082219
0.068460
0.089056
0.089625
0.056864
