0.013958
0.107313
0.104235
0.043279
0.094174
0.086455
0.087460
0.030614
0.106349
0.105971
0.106155
0.106375
0.045630
0.090323
0.091716
0.092759
0.036466
0.086968
0.106830
0.105910
0.106536
0.072039
0.091129
0.093627
0.092810
0.036776
0.099480
0.106333
0.106148
0.105538
0.060825
0.090688
0.093649
0.092544
0.036351
0.086393
0.105752
0.106991
0.105401
0.072198
0.076152
0.090984
0.093897
0.051193
0.101906
0.105553
0.106504
0.106262
0.057822
0.094052
0.091581
0.093011
0.036150
0.095806
0.105633
0.107855
0.108907
0.060210
0.085773
0.091223
0.095730
0.040964
0.095841
0.106271
0.106060
0.106219
0.063710
0.081818
0.091650
0.090725
0.048441
0.086156
0.106164
0.106445
0.106185
0.073055
0.078802
0.088861
0.093660
0.052078
0.096151
0.105459
0.106233
0.106046
0.063631
0.076985
0.089148
0.093610
0.051888
0.088385
0.106787
0.106392
0.106343
0.070807
0.072913
0.093475
0.093591
0.050183
0.096471
0.106232
0.106315
0.105913
0.063476
0.095758
0.094143
0.096859
0.034209
0.100484
0.106129
0.105724
0.106145
0.057981
0.082984
0.096601
0.091920
0.041514
0.095816
0.106362
0.106661
0.106299
0.064169
0.082798
0.091094
0.086640
0.051644
0.096480
0.108565
0.106334
0.106137
0.062556
0.091876
0.093448
0.093138
0.036794
0.101810
0.106497
0.105774
0.106345
0.057808
0.081328
0.091169
0.086463
0.052175
0.089315
0.106001
0.106302
0.106501
0.070686
0.075399
0.091717
0.093802
0.051390
0.085248
0.106555
0.106414
0.106322
0.072701
0.066950
0.091952
0.087289
0.064487
0.089962
0.108302
0.107378
0.104784
0.068752
0.082368
0.091505
0.086658
0.052087
0.088655
0.106343
0.106381
0.106314
0.071594
0.082621
0.091224
0.093565
0.046497
0.095426
0.105436
0.106076
0.106298
0.063980
0.079232
0.087412
0.093479
0.051790
0.088284
0.106138
0.106266
0.105963
0.071899
0.078853
0.087008
0.093127
0.054431
0.102887
0.106528
0.106353
0.106454
0.055074
0.091977
0.091587
0.092585
0.036355
0.088171
0.106483
0.106376
0.106098
0.070119
0.074615
0.091768
0.089993
0.054640
0.096157
0.106066
0.106133
0.106110
0.064597
0.079261
0.086618
0.090651
0.055305
0.095890
0.106066
0.106051
0.108731
0.061697
0.078744
0.086931
0.093550
0.051738
0.086508
0.106066
0.105942
0.106125
0.072701
0.076676
0.092266
0.093141
0.051995
0.095926
0.105837
0.106205
0.105906
0.064415
0.083959
0.094398
0.095212
0.040750
0.101927
0.105631
0.105774
0.106391
0.058387
0.083274
0.093923
0.064540
0.069261
0.089387
0.106431
0.105803
0.108582
0.067879
0.080911
0.086846
0.093144
0.051718
0.089424
0.105956
0.105944
0.105858
0.070160
0.077237
0.089408
0.092976
0.052579
0.101588
0.105766
0.106197
0.106300
0.059124
0.085822
0.091208
0.095120
0.040306
0.099528
0.106088
0.106481
0.105723
0.061668
0.090629
0.094040
0.091777
0.037343
0.095822
0.106227
0.106311
0.106213
0.063883
0.078149
0.089127
0.093278
0.052057
0.101530
0.106348
0.106020
0.105782
0.060808
0.090580
0.091761
0.093166
0.036340
0.085639
0.106519
0.106260
0.106336
0.072052
0.074287
0.093443
0.093462
0.051543
0.084121
0.105955
0.105856
0.105988
0.074582
0.072286
0.093054
0.096413
0.052003
0.088051
0.106091
0.106539
0.106416
0.070251
0.082515
0.091388
0.086637
0.052146
0.095909
0.105941
0.105765
0.106059
0.064667
0.082409
0.090968
0.093045
0.046328
0.089644
0.106413
0.105640
0.106430
0.068074
0.083271
0.090703
0.086317
0.051847
0.088610
0.105928
0.106454
0.106203
0.070843
0.076972
0.089318
0.093109
0.052052
0.087568
0.106178
0.106560
0.106097
0.071067
0.080436
0.086522
0.093652
0.051384
0.088183
0.105933
0.105994
0.106473
0.070325
0.075186
0.091244
0.093400
0.052768
0.099519
0.106363
0.106380
0.105767
0.060016
0.079021
0.087015
0.095787
0.049282
0.088444
0.106317
0.105407
0.106696
0.069703
0.078547
0.088978
0.093138
0.051713
0.088763
0.105901
0.106051
0.106329
0.070889
0.071077
0.093287
0.093080
0.054180
0.095241
0.106042
0.106186
0.106264
0.064987
0.079237
0.086774
0.093344
0.051713
0.087608
0.106282
0.106573
0.105985
0.071963
0.080762
0.086602
0.093239
0.051598
0.088281
0.106278
0.106156
0.106355
0.069514
0.075372
0.091002
0.093212
0.051762
0.088470
0.106579
0.105988
0.106087
0.070434
0.080400
0.086517
0.093422
0.051467
0.086673
0.105909
0.105791
0.106186
0.072809
0.080647
0.086916
0.093043
0.051496
0.095312
0.106434
0.106570
0.105861
0.064774
0.079281
0.086970
0.093525
0.051839
0.085933
0.106390
0.106045
0.105947
0.072323
0.079925
0.086713
0.093017
0.051407
0.095757
0.105857
0.106482
0.106467
0.064608
0.082117
0.091138
0.088352
0.049825
0.085495
0.106459
0.106093
0.108801
0.069752
0.075049
0.091441
0.093305
0.052102
0.088438
0.106029
0.106245
0.105900
0.070706
0.075456
0.091367
0.096481
0.049242
0.085469
0.106295
0.106469
0.106147
0.071478
0.071934
0.092687
0.088379
0.060048
0.077618
0.106544
0.106153
0.106342
0.079707
0.049604
0.090082
0.093323
0.078000
0.089887
0.106138
0.106433
0.106161
0.070177
0.079975
0.086869
0.093028
0.052431
0.102614
0.106386
0.105767
0.106905
0.058649
0.092964
0.091522
0.092568
0.036049
0.094702
0.106000
0.106608
0.106469
0.064417
0.091901
0.093956
0.093223
0.035915
0.094206
0.106320
0.108395
0.106352
0.061913
0.081341
0.091640
0.086643
0.053028
0.088904
0.106930
0.105344
0.106187
0.070080
0.080063
0.086925
0.093360
0.052020
0.087820
0.105726
0.105824
0.106572
0.070608
0.075178
0.091572
0.093489
0.052144
0.088840
0.106508
0.105962
0.106464
0.070151
0.071005
0.092898
0.088197
0.059834
0.096656
0.106816
0.105936
0.105831
0.064312
0.084467
0.093781
0.097945
0.038208
0.095666
0.106273
0.106514
0.106203
0.064066
0.082618
0.091225
0.086701
0.052115
0.094737
0.106608
0.106431
0.106291
0.064079
0.079472
0.088033
0.091752
0.051852
0.095316
0.106328
0.106221
0.106259
0.064428
0.092163
0.093823
0.093050
0.035808
0.085678
0.106481
0.106271
0.105767
0.071068
0.066188
0.086460
0.088941
0.068974
0.088887
0.106572
0.105947
0.106131
0.071782
0.086650
0.091609
0.094902
0.040913
0.099332
0.106082
0.105693
0.105775
0.061020
0.092219
0.091485
0.092507
0.036154
0.096232
0.106195
0.106211
0.106237
0.063547
0.083963
0.093927
0.095207
0.040635
0.095628
0.106261
0.106265
0.105662
0.064821
0.079273
0.087635
0.092517
0.051696
0.087347
0.106072
0.106159
0.105755
0.072071
0.071725
0.092476
0.088827
0.059426
0.089794
0.105818
0.106342
0.106129
0.070311
0.079655
0.089527
0.091175
0.051839
0.087021
0.106291
0.106425
0.105392
0.071727
0.079316
0.089267
0.093510
0.051790
0.098736
0.105718
0.106159
0.105746
0.062038
0.083615
0.093570
0.095637
0.040284
0.094558
0.106264
0.106028
0.106170
0.065452
0.081240
0.091198
0.085629
0.051625
0.102199
0.108626
0.106161
0.105880
0.055102
0.083169
0.093852
0.095393
0.039733
0.099781
0.105987
0.106227
0.106283
0.060429
0.081338
0.091499
0.086323
0.051730
0.095649
0.106393
0.106309
0.106194
0.064879
0.084105
0.093737
0.098036
0.038370
0.094405
0.106601
0.106223
0.106288
0.065433
0.091768
0.094213
0.092919
0.038522
0.095049
0.108382
0.106059
0.105739
0.060059
0.078996
0.086927
0.093765
0.051582
0.094972
0.106025
0.106359
0.106554
0.064286
0.076967
0.089290
0.093429
0.053118
0.087603
0.108662
0.106174
0.107973
0.066632
0.082033
0.091192
0.086722
0.052854
0.088838
0.105822
0.105519
0.106224
0.072066
0.079264
0.086963
0.093751
0.052162
0.096630
0.105822
0.107147
0.106485
0.059762
0.078950
0.087954
0.093104
0.051433
0.087518
0.106491
0.106246
0.105896
0.071203
0.077157
0.089102
0.093962
0.051968
0.095690
0.106071
0.105953
0.105826
0.064517
0.079353
0.086730
0.093522
0.051924
0.095312
0.106362
0.106181
0.105935
0.065220
0.079386
0.087314
0.093338
0.051701
0.086688
0.107235
0.104722
0.106127
0.071951
0.068323
0.084770
0.089172
0.069061
0.086841
0.106094
0.105771
0.106127
0.071947
0.081111
0.087577
0.093264
0.051824
0.095154
0.106482
0.106199
0.106568
0.063901
0.079598
0.086701
0.092919
0.051624
0.088423
0.106935
0.106347
0.105814
0.071079
0.073113
0.093711
0.093155
0.052885
0.088652
0.108109
0.106479
0.107107
0.066016
0.083109
0.096336
0.092489
0.040795
0.095978
0.105960
0.106208
0.106636
0.067317
0.092612
0.092902
0.097304
0.042528
0.106346
0.106325
0.108547
0.108960
0.034607
0.093682
0.089369
0.099521
0.030319
0.096992
0.106201
0.105974
0.106360
0.062789
0.090884
0.093753
0.092944
0.039150
0.100691
0.106326
0.105616
0.106074
0.054571
0.092604
0.091548
0.092510
0.036294
0.094089
0.106585
0.106121
0.106264
0.064607
0.083105
0.093983
0.094759
0.042270
0.104881
0.106079
0.105797
0.106572
0.050014
0.089177
0.093959
0.092499
0.036196
0.094731
0.106375
0.106560
0.106387
0.064545
0.079102
0.093631
0.086160
0.053804
0.095936
0.105696
0.106230
0.105697
0.063469
0.079306
0.087210
0.093250
0.051657
0.089024
0.106227
0.105800
0.106312
0.070676
0.076019
0.091642
0.093436
0.051857
0.085575
0.106305
0.106375
0.106004
0.071757
0.069172
0.089918
0.087066
0.064555
0.089046
0.106119
0.105845
0.105753
0.070530
0.074047
0.093633
0.092927
0.051793
0.088449
0.106049
0.106234
0.105851
0.069765
0.075187
0.091616
0.093270
0.052075
0.090106
0.106234
0.105262
0.106134
0.067928
0.079423
0.086504
0.093407
0.051978
0.095899
0.105685
0.106656
0.106027
0.065188
0.082163
0.093380
0.090960
0.046512
0.088610
0.106710
0.108474
0.105953
0.068702
0.074855
0.091684
0.093541
0.051478
0.088440
0.106108
0.106093
0.106162
0.070627
0.082772
0.091155
0.086394
0.051318
0.091154
0.106367
0.106215
0.106266
0.069473
0.083706
0.093895
0.094923
0.040119
0.095210
0.106425
0.105961
0.105833
0.064227
0.074788
0.091596
0.093232
0.051518
0.087996
0.106476
0.106068
0.106408
0.070996
0.075369
0.091454
0.093784
0.051476
0.094934
0.106327
0.105941
0.106638
0.063781
0.081998
0.091096
0.086121
0.051303
0.088401
0.106145
0.105944
0.106396
0.070929
0.079334
0.086880
0.093812
0.053487
0.103294
0.106043
0.105812
0.106801
0.054955
0.091554
0.091381
0.092412
0.036532
0.088571
0.106576
0.106307
0.106317
0.071147
0.079993
0.086956
0.093075
0.053930
0.094539
0.108729
0.105992
0.106610
0.061718
0.081582
0.091479
0.086488
0.051450
0.088004
0.106300
0.106489
0.106224
0.070606
0.073254
0.093687
0.093780
0.053927
0.095756
0.106358
0.106483
0.105886
0.065076
0.083337
0.093749
0.096933
0.038373
0.093929
0.106709
0.106432
0.106236
0.066038
0.085290
0.091768
0.095526
0.043057
0.095088
0.106344
0.106248
0.106552
0.065141
0.078919
0.086688
0.093042
0.051665
0.095588
0.106311
0.106846
0.106252
0.065787
0.091068
0.093652
0.099384
0.032820
0.094803
0.105959
0.106208
0.106181
0.063956
0.076795
0.089135
0.093530
0.052121
0.098133
0.105812
0.106151
0.106313
0.062815
0.081312
0.092345
0.085755
0.051760
0.089778
0.106651
0.106492
0.106055
0.070005
0.082921
0.090983
0.086322
0.052782
0.095296
0.108646
0.108189
0.106190
0.061131
0.081768
0.091157
0.086360
0.051579
0.095982
0.105664
0.106642
0.106020
0.065501
0.081550
0.091138
0.086684
0.051721
0.088896
0.106581
0.106938
0.105946
0.071305
0.080017
0.093237
0.086422
0.051576
0.085014
0.106258
0.106111
0.106313
0.071555
0.067262
0.097225
0.093217
0.055536
0.101269
0.106005
0.106363
0.106565
0.057748
0.090297
0.094121
0.092959
0.036490
0.087635
0.106182
0.105865
0.106364
0.070760
0.080009
0.086799
0.093582
0.051955
0.083543
0.111007
0.105932
0.106462
0.069991
0.079387
0.087023
0.093152
0.051713
0.087634
0.106366
0.106269
0.105724
0.070479
0.072842
0.094134
0.093298
0.051549
0.087923
0.106422
0.106127
0.106163
0.071822
0.081973
0.090417
0.086514
0.051928
0.088250
0.106574
0.106115
0.106001
0.066871
0.079688
0.093151
0.086640
0.051741
0.088308
0.106189
0.106357
0.106356
0.071076
0.071195
0.092159
0.088221
0.059226
0.087458
0.106360
0.106243
0.106332
0.072983
0.078298
0.089831
0.093477
0.051066
0.088080
0.106302
0.105512
0.106146
0.070336
0.075610
0.091041
0.093325
0.051428
0.088259
0.106124
0.106014
0.105994
0.070074
0.067260
0.096950
0.093199
0.055420
0.095529
0.106854
0.106551
0.105184
0.064488
0.079077
0.086820
0.094478
0.050736
0.088129
0.106331
0.106089
0.106457
0.070668
0.077139
0.089670
0.093214
0.052425
0.087878
0.106649
0.105953
0.106501
0.070707
0.077024
0.089503
0.093719
0.052166
0.085882
0.106479
0.105875
0.105437
0.072552
0.075955
0.092244
0.092935
0.051357
0.085999
0.106898
0.106000
0.106206
0.072120
0.064370
0.087427
0.088187
0.068978
0.089655
0.106426
0.106288
0.106103
0.072832
0.078995
0.086630
0.093247
0.052543
0.088376
0.105006
0.106088
0.106200
0.069849
0.091249
0.093878
0.092919
0.036788
0.095358
0.105992
0.106339
0.106165
0.065044
0.081682
0.091039
0.086839
0.052448
0.099316
0.106211
0.106458
0.106390
0.059724
0.081430
0.091426
0.086796
0.052651
0.089339
0.105922
0.105976
0.106213
0.069231
0.079318
0.093741
0.086679
0.052662
0.098996
0.105509
0.106077
0.105861
0.063082
0.083568
0.093758
0.095726
0.040136
0.094693
0.106300
0.106074
0.105931
0.064233
0.079298
0.086952
0.093908
0.052558
0.096931
0.106145
0.106067
0.105511
0.063647
0.079390
0.086810
0.093393
0.052370
0.094256
0.106479
0.106294
0.106570
0.065875
0.086388
0.091614
0.095349
0.040617
0.101751
0.106629
0.105871
0.106488
0.058194
0.091508
0.093644
0.093309
0.035447
0.095172
0.106105
0.106098
0.106269
0.066478
0.083696
0.093591
0.095505
0.039957
0.099016
0.106009
0.106259
0.105952
0.062395
0.082245
0.095319
0.095550
0.040274
0.095282
0.105991
0.106233
0.106495
0.064414
0.082873
0.090894
0.086357
0.051926
0.087656
0.106097
0.106164
0.105430
0.070715
0.082813
0.091005
0.086334
0.051972
0.088951
0.106618
0.106468
0.106274
0.070533
0.066952
0.092168
0.067712
0.084222
0.106530
0.106394
0.105949
0.074556
0.070443
0.089734
0.087020
0.064429
0.095701
0.106326
0.106180
0.106159
0.064775
0.082586
0.091529
0.086360
0.051293
0.086022
0.105886
0.106295
0.105510
0.071596
0.072066
0.093301
0.092401
0.054760
0.100142
0.106256
0.105818
0.106001
0.060892
0.079192
0.086801
