0.018200
0.106450
0.107318
0.070340
0.090787
0.091171
0.096128
0.029691
0.102349
0.108109
0.107178
0.107594
0.038828
0.100314
0.091570
0.090327
0.065612
0.107059
0.106188
0.106874
0.082405
0.065010
0.092351
0.091577
0.057353
0.094266
0.106273
0.107101
0.106126
0.054420
0.090984
0.090762
0.094027
0.033158
0.102828
0.105503
0.105982
0.106016
0.046183
0.089986
0.091058
0.093781
0.038466
0.106747
0.106057
0.105813
0.106216
0.031799
0.097234
0.092343
0.091967
0.034685
0.105764
0.106287
0.107312
0.105839
0.030472
0.096421
0.091403
0.090392
0.085672
0.106358
0.106456
0.105971
0.067147
0.091560
0.093546
0.092884
0.042888
0.106846
0.106363
0.105561
0.105320
0.030458
0.079202
0.095614
0.097439
0.029114
0.095413
0.106852
0.106080
0.108193
0.055618
0.091087
0.090631
0.094817
0.029211
0.095796
0.107218
0.106163
0.107714
0.051861
0.090935
0.091649
0.095517
0.029559
0.095062
0.105943
0.105967
0.106276
0.058413
0.095013
0.090880
0.095412
0.033561
0.106614
0.105659
0.105210
0.106272
0.035110
0.097950
0.091545
0.089903
0.107460
0.107639
0.106242
0.108272
0.050753
0.091668
0.091122
0.079233
0.098030
0.106103
0.105778
0.106070
0.055942
0.091698
0.091752
0.094532
0.030915
0.105592
0.105295
0.106122
0.105710
0.037304
0.098175
0.090677
0.090862
0.058133
0.106240
0.105310
0.105069
0.092551
0.050200
0.094223
0.091300
0.069370
0.096613
0.106334
0.106317
0.106665
0.054480
0.088644
0.091768
0.090823
0.033902
0.099859
0.106411
0.106400
0.106616
0.050203
0.090314
0.092082
0.095446
