0.018357
0.098385
0.048094
0.088940
0.090303
0.075166
0.094952
0.106050
0.105559
0.105642
0.054406
0.090801
0.090889
0.094543
0.031826
0.102158
0.107547
0.104908
0.106899
0.041024
0.089535
0.091241
0.094604
0.030093
0.102770
0.106038
0.105917
0.105542
0.046332
0.090803
0.091407
0.069529
0.052328
0.094728
0.105210
0.106097
0.105883
0.055355
0.091873
0.090602
0.094849
0.096529
0.106068
0.106240
0.106256
0.056634
0.091530
0.090596
0.094345
0.032860
0.100768
0.105855
0.106845
0.105966
0.043928
0.098944
0.090088
0.090561
0.103950
0.105944
0.106679
0.106051
0.048099
0.090734
0.091086
0.094725
0.031876
0.102626
0.105740
0.105204
0.106536
0.045796
0.091005
0.091592
0.094582
0.029024
0.094110
0.106971
0.106244
0.105527
0.051658
0.064624
0.085588
0.090568
0.063131
0.096817
0.105495
0.105816
0.105983
0.042968
0.094258
0.094289
0.075603
0.100901
0.106261
0.105415
0.106399
0.051136
0.089379
0.090994
0.094270
0.029668
0.095790
0.106873
0.105456
0.106349
0.052141
0.094385
0.091625
0.091861
0.064770
0.105702
0.105307
0.105793
0.090693
0.028456
0.089223
0.090849
0.096536
0.064613
0.105585
0.105317
0.109525
0.082639
0.063510
0.087199
0.090815
0.062652
0.098775
0.105010
0.106211
0.105995
0.051074
0.090329
0.090451
0.096752
0.029410
0.107100
0.106508
0.109745
0.100502
0.047496
0.091635
0.090037
0.073781
0.095199
0.104816
0.105333
0.106471
0.056289
0.091631
0.091086
0.094805
0.028883
0.094264
0.106115
0.105595
0.106049
0.055670
0.091690
0.091023
0.095038
0.029527
0.097976
0.106071
0.105423
0.107195
0.049306
0.089880
0.090910
0.095006
0.029304
0.097814
0.105519
0.105970
0.106481
0.052457
0.090089
0.091626
0.093749
0.028732
0.101149
0.105154
0.105945
0.105683
0.048880
0.090635
0.091320
0.095102
0.030182
0.093116
0.106449
0.104973
0.108234
0.053654
0.090402
0.091354
0.094459
0.031026
0.103903
0.104874
0.105304
0.106904
0.045686
0.090294
0.090720
0.094361
0.031388
0.103363
0.106774
0.105441
0.053988
0.090501
0.095522
0.095732
0.039908
0.105900
0.106001
0.106184
0.105526
0.028521
0.095904
0.090787
0.091408
0.089985
0.105561
0.105753
0.105813
