0.014032
0.091712
0.063905
0.085982
0.106204
0.105823
0.105793
0.071747
0.063000
0.088696
0.088386
0.069138
0.084016
0.106121
0.105803
0.105794
0.073002
0.064092
0.087400
0.088066
0.068705
0.095371
0.105531
0.105726
0.106137
0.064134
0.081307
0.091268
0.085725
0.051871
0.088156
0.106154
0.105941
0.106200
0.069977
0.073427
0.092946
0.092970
0.051252
0.089216
0.105745
0.105765
0.106024
0.069644
0.074557
0.090872
0.093377
0.051814
0.096394
0.105700
0.105541
0.106097
0.062884
0.081768
0.091357
0.085156
0.051187
0.089057
0.108169
0.105616
0.106131
0.068340
0.082117
0.091094
0.085751
0.051569
0.088196
0.106110
0.105628
0.106270
0.068904
0.074926
0.091001
0.093180
0.051644
0.088360
0.105805
0.106143
0.105972
0.070163
0.092441
0.093314
0.091690
0.035665
0.101766
0.105852
0.106039
0.105036
0.057230
0.092143
0.090532
0.091088
0.037690
0.101862
0.105457
0.105520
0.105417
0.056760
0.090406
0.093321
0.092551
0.036555
0.095353
0.105500
0.105956
0.105259
0.063615
0.081901
0.092722
0.092730
0.043959
0.093965
0.105667
0.105278
0.105822
0.063567
0.079022
0.093262
0.086125
0.052168
0.087618
0.105790
0.108194
0.106226
0.068239
0.079277
0.086896
0.092692
0.051196
0.088133
0.105750
0.106151
0.105828
0.069255
0.075437
0.090768
0.092789
0.051211
0.086140
0.105658
0.105887
0.105357
0.070862
0.066746
0.085643
0.088691
0.068881
0.084097
0.106379
0.105286
0.105971
0.073764
0.077232
0.090700
0.092936
0.051287
0.088033
0.106289
0.106217
0.105480
0.070126
0.079187
0.091358
0.088833
0.050822
0.097918
0.105654
0.105546
0.105967
0.061454
0.080922
0.095396
0.095114
0.040462
0.088214
0.105911
0.107618
0.104856
0.067010
0.079262
0.086351
0.093134
0.051425
0.088157
0.106504
0.105439
0.105550
0.070767
0.083835
0.093503
0.095162
0.040267
0.095008
0.108598
0.105667
0.105962
0.061782
0.083326
0.093240
0.095052
0.039768
0.094203
0.105949
0.105539
0.105881
0.063945
0.076560
0.088324
0.092913
0.052504
0.094598
0.106682
0.105551
0.106004
0.063723
0.090944
0.093218
0.101326
0.030606
0.093996
0.105767
0.105788
0.105722
0.064573
0.089980
0.094361
0.096742
0.033357
0.101377
0.108354
0.105643
0.106095
0.051437
0.089148
0.093457
0.091951
0.035953
0.094562
0.105541
0.105552
0.105290
0.063664
0.083736
0.094332
0.094108
0.040210
0.094789
0.105419
0.105005
0.105631
0.063744
0.076350
0.088989
0.093042
0.051531
0.085245
0.106046
0.105622
0.105754
0.071911
0.064513
0.087023
0.087522
0.069429
0.086465
0.105415
0.108205
0.105783
0.069803
0.080314
0.086558
0.089393
0.054669
0.095653
0.105647
0.105639
0.105462
0.064464
0.078442
0.086641
0.093076
0.052806
0.085356
0.106282
0.105809
0.108287
0.070465
0.084366
0.090486
0.085666
0.051714
0.089079
0.105914
0.105500
0.105124
0.070421
0.077495
0.088753
0.092977
0.053606
0.096157
0.106499
0.106200
0.105598
0.061336
0.080626
0.090938
0.085917
0.051023
0.087513
0.106016
0.105411
0.105898
0.069875
0.077710
0.088737
0.092540
0.051577
0.099098
0.105892
0.105814
0.105780
0.059888
0.081379
0.090572
0.085557
0.050776
0.085075
0.105564
0.105772
0.106225
0.070757
0.073813
0.092026
0.092709
0.051633
0.102197
0.105742
0.105526
0.105439
0.057671
0.090693
0.093473
0.092195
0.035851
0.095382
0.105423
0.105622
0.105456
0.062977
0.074750
0.091248
0.093184
0.051356
0.085074
0.105992
0.105766
0.105964
0.070927
0.071541
0.092950
0.092633
0.054273
0.094115
0.105409
0.105581
0.105801
0.063532
0.078166
0.087813
0.092858
0.051833
0.089792
0.106977
0.104973
0.105859
0.067863
0.079084
0.090828
0.087903
0.050949
0.089166
0.106028
0.105473
0.105628
0.071114
0.081262
0.091050
0.085954
0.053234
0.098787
0.106332
0.105448
0.105577
0.060137
0.079137
0.086663
0.093443
0.051178
0.085782
0.105631
0.105229
0.105414
0.070885
0.067660
0.091878
0.092841
0.059028
0.087949
0.107958
0.105759
0.105695
0.068554
0.081043
0.090626
0.085854
0.051219
0.088142
0.105850
0.105755
0.105820
0.069960
0.079131
0.086472
0.093108
0.051088
0.089666
0.105810
0.105366
0.105144
0.069712
0.072698
0.093663
0.093003
0.050737
0.100888
0.106030
0.106067
0.105388
0.057959
0.090013
0.086843
0.095373
0.040284
0.088863
0.105373
0.105397
0.105253
0.069129
0.071348
0.091972
0.092689
0.054368
0.088824
0.105661
0.105615
0.105359
0.070686
0.075255
0.091522
0.093385
0.050920
0.087599
0.108274
0.105273
0.106054
0.066600
0.074562
0.091320
0.093060
0.051495
0.087047
0.105519
0.105481
0.105882
0.070160
0.074488
0.090925
0.093349
0.051157
0.088423
0.107538
0.105540
0.105607
0.067928
0.073170
0.093268
0.092948
0.051274
0.099762
0.105753
0.105842
0.105493
0.058750
0.079121
0.086081
0.092995
0.051624
0.088419
0.105647
0.105394
0.105513
0.069488
0.070997
0.092394
0.092741
0.054870
0.094937
0.105357
0.105618
0.105818
0.063320
0.079575
0.085957
0.092962
0.051682
0.099928
0.105713
0.105418
0.105797
0.059773
0.080359
0.091232
0.085755
0.051481
0.095964
0.105690
0.105759
0.105975
0.063807
0.081704
0.090544
0.093108
0.046504
0.096742
0.105725
0.105641
0.105592
0.063781
0.078802
0.086404
0.093136
0.051778
0.087517
0.105569
0.105856
0.105941
0.070299
0.072971
0.094057
0.092759
0.051445
0.088619
0.105670
0.105149
0.105429
0.069440
0.084573
0.093901
0.094712
0.040419
0.095247
0.105570
0.105891
0.105565
0.063473
0.079228
0.086232
0.092701
0.051743
0.095478
0.106211
0.105791
0.105246
0.065249
0.091200
0.093622
0.092656
0.035977
0.097272
0.105832
0.105911
0.105673
0.062506
0.078793
0.086800
0.092322
0.051348
0.088217
0.105628
0.105874
0.105953
0.070451
0.076501
0.095399
0.093226
0.046501
0.095827
0.105078
0.105904
0.105064
0.062910
0.078836
0.086579
0.093111
0.051510
0.086291
0.105617
0.105654
0.105692
0.074039
0.091813
0.093332
0.098810
0.036524
0.105310
0.105603
0.105884
0.105647
0.045482
0.090298
0.091556
0.092656
0.035768
0.095789
0.105725
0.105968
0.105478
0.065961
0.089839
0.093456
0.092399
0.035876
0.095279
0.105366
0.105941
0.105839
0.064320
0.091218
0.093168
0.059978
0.094447
0.105438
0.106408
0.106698
0.062930
0.076380
0.088317
0.093228
0.051199
0.087289
0.106162
0.105325
0.105650
0.069444
0.072590
0.093290
0.093237
0.050872
0.085312
0.105714
0.105688
0.105214
0.071728
0.077972
0.088192
0.093322
0.051166
0.088926
0.105430
0.105340
0.105555
0.070704
0.079099
0.087189
0.092805
0.051512
0.094474
0.105784
0.106040
0.105404
0.063875
0.076430
0.089165
0.092878
0.051607
0.088945
0.105520
0.105335
0.106299
0.070165
0.078989
0.087141
0.092140
0.051995
0.095728
0.105780
0.105939
0.106629
0.062905
0.081374
0.090814
0.086206
0.051173
0.087571
0.104947
0.107762
0.105458
0.068278
0.081643
0.090747
0.086171
0.051827
0.094711
0.105867
0.106029
0.106044
0.064853
0.091764
0.093561
0.094252
0.034170
0.095296
0.105614
0.105957
0.105896
0.065467
0.081297
0.090941
0.085812
0.051397
0.098062
0.107820
0.105772
0.105343
0.055022
0.085113
0.091114
0.095194
0.040287
0.095248
0.105395
0.106269
0.105590
0.064906
0.091201
0.093471
0.091929
0.036359
0.095184
0.107001
0.108339
0.107543
0.057775
0.083662
0.068625
0.087756
0.067684
0.088567
0.106049
0.106074
0.105832
0.071220
0.079329
0.086591
0.092731
0.051327
0.094451
0.105450
0.106481
0.105544
0.063822
0.081992
0.090293
0.093075
0.046356
0.095160
0.106127
0.105889
0.105535
0.063576
0.080994
0.090894
0.085685
0.051406
0.095150
0.105492
0.106330
0.105439
0.064021
0.081145
0.091266
0.086151
0.052306
0.095371
0.105623
0.107616
0.108074
0.059184
0.083185
0.093111
0.097143
0.037832
0.099115
0.105679
0.105544
0.105496
0.060798
0.082664
0.093513
0.094584
0.042560
0.098193
0.105931
0.104947
0.105939
0.060048
0.079110
0.086655
0.093395
0.051283
0.087815
0.105376
0.105483
0.105755
0.070698
0.090361
0.093421
0.092450
0.035774
0.087118
0.108134
0.106024
0.105976
0.067498
0.076684
0.088557
0.093177
0.051566
0.088792
0.105982
0.105670
0.105800
0.070904
0.079251
0.086651
0.092773
0.051457
0.094427
0.105881
0.105922
0.105518
0.063611
0.081472
0.090489
0.086107
0.054219
0.100227
0.105577
0.105691
0.105872
0.055645
0.090300
0.093527
0.092121
0.035736
0.088164
0.105848
0.105922
0.105618
0.071055
0.078381
0.086799
0.092781
0.053819
0.098276
0.106149
0.106649
0.106760
0.057164
0.092042
0.091084
0.091807
0.035884
0.095364
0.105639
0.105801
0.105284
0.062814
0.094645
0.090875
0.092055
0.035349
0.094260
0.105561
0.105771
0.105259
0.064167
0.079005
0.089106
0.090788
0.052413
0.095107
0.105588
0.108082
0.105260
0.061670
0.093933
0.093183
0.096704
0.032694
0.095466
0.107817
0.105506
0.105711
0.061543
0.079094
0.086195
0.092508
0.052166
0.095425
0.105601
0.105679
0.105583
0.064085
0.076610
0.088369
0.092968
0.052742
0.095763
0.105740
0.105612
0.105759
0.064187
0.081282
0.091468
0.092911
0.046150
0.097149
0.105206
0.105580
0.106219
0.062306
0.078529
0.086773
0.092829
0.052316
0.094551
0.105631
0.105966
0.105923
0.063635
0.078723
0.086533
0.093221
0.051743
0.089133
0.105579
0.105711
0.105044
0.068961
0.076821
0.088222
0.092391
0.051863
0.101364
0.108545
0.104803
0.105701
0.055278
0.090132
0.093508
0.092385
0.035905
0.093846
0.105937
0.105664
0.105824
0.064352
0.081482
0.090864
0.085695
0.051893
0.088244
0.105716
0.105258
0.105588
0.069319
0.074785
0.090832
0.092870
0.051287
0.087989
0.105725
0.106205
0.105867
0.069766
0.079576
0.093048
0.086081
