0.013971
0.106628
0.093650
0.044179
0.091935
0.085593
0.087474
0.065196
0.106026
0.105873
0.106203
0.093592
0.041915
0.094205
0.086030
0.087338
0.070627
0.105968
0.105597
0.105525
0.089489
0.051286
0.089384
0.092649
0.077420
0.087994
0.106108
0.105759
0.105861
0.069860
0.079774
0.085917
0.093075
0.051682
0.099935
0.105292
0.105399
0.106156
0.058965
0.082213
0.093365
0.094875
0.040260
0.095276
0.105826
0.105453
0.105978
0.063842
0.091570
0.093185
0.094340
0.033990
0.101155
0.105830
0.105740
0.106028
0.057795
0.080869
0.090618
0.086096
0.051208
0.086183
0.106846
0.105532
0.105296
0.069475
0.080055
0.086532
0.092968
0.051207
0.087895
0.106165
0.106071
0.105443
0.070836
0.079873
0.086068
0.092762
0.050758
0.088233
0.107493
0.105184
0.104845
0.067241
0.082572
0.090687
0.085909
0.051184
0.101832
0.105487
0.105631
0.105983
0.058755
0.091592
0.091234
0.092432
0.037531
0.098572
0.108181
0.106557
0.107491
0.052997
0.089376
0.093588
0.092280
0.035852
0.095701
0.105976
0.105343
0.105160
0.065873
0.089823
0.093447
0.092762
0.036285
0.102171
0.108222
0.105230
0.108510
0.054137
0.089279
0.093834
0.092161
0.035461
0.095417
0.105614
0.104919
0.105748
0.063560
0.082464
0.095316
0.095139
0.039953
0.097468
0.105789
0.105878
0.105919
0.061743
0.080805
0.090770
0.096262
0.039763
0.094637
0.105659
0.105383
0.105821
0.064150
0.078727
0.086243
0.093184
0.051167
0.088170
0.105387
0.106038
0.105473
0.069812
0.081637
0.091008
0.093190
0.043891
0.062949
0.105638
0.105682
0.108338
0.093473
0.047978
0.093647
0.094843
0.075143
0.086731
0.105958
0.106020
0.105654
0.071431
0.075898
0.090832
0.093107
0.051175
0.083988
0.105207
0.105551
0.105547
0.073273
0.076596
0.091110
0.092964
0.051208
0.095910
0.107753
0.106162
0.107888
0.059885
0.076777
0.091635
0.090679
0.052100
0.098326
0.104871
0.105502
0.105681
0.061432
0.091584
0.093684
0.092417
0.036198
0.095677
0.105658
0.105471
0.105733
0.063385
0.076907
0.088367
0.093058
0.052053
0.086687
0.105888
0.105985
0.105229
0.072425
0.074732
0.091473
0.093481
0.050971
0.095056
0.105750
0.105707
0.106032
0.063884
0.081729
0.095122
0.097172
0.037585
0.095763
0.105949
0.105895
0.105384
0.063528
0.046420
0.093473
0.092615
0.076623
0.065154
0.105783
0.105356
0.105793
0.095662
0.044714
0.095581
0.092847
0.077113
0.089246
0.105888
0.105737
0.105942
0.070363
0.079723
0.086076
0.093311
0.051073
0.088290
0.105951
0.105426
0.105321
0.070118
0.071000
0.091520
0.092805
0.054578
0.088108
0.105541
0.105983
0.105806
0.068891
0.076549
0.091011
0.085356
0.059004
0.083877
0.106073
0.105795
0.105449
0.073893
0.062061
0.089455
0.088794
0.068844
0.089537
0.105669
0.105643
0.105622
0.070784
0.079281
0.067447
0.092840
0.069299
0.084434
0.105282
0.105285
0.105889
0.076486
0.079948
0.092942
0.086084
0.050887
0.094286
0.105835
0.105738
0.106634
0.063683
0.080616
0.090796
0.092842
0.046342
0.098858
0.105224
0.105403
0.105992
0.060519
0.082753
0.094043
0.094217
0.041584
0.101807
0.107284
0.106975
0.105803
0.054356
0.090869
0.091179
0.092322
0.035473
0.099572
0.105570
0.105841
0.105676
0.060816
0.081170
0.090958
0.085907
0.051604
0.102501
0.108019
0.108300
0.107069
0.052196
0.091166
0.091255
0.092684
0.036140
0.094840
0.105683
0.105742
0.105672
0.064808
0.083229
0.093641
0.095227
0.041528
0.098701
0.105090
0.105776
0.105506
0.057667
0.090558
0.093477
0.092365
0.035819
0.094005
0.105149
0.105225
0.105830
0.065048
0.082857
0.089463
0.085623
0.051034
0.095629
0.106226
0.105143
0.107846
0.061653
0.070868
0.087962
0.091741
0.058998
0.087724
0.106107
0.105940
0.105549
0.070304
0.082931
0.091100
0.095178
0.043565
0.095077
0.105480
0.105587
0.105186
0.063593
0.080671
0.090510
0.087925
0.049465
0.094439
0.105694
0.105954
0.105654
0.063632
0.081013
0.091052
0.085624
0.050871
0.087457
0.105870
0.105176
0.105707
0.069635
0.074795
0.090415
0.095914
0.050215
0.088241
0.105417
0.105315
0.105424
0.070365
0.079177
0.086491
0.093200
0.051467
0.087132
0.105685
0.106211
0.105233
0.069488
0.076821
0.087788
0.092607
0.052625
0.100974
0.105148
0.107374
0.105423
0.054953
0.089738
0.093194
0.091800
0.035648
0.095371
0.104948
0.105901
0.105739
0.065432
0.082283
0.093556
0.094959
0.041466
0.103045
0.105980
0.108684
0.105561
0.049865
0.088815
0.093884
0.091975
0.035761
0.095093
0.105947
0.105965
0.105719
0.065741
0.085848
0.090435
0.094837
0.040039
0.103025
0.105028
0.107381
0.105309
0.054019
0.091074
0.090924
0.092269
0.035894
0.094651
0.105655
0.105779
0.105911
0.063242
0.082572
0.090426
0.085245
0.051100
0.101819
0.105776
0.105227
0.105576
0.058703
0.025815
0.025354
0.026187
0.024806
0.025050
0.025614
0.025713
0.025225
0.025057
0.024938
0.026411
0.024374
0.023914
0.024856
0.026596
0.023619
0.025141
0.023663
0.024943
0.025229
0.023447
0.024979
0.025322
0.023592
0.026555
0.025398
0.028497
0.026603
0.025009
0.024075
0.024480
0.027067
0.026441
0.026677
0.029725
0.025159
0.026348
0.025483
0.024782
0.025018
0.023902
0.023859
0.025184
0.023872
0.023790
0.024010
0.024739
0.023713
0.023552
0.023533
0.024686
0.023754
0.023510
0.023541
0.023319
0.024629
0.023298
0.023490
0.023528
0.024766
0.023341
0.023338
0.023523
0.024500
0.023584
0.024067
0.025398
0.028314
0.024862
0.026248
0.026514
0.027304
0.024158
0.024612
0.023601
0.026402
0.023753
0.023720
0.025294
0.026452
0.027255
0.023947
0.023793
0.024986
0.023907
0.025598
0.024991
0.027594
0.026255
0.026324
0.026005
0.027195
0.025074
0.025924
0.025833
0.026397
0.026241
0.025131
0.027492
0.027672
0.024433
0.023854
0.025503
0.026739
0.023956
0.023737
0.026407
0.026955
0.024487
0.024148
0.024664
0.025129
0.023978
0.024476
0.026744
0.026369
0.024087
0.025575
0.023904
0.026420
0.023812
0.023736
0.024613
0.024981
0.023742
0.024824
0.023685
0.025621
0.023590
0.025969
0.023770
0.027867
0.025038
0.023678
0.024297
0.023706
0.025031
0.023924
0.024119
0.026216
0.024072
0.025151
0.023789
0.026519
0.023811
0.023694
0.024598
0.024063
0.024561
0.024272
0.024400
0.026917
0.027562
0.024242
0.025303
0.024577
0.026137
0.026452
0.024935
0.025388
0.023885
0.025656
0.025274
0.024093
0.026074
0.023723
0.024804
0.023710
0.025792
0.023694
0.023917
0.024872
0.025049
0.024299
0.025675
0.025842
0.026379
0.025328
0.024995
0.025077
0.028096
0.025586
0.026158
0.025610
0.028567
0.027803
0.025923
0.025220
0.024693
0.024631
0.024882
0.026734
0.024292
0.023502
0.023551
0.023785
0.024741
0.023568
0.023525
0.023463
0.025372
0.023726
0.023461
0.023383
0.024995
0.024115
0.023572
0.023478
0.024510
0.023401
0.023595
0.023693
0.023798
0.024662
0.023725
0.023669
0.023876
0.024915
0.024135
0.023884
0.023759
0.025003
0.024737
0.025217
0.025052
0.025983
0.024682
0.024573
0.024096
0.025012
0.024396
0.024197
0.025160
0.025510
0.023929
0.023663
0.023559
0.023920
0.026200
0.024425
0.023861
0.024190
0.024210
0.024011
0.024221
0.027084
0.029931
0.025541
0.025111
0.025063
0.025769
0.026695
0.027125
0.027349
0.026823
0.026250
0.026700
0.027848
0.025380
0.026862
0.025874
0.027135
0.026209
0.026490
0.026599
0.026598
0.025877
0.025993
0.027699
0.025035
0.025069
0.025214
0.027103
0.025290
0.025176
0.026099
0.025540
0.024279
0.024307
0.024477
0.026185
0.023957
0.023471
0.023252
0.023063
0.024439
0.023470
0.023066
0.023116
0.024790
0.023180
0.023177
0.023355
0.025135
0.024344
0.023227
0.023192
0.023175
0.023284
0.023686
0.023569
0.023921
0.027359
0.023968
0.024389
0.024281
0.023654
0.026140
0.025478
0.023568
0.024773
0.024197
0.024070
0.023966
0.025310
0.024994
0.025235
0.024951
0.025559
0.023137
0.023174
0.023180
0.024802
0.022971
0.023077
0.023079
0.022851
0.024102
0.022941
0.022765
0.022733
0.024119
0.023125
0.022964
0.022951
0.022985
0.022863
0.022793
0.022999
0.022997
0.024101
0.023014
0.022965
0.022966
0.024206
0.023055
0.023015
0.022878
0.022813
0.024605
0.023069
0.022753
0.022760
0.024963
0.023514
0.023584
0.023540
0.023132
0.023093
0.022908
0.022814
0.023000
0.025569
0.026693
0.025656
0.026269
0.026879
0.027713
0.026524
0.027277
0.025475
0.025753
0.025537
0.026162
0.024336
0.023588
0.023582
0.025137
0.023644
0.023218
0.023493
0.025534
0.023659
0.037059
0.023426
0.025002
0.023398
0.023607
0.023657
0.025009
0.023880
0.023982
0.023696
0.023664
0.025244
0.023637
0.023501
0.023527
0.025190
0.023398
0.023156
0.023402
0.025319
0.023199
0.023322
0.023497
0.023448
0.025270
0.023506
0.023662
0.023574
0.025454
0.023556
0.023339
0.023160
0.025965
0.024105
0.023650
0.023636
0.023752
0.023755
0.023434
0.023335
0.026196
0.023930
0.023343
0.023383
0.023339
0.023710
0.023399
0.023369
0.023626
0.027992
0.025017
0.025038
0.025094
0.032967
0.024887
0.023734
0.027223
0.024479
0.023519
0.023749
0.025173
0.026139
0.026280
0.026581
0.029271
0.026579
0.026075
0.026053
0.025860
0.025479
0.025801
0.029138
0.027038
0.024624
0.023547
0.023473
0.023555
0.023531
0.023368
0.024909
0.024236
0.023509
0.023380
0.023478
0.023603
0.023958
0.023842
0.023516
0.029613
0.025708
0.024618
0.024168
0.023593
0.023979
0.023373
0.024060
0.029413
0.025540
0.023916
0.023754
0.023465
0.023420
0.023446
0.023350
0.025874
0.023416
0.023431
0.023172
0.026329
0.024076
0.022995
0.023325
0.026822
0.024608
0.023743
0.023627
0.026199
0.023272
0.024703
0.025255
0.026027
0.023950
0.023618
0.023632
0.023945
0.024352
0.024086
0.023795
0.026906
0.024087
0.026028
0.025095
0.024889
0.024278
0.025352
0.023944
0.025320
0.023193
0.023064
0.022789
0.022877
0.025037
0.023022
0.022895
0.022757
0.024679
0.022986
0.022867
0.022802
0.026264
0.025358
0.025699
0.024592
0.027163
0.024592
0.025484
0.025605
0.027029
0.025180
0.024582
0.024242
0.026509
0.024610
0.024080
0.024124
0.028679
0.024896
0.023034
0.023337
0.023819
0.026674
0.024695
0.024044
0.024028
0.025514
0.024179
0.023082
0.023029
0.025064
0.024359
0.024420
0.024473
0.024444
0.024308
0.024139
0.023955
0.026345
0.024169
0.023764
0.024435
0.025172
0.025175
0.023928
0.025935
0.026921
0.024942
0.025721
0.025048
0.027740
0.025052
0.024541
0.023777
0.026661
0.023844
0.023727
0.022854
0.025491
0.024517
0.023173
0.023347
0.023955
0.024708
0.024660
0.023448
0.022834
0.026254
0.024804
0.026061
0.024924
0.028052
0.024683
0.025444
0.024359
0.027307
0.024093
0.022998
0.022960
0.024298
0.034275
0.022944
0.023131
0.026665
0.023186
0.022888
0.023017
0.025035
0.023274
0.022805
0.023073
0.023956
0.024058
0.024399
0.024241
0.026567
0.024619
0.024560
0.025737
0.024561
0.024430
0.025746
0.024634
0.026290
0.024759
0.024508
0.024602
0.026262
0.025573
0.024713
0.025508
0.026662
0.024507
0.024920
0.024870
0.024369
0.022996
0.023033
0.023036
0.022828
0.025614
0.030144
0.025007
0.030883
0.024483
0.023219
0.023479
0.023477
0.025020
0.023062
0.024215
0.023291
0.025851
0.023472
0.023308
0.023041
0.024182
0.023296
0.023550
0.022892
0.023570
0.024863
0.023395
0.023035
0.023114
0.025098
0.023204
0.022912
0.022952
0.023469
0.024338
0.023979
0.023975
0.026255
0.023577
0.023235
0.022978
0.024223
0.022947
0.022809
0.022914
0.024456
0.026168
0.025374
0.025110
0.024776
0.026229
0.022948
0.025744
0.024562
0.024814
0.022789
0.023823
0.022742
0.026047
0.024441
0.022916
0.024339
0.025050
0.022892
0.023149
0.025060
0.024296
0.025147
0.024027
0.022948
0.024376
0.026628
0.022988
0.026074
0.025317
0.025449
0.023053
0.024379
0.024126
0.024392
0.023061
0.022951
0.022886
0.024719
0.023779
0.023105
0.022848
0.022725
0.023262
0.026193
0.025489
0.025231
0.027995
0.025947
0.025238
0.023285
0.023300
0.023236
0.022969
0.022859
0.024736
0.022913
0.022696
0.022970
0.024048
0.022856
0.022803
0.023026
0.022980
0.023821
0.022907
0.022966
0.022877
0.023984
0.022837
0.022971
0.022862
0.022780
0.024120
0.023011
0.022777
0.022754
0.024582
0.023022
0.022732
0.023006
0.024171
0.022961
0.022987
0.022845
0.022993
0.024217
0.023738
0.024922
0.025748
0.028186
0.025923
0.025219
0.024114
0.025845
0.026847
0.025948
0.024196
0.023617
0.023643
0.025671
0.025728
0.028272
0.025195
0.023863
0.024584
0.025864
0.025656
0.024630
0.022964
0.024120
0.023180
0.022866
0.022899
0.023937
0.023100
0.022878
0.022934
0.022959
0.024226
0.026374
0.024662
0.026604
0.027112
0.024532
0.023046
0.024342
0.023950
0.024577
0.025484
0.024946
0.025990
0.024266
0.023075
0.025147
0.025813
0.023650
0.025627
0.024315
0.026435
0.024334
0.024897
0.024565
0.026586
0.025464
0.022948
0.022943
0.025131
0.026257
0.024334
0.025053
0.024673
0.023948
0.025410
0.024604
0.027942
0.023191
0.024194
0.022809
0.024811
0.022997
0.022947
0.022923
0.023061
0.024148
0.022811
0.022875
0.022919
0.023984
0.025272
0.024090
0.023522
0.023472
0.023706
0.023757
0.023961
0.023998
0.025308
0.023581
0.023526
0.023395
0.024810
0.024701
0.023632
0.023280
0.025210
0.025999
0.027635
0.023299
0.024772
0.023396
0.023168
0.023225
0.023429
0.030695
0.023553
0.023140
0.023430
0.026218
0.024073
0.023321
0.023551
0.026223
0.025078
0.025889
0.026023
0.026359
0.032560
0.025827
0.029020
0.026240
0.025684
0.025998
0.030251
0.025519
0.025698
0.024935
0.025780
0.023618
0.023701
0.023700
0.023298
0.023380
0.023473
0.027536
0.024983
0.023242
0.023414
0.023335
0.023285
0.023443
0.027446
0.023332
0.024678
0.023493
0.023373
0.023293
0.023504
0.023432
0.023229
0.023329
0.024981
0.025746
0.023260
0.026379
0.025794
0.024200
0.023412
0.023487
0.024741
0.025791
0.023880
0.023501
0.023540
0.023464
0.023252
0.023446
0.023317
0.025033
0.023056
0.023279
0.023185
0.027188
0.024498
0.023289
0.023409
0.025396
0.023424
0.024756
0.023648
0.025571
0.026478
0.023327
0.023596
0.024017
0.027112
0.024465
0.024085
0.023873
0.023591
0.023618
0.024385
0.024219
0.027095
0.024884
0.025664
0.023815
0.023482
0.023345
0.023130
0.022882
0.024818
0.023725
0.023594
0.024401
0.027760
0.024574
0.025441
0.024839
0.026768
0.026347
0.025933
0.025558
0.027984
0.024720
0.024492
0.024339
0.025742
0.024064
0.025453
0.024510
0.025251
0.024309
0.022946
0.023079
0.024774
0.025563
0.023311
0.023863
0.024119
0.024889
0.025240
0.031682
0.027829
0.024670
0.024598
0.024812
0.027848
0.024942
0.024794
0.025002
0.029598
0.026804
0.025352
0.026191
0.025432
0.023957
0.023469
0.023542
0.028406
0.024860
0.024422
0.024083
0.024756
0.023467
0.023328
0.023658
0.024621
0.023373
0.024173
0.024339
0.025276
0.024298
0.024362
0.023965
0.023393
0.027354
0.024634
0.024493
0.024550
0.026019
0.024880
0.024587
0.025065
0.026123
0.024982
0.025437
0.025129
0.024750
0.023666
0.023700
0.023763
0.026468
0.024657
0.024322
0.024395
0.026749
0.025579
0.024679
0.023444
0.028470
0.025491
0.025542
0.026019
0.027220
0.026486
0.026185
0.025056
0.025778
0.024143
0.023821
0.023430
0.029794
0.024899
0.024442
0.024475
0.025673
0.024023
0.023625
0.023839
0.024572
0.023477
0.023646
0.023565
0.024427
0.023942
0.023573
0.023877
0.025831
0.024419
0.024504
0.024429
0.024384
0.025302
0.024502
0.025402
0.024102
0.025039
0.023705
0.024945
0.024426
0.024533
0.024794
0.024602
0.023409
0.024653
0.023433
0.023356
0.023256
0.024419
0.023584
0.023556
0.025381
0.025561
0.027545
0.024330
0.024975
0.023711
0.028814
0.026170
0.024755
0.026265
0.024594
0.024870
0.023760
0.026930
0.023650
0.023598
0.024621
0.026494
0.024365
0.023571
0.023565
0.023474
0.024543
0.023277
0.023727
0.024205
0.025279
0.024510
0.024505
0.024490
0.027244
0.025498
0.024422
0.024296
0.025101
0.024323
0.024293
0.024386
0.025081
0.023850
0.023892
0.023743
0.023526
0.024552
0.026013
0.025824
0.026396
0.026241
0.025807
0.024673
0.027286
0.025440
0.025648
0.024113
0.028602
0.025060
0.024364
0.023287
0.025606
0.026233
0.024212
0.024115
0.024497
0.024380
0.024169
0.024315
0.026814
0.024696
0.024287
0.024311
0.024592
0.024371
0.024334
0.025981
0.026828
0.025258
0.025097
0.023981
0.026573
0.025170
0.025036
0.023746
0.026675
0.025125
0.024491
0.025237
0.026765
0.025611
0.024313
0.023574
0.026350
0.024679
0.024386
0.023712
0.025184
0.024942
0.023398
0.023480
0.023952
0.025228
0.024204
0.024316
0.024324
0.026317
0.024318
0.024957
0.023907
0.027904
0.025878
0.024213
0.024299
0.026553
0.025885
0.025560
0.025025
0.027526
0.025598
0.024263
0.025251
0.025156
0.024356
0.025550
0.024602
0.028848
0.025736
0.023906
0.025584
0.027094
0.024461
0.024306
0.024014
0.024786
0.023510
0.023340
0.023507
0.024442
0.023289
0.023425
0.023422
0.025070
0.023316
0.023449
0.025108
0.024847
0.024733
0.023722
0.023721
0.023548
0.024473
0.025039
0.024300
0.023458
0.024439
0.024247
0.023305
0.023411
0.024750
0.023380
0.025171
0.025628
0.023612
0.025026
0.024004
0.024611
0.025127
0.027018
0.024493
0.025089
0.024698
0.027225
0.024847
0.024856
0.024097
0.024524
0.024107
0.023742
0.023639
0.027794
0.023579
0.023608
0.023756
0.024837
0.024635
0.024328
0.023927
0.024821
0.023594
0.023664
0.023866
0.027204
0.024286
0.023605
0.025223
0.026240
0.024990
0.023672
0.023655
0.024634
0.023583
0.023504
0.023517
0.023680
0.024702
0.024844
0.025342
0.025351
0.025855
0.023835
0.024644
0.024359
0.025226
0.023541
0.024498
0.023476
0.024896
0.024791
0.023471
0.023409
0.024870
0.023731
0.023446
0.023358
0.023537
0.025797
0.023879
0.024190
0.025990
0.025275
0.023504
0.023544
0.026037
0.029285
0.024975
0.024479
0.025048
0.027110
0.023840
0.023557
0.023496
0.024548
0.025783
0.025838
0.024452
0.026055
0.024274
0.023949
0.023608
0.024413
0.023886
0.024787
0.024416
0.025439
0.024046
0.024096
0.024267
0.025361
0.024094
0.023791
0.023967
0.025256
0.024511
0.024064
0.024346
0.024133
0.026103
0.024137
0.024368
0.024505
0.027057
0.023780
0.023451
0.023407
0.024553
0.023168
0.023058
0.023251
0.025249
0.023920
0.023546
0.023618
0.023401
0.024052
0.024709
0.023841
0.023523
0.027618
0.025091
0.024111
0.026124
0.024586
0.024655
0.024481
0.023833
0.023322
0.023099
0.024210
