0.010963
0.024745
0.024221
0.023180
0.026753
0.026363
0.026947
0.026016
0.024733
0.023875
0.023101
0.023090
0.023431
0.023541
0.026465
0.025111
0.026148
0.026109
0.024999
0.026851
0.026493
0.025908
0.025162
0.025929
0.026344
0.025335
0.025711
0.026203
0.026366
0.025911
0.026960
0.025466
0.025565
0.025247
0.024563
0.026166
0.026025
0.025932
0.025675
0.024393
0.024664
0.024489
0.024244
0.023890
0.024265
0.024272
0.024122
0.025637
0.025177
0.024481
0.025591
0.023844
0.025589
0.025935
0.025808
0.026978
0.026464
0.026573
0.026619
0.026645
0.026514
0.026269
0.025487
0.025010
0.024806
0.024563
0.024765
0.024627
0.024738
0.024633
0.024448
0.030437
0.024061
0.024016
0.024555
0.023400
0.023274
0.023412
0.023402
0.023556
0.026299
0.025401
0.025175
0.024890
0.024731
0.029408
0.023872
0.026567
0.024985
0.025088
0.024539
0.025163
0.026196
0.025830
0.026024
0.026043
0.026858
0.026353
0.026495
0.025747
0.028836
0.025679
0.024744
0.024186
0.024292
0.024320
0.023380
0.023616
0.025970
0.026305
0.024974
0.024142
0.024278
0.025364
0.025795
0.025882
0.025988
0.026031
0.025801
0.026000
0.026134
0.026172
0.024079
0.023746
0.023581
0.023714
0.023568
0.026270
0.027755
0.025746
0.024549
0.024853
0.025302
0.024419
0.025823
0.026118
0.026560
0.024247
0.026802
0.027913
0.025168
0.024118
0.026088
0.027174
0.023848
0.025600
0.024802
0.027030
0.026219
0.025514
0.028812
0.024198
0.023900
0.023706
0.024746
0.023552
0.023898
0.023971
0.024384
0.023759
0.024787
0.024894
0.025072
0.024902
0.025880
0.025686
0.026041
0.024651
0.024582
0.024168
0.024249
0.024338
0.027675
0.025916
0.025851
0.025305
0.024682
0.023201
0.023347
0.023438
0.024315
0.023022
0.023571
0.026340
0.025665
0.024641
0.023120
0.022978
0.023199
0.023154
0.023061
0.023984
0.024057
0.023600
0.022964
0.023582
0.025844
0.024500
0.023231
0.024013
0.023645
0.023216
0.023565
0.026119
0.023762
0.025362
0.025966
0.027812
0.025206
0.026203
0.025638
0.025442
0.026498
0.025455
0.024848
0.026048
0.024329
0.023233
0.026015
0.024807
0.025158
0.025267
0.023770
0.023753
0.023856
0.024588
0.023520
0.023377
0.031998
0.025529
0.026461
0.024848
0.025323
0.026268
0.025846
0.026777
0.026476
0.024942
0.025568
0.025865
0.024160
0.024248
0.023766
0.023864
0.023640
0.023902
0.026768
0.025410
0.024792
0.024685
0.024787
0.023824
0.023774
0.023643
0.026151
0.024465
0.025090
0.023734
0.024093
0.023690
0.023549
0.023617
0.023795
0.023656
0.023834
0.024062
0.026917
0.024939
0.024647
0.024476
0.024481
0.025595
0.025993
0.026072
0.025066
0.027944
0.025139
0.026603
0.026620
0.024199
0.027309
0.025518
0.027385
0.024559
0.024592
0.024103
0.024941
0.025155
0.027220
0.025482
0.024503
0.027210
0.025304
0.023990
0.024416
0.026471
0.025659
0.024154
0.023905
0.023946
0.026384
0.025546
0.024110
0.023905
0.023894
0.024165
0.030937
0.026854
0.026024
0.024707
0.025271
0.024885
0.026791
0.024375
0.024727
0.024029
0.024062
0.024130
0.026318
0.024682
0.023840
0.024010
0.023797
0.023763
0.023973
0.024061
0.023756
0.026275
0.024829
0.025221
0.023978
0.024145
0.023841
0.023849
0.026535
0.026534
0.024746
0.024252
0.026750
0.025056
0.024121
0.024262
0.026294
0.024602
0.023983
0.023983
0.023981
0.025047
0.023773
0.024057
0.026551
0.025060
0.024323
0.029190
0.024516
0.025072
0.025034
0.026404
0.024271
0.025868
0.024192
0.023884
0.024515
0.024931
0.026725
