0.011809
0.026273
0.025895
0.026577
0.025682
0.026910
0.025472
0.027992
0.025212
0.025294
0.025076
0.027461
0.026347
0.025779
0.024922
0.024819
0.027211
0.026579
0.027063
0.026196
0.025891
0.026327
0.024911
0.027138
0.027477
0.027548
0.026508
0.027574
0.026881
0.025215
0.024754
0.024450
0.027465
0.029515
0.024230
0.024401
0.024201
0.026504
0.024941
0.024326
0.035432
0.023905
0.026297
0.024725
0.024281
0.024101
0.024013
0.024210
0.024069
0.024449
0.023781
0.023437
0.023328
0.026013
0.024505
0.024316
0.026227
0.026500
0.025082
0.025518
0.024340
0.024326
0.024253
0.024120
0.025084
0.023922
0.023770
0.025547
0.024110
0.023530
0.024070
0.025115
0.023637
0.023612
0.024763
0.030797
0.026141
0.025440
0.025447
0.024560
0.024779
0.023564
0.025412
0.026417
0.026267
0.025233
0.025816
0.024131
0.025178
0.023922
0.023667
0.026169
0.024930
0.024050
0.024354
0.032039
0.025538
0.026875
0.026155
0.025637
0.024825
0.024605
0.027471
0.025935
0.024539
0.025663
0.024865
0.027106
0.026001
0.024678
0.024726
0.025713
0.024733
0.024519
0.025007
0.025516
0.025543
0.026371
0.026203
0.028774
0.025671
0.025841
0.026932
0.025570
0.024644
0.024773
0.030536
0.025037
0.025208
0.024657
0.024535
0.024779
0.028728
0.027749
0.026356
0.025576
0.025919
0.025981
0.027213
0.027245
0.027286
0.027354
0.026540
0.027156
0.027051
0.026341
0.027709
0.025970
0.025072
0.024991
0.024712
0.028760
0.027407
0.027224
0.026305
0.026789
0.026020
0.026512
0.028401
0.027530
0.026101
0.026970
0.028383
0.026792
0.025520
0.027208
0.025391
0.024783
0.024768
0.026346
0.025209
0.027046
0.031435
0.025264
0.024341
0.024599
0.026201
0.026213
0.026085
0.025176
0.026232
0.025710
0.025458
0.026365
0.024919
0.024152
0.024115
0.024521
0.026662
0.026432
0.025182
0.024541
0.024067
0.024501
0.024134
0.026578
0.024961
0.023838
0.023958
0.023965
0.028380
0.025970
0.025696
0.024317
0.024044
0.024526
0.035410
0.024333
0.023675
0.024147
0.023953
0.023966
0.024420
0.024436
0.024365
0.024518
0.023938
0.024389
0.033368
0.025068
0.024082
0.023963
0.024106
0.033716
0.024520
0.024575
0.023505
0.026560
0.024889
0.028081
0.025194
0.026362
0.026678
0.024610
0.024000
0.023968
0.023966
0.026660
0.025358
0.026999
0.025433
0.026999
0.024864
0.029138
0.026189
0.025291
0.024487
0.025176
0.024577
0.028462
0.024247
0.024257
0.024371
0.023892
0.023796
0.024668
0.029030
0.024131
0.024384
0.024319
0.024054
0.024023
0.024052
0.026672
0.024895
0.025425
0.025086
0.024974
0.027636
0.029952
0.025006
0.027634
0.026490
0.025082
0.025068
0.025619
0.028264
0.024149
0.024188
0.024934
0.024437
0.024468
0.024459
0.028291
0.024225
0.024285
0.024705
0.024889
0.024947
0.024853
0.025165
0.024899
0.027909
0.025985
0.029696
0.025461
0.025760
0.026971
0.025941
0.026282
0.026160
0.031657
0.026988
0.026354
0.027431
0.027256
0.026887
0.025317
0.024754
0.024909
0.024891
0.026276
0.025716
0.025338
0.025778
0.026250
0.025058
0.025163
0.025110
0.027762
0.038296
0.026839
0.027672
0.026262
0.025123
0.027215
0.024580
0.024896
0.025149
0.028413
0.025677
0.024486
0.024399
0.026439
0.024795
0.024477
0.024720
0.026502
0.025270
0.024172
0.026929
0.023986
0.023648
0.023636
0.023510
0.024080
0.023298
0.023383
0.023512
0.023577
0.023372
0.023633
0.023642
0.023888
0.024457
0.023528
0.027419
0.024689
0.023438
0.023885
0.024284
0.023692
0.037202
0.027492
0.024744
0.026965
