0.011811
0.028559
0.027923
0.026310
0.028632
0.029370
0.026211
0.025796
0.027197
0.025851
0.025671
0.026502
0.025590
0.026442
0.028677
0.028218
0.026444
0.025516
0.025540
0.028506
0.028318
0.027516
0.029659
0.027732
0.028301
0.026834
0.026323
0.025762
0.028001
0.026960
0.026817
0.025887
0.025817
0.026081
0.027600
0.029210
0.028393
0.027283
0.027263
0.028098
0.027481
0.026659
0.027071
0.028618
0.026863
0.026152
0.025821
0.025850
0.025537
0.025889
0.026743
0.025698
0.025582
0.025504
0.025882
0.027914
0.027728
0.026935
0.027046
0.026274
0.026435
0.026196
0.027612
0.027463
0.028332
0.027952
0.028237
0.027925
0.028464
0.027687
0.027844
0.027869
0.027848
0.026567
0.026300
0.026074
0.026485
0.025991
0.026276
0.026449
0.025954
0.026222
0.027503
0.027497
0.027068
0.027165
0.027561
0.027014
0.027861
0.027278
0.026725
0.025919
0.025813
0.026017
0.025790
0.026660
0.026398
0.025988
0.025272
0.025687
0.025856
0.025345
0.025632
0.025826
0.025353
0.025382
0.026504
0.026971
0.028021
0.027936
0.027643
0.027051
0.026990
0.027260
0.027918
0.027345
0.027710
0.027282
0.027171
0.026835
0.026211
0.025482
0.026825
0.026213
0.026217
0.025521
0.026216
0.024952
0.025685
0.024737
0.024777
0.024548
0.024976
0.025366
0.026631
0.024314
0.024900
0.025188
0.026691
0.024302
0.025205
0.023991
0.025383
0.024629
0.023842
0.024917
0.026795
0.026105
0.025800
0.026588
0.025696
0.027386
0.026933
0.026950
0.026669
0.026415
0.026929
0.026365
0.025842
0.027155
0.026794
0.026887
0.026528
0.025697
0.025188
0.025874
0.024877
0.027188
0.026297
0.024901
0.026928
0.025682
0.027152
0.026429
0.025629
0.027436
0.027633
0.027877
0.027542
0.027135
0.028429
0.027480
0.027770
0.027261
0.026830
0.024812
0.024132
0.024214
0.024653
0.024949
0.024191
0.027113
0.026223
0.025788
0.023966
0.026514
0.025299
0.026011
0.025041
0.024822
0.024881
0.024948
0.033070
0.026871
0.026689
0.026375
0.026060
0.025432
0.025391
0.024891
0.024635
0.024817
0.025034
0.024965
0.024611
0.024849
0.027710
0.026568
0.027700
0.026767
0.029073
0.026425
0.024273
0.024037
0.023853
0.023867
0.023890
0.023656
0.023915
0.023901
0.023793
0.023630
0.023762
0.023754
0.023500
0.023824
0.023560
0.023576
0.023404
0.023628
0.023662
0.023562
0.023673
0.023744
0.023396
0.023426
0.023603
0.027861
0.023709
0.023688
0.023671
0.023414
0.023452
0.023702
0.026157
0.024793
0.023546
0.023837
0.023883
0.023525
0.023555
0.023715
0.023621
0.023369
0.023586
0.023709
0.023389
0.023384
0.023570
0.023605
0.023320
0.023563
0.023607
0.023416
0.023406
0.023618
0.027550
0.023515
0.023348
0.023612
0.023475
0.023499
0.023329
0.023545
0.023551
0.023362
0.023547
0.023711
0.023356
0.023489
0.031392
0.024556
0.026417
0.030535
0.024556
0.023768
0.023470
0.023585
0.023625
0.023419
0.023422
0.023669
0.027718
0.023436
0.023545
0.023686
0.023352
0.023431
0.023551
0.027689
0.023410
0.023568
0.023558
0.023415
0.023400
0.023642
0.027670
0.023503
0.023332
0.023569
0.023481
0.023475
0.032311
0.026099
0.024516
0.023752
0.023379
0.040891
0.024230
0.025726
0.025329
0.026622
0.024481
0.025140
0.024741
0.026947
0.026427
0.025888
0.023842
0.023820
0.025735
0.025138
0.024270
0.024193
0.025819
0.025539
0.025485
0.025099
0.024931
0.024654
0.025087
