0.015693
0.028333
0.033718
0.029042
0.028089
0.029159
0.037291
0.028443
0.028220
0.025757
0.025861
0.025864
0.098538
0.092067
0.096455
0.033309
0.107259
0.107501
0.106715
0.107058
0.054628
0.097275
0.089584
0.061131
0.095533
0.107157
0.107302
0.107020
0.044801
0.093340
0.094180
0.095029
0.092651
0.106913
0.107966
0.108461
0.047010
0.103309
0.094294
0.084584
0.102693
0.107114
0.109338
0.107474
0.035908
0.100731
0.090626
0.083894
0.096073
0.107512
0.107171
0.107905
0.043644
0.097895
0.090531
0.093059
0.102771
0.107506
0.109997
0.111024
0.038683
0.096599
0.103092
0.071937
0.102000
0.107611
0.106101
0.108381
0.040030
0.099087
0.089619
0.091693
0.102369
0.107685
0.106760
0.108162
0.039041
0.097331
0.090614
0.091770
0.101330
0.107510
0.109215
0.108067
0.039037
0.096859
0.096817
0.086538
0.100972
0.107215
0.106539
0.108114
0.043128
0.098102
0.095481
0.086814
0.096536
0.107706
0.108062
0.107488
0.043142
0.097929
0.090166
0.090775
0.080448
0.107333
0.107580
0.107424
0.063262
0.091197
0.090001
0.094498
0.033211
0.106115
0.106408
0.106836
0.106763
0.032015
0.101115
0.092888
0.084087
0.102149
0.110349
0.110031
0.107303
0.036909
0.099025
0.094388
0.081788
0.102772
0.107139
0.106956
0.106875
0.040044
0.100163
0.089442
0.090712
0.095955
0.107999
0.108390
0.105621
0.045275
0.093899
0.089466
0.096207
0.090711
0.107244
0.106952
0.107575
0.051975
0.100252
0.090573
0.089473
0.090441
0.107781
0.107139
0.106727
0.053028
0.090258
0.090981
0.093315
0.028704
0.098631
0.107298
0.106532
0.108255
0.041640
0.098384
0.096426
0.086518
0.097985
0.106936
0.107010
0.107870
0.046537
0.092765
0.090617
0.096101
0.065799
0.107487
0.107990
0.106683
0.078190
0.081493
0.096229
0.093375
0.036762
0.102322
0.107775
0.105651
0.107203
0.037767
0.100621
0.092664
0.083245
0.100387
0.106972
0.105956
0.105355
0.047227
0.094602
0.089681
0.096275
0.077806
0.107094
0.107458
0.105601
0.070014
0.092826
0.090903
0.096967
0.034692
0.105946
0.107501
0.107102
0.105643
0.033958
0.100263
0.087573
0.084034
0.096423
0.105440
0.107081
0.106965
0.046505
0.093966
0.090889
0.095931
0.079248
0.107392
0.110345
0.106860
0.062638
0.089656
0.093166
0.093654
0.031967
0.105911
0.105014
0.104870
0.106822
0.037644
0.096311
0.089427
0.089659
0.090616
0.105387
0.107263
0.105754
0.054071
0.094694
0.089829
0.096053
0.086072
0.106710
0.107445
0.107509
0.060848
0.099273
0.090025
0.089151
0.097491
0.108078
0.108513
0.107220
0.049623
0.096952
0.090409
0.089553
0.095588
0.109385
0.109488
0.107286
0.041657
0.099490
0.090027
0.089175
0.089833
0.107090
0.107120
0.109300
0.053146
0.098562
0.091026
0.089581
0.080291
0.105918
0.107896
0.105923
0.066905
0.091915
0.090093
0.094549
0.044862
0.106034
0.106607
0.106526
0.102309
0.047489
0.090328
0.096739
0.067964
0.095026
0.106055
0.107502
0.107272
0.051272
0.093416
0.088334
0.095032
0.089129
0.105876
0.105508
0.105455
0.062635
0.092296
0.090023
0.093579
0.040186
0.105846
0.107470
0.107143
0.108282
0.049178
0.088967
0.097268
0.068297
0.096679
0.107016
0.107131
0.106639
0.045680
0.100415
0.090705
0.092228
0.095852
0.107204
0.107014
0.107715
0.048199
0.098826
0.090793
0.090908
0.088527
0.106272
0.106011
0.106272
0.062830
0.094589
0.092149
0.097745
0.089634
0.106629
0.107007
0.107830
0.060801
0.100830
0.090310
0.089952
0.091282
0.108505
0.107326
0.105278
0.054888
0.094554
0.090401
0.096311
0.090813
0.107858
0.106667
0.105728
0.054734
0.100703
0.090761
0.092812
0.099171
0.108296
0.106818
0.107088
0.046871
0.097669
0.090218
0.090875
0.097309
0.109425
0.107465
0.107798
0.046502
0.101208
0.090194
0.091072
0.096913
0.106067
0.107674
0.106489
0.048305
0.094491
0.090238
0.095612
0.093169
0.108387
0.107611
0.107522
0.053126
0.099506
0.097474
0.083045
0.100211
0.109755
0.106691
0.107287
0.040984
0.101407
0.092989
0.084928
0.098370
0.107485
0.108065
0.107635
0.047338
0.106185
0.094065
0.084442
0.101354
0.107783
0.106782
0.108143
0.044029
0.095359
0.089926
0.090062
0.096791
0.106871
0.106492
0.108519
0.049140
0.100353
0.090337
0.090421
0.090257
0.107465
0.106945
0.107625
0.055107
0.100881
0.089956
0.090235
0.079812
0.107969
0.105436
0.106658
0.066400
0.091301
0.091077
0.095045
0.030900
0.102746
0.107938
0.107560
0.107489
0.035924
0.096621
0.090527
0.090028
0.069909
0.107922
0.105657
0.108704
0.074128
0.089781
0.093649
0.097016
0.031331
