0.008521
0.024739
0.023797
0.026782
0.025366
0.024860
0.024837
0.026032
0.025690
0.027024
0.026629
0.027634
0.024933
0.024514
0.024997
0.025023
0.024369
0.024261
0.024304
0.024231
0.024018
0.023950
0.023942
0.023718
0.026803
0.025399
0.025101
0.024652
0.024714
0.025333
0.025492
0.023772
0.023890
0.024302
0.025143
0.024406
0.024853
0.025568
0.025270
0.027430
0.025081
0.024434
0.024117
0.023995
0.023729
0.023614
0.023801
0.023799
0.023734
0.026949
0.024904
0.023992
0.023829
0.024004
0.023874
0.023898
0.023862
0.024040
0.023970
0.023832
0.024099
0.023965
0.024092
0.024354
0.024411
0.024328
0.024252
0.027331
0.024572
0.024626
0.024494
0.024329
0.024999
0.025223
0.025480
0.024556
0.024181
0.024145
0.023996
0.023897
0.027419
0.024544
0.024743
0.024584
0.024107
0.023930
0.024118
0.027909
0.023663
0.023673
0.023770
0.023381
0.023451
0.023643
0.027689
0.023552
0.023560
0.023630
0.023530
0.023604
0.023832
0.027886
0.023754
0.023753
0.023864
0.023730
0.026218
0.024215
0.023946
0.024270
0.024317
0.023770
0.023807
0.023564
0.024000
0.025245
0.024122
0.023939
0.023759
0.023757
0.023764
0.023780
0.026155
0.024033
0.023706
0.023710
0.023880
0.024137
0.024271
0.023878
0.023471
0.023502
0.023569
0.023449
0.023325
0.023310
0.023618
0.023454
0.023472
0.023746
0.023875
0.023609
0.023636
0.026401
0.024136
0.024166
0.024177
0.023866
0.023800
0.023894
0.023599
0.023757
0.023883
0.027956
0.023651
0.023859
0.023955
0.023784
0.023700
0.023860
0.023712
0.026018
0.025629
0.024590
0.023846
0.025264
0.026338
0.025114
0.024369
0.024666
0.024941
0.024914
0.024401
0.024212
0.029705
0.023638
0.023362
0.023467
0.024950
0.025518
0.026170
0.025714
0.026804
0.023975
0.023777
0.024010
0.025069
0.023892
0.023668
0.023800
0.024748
0.023783
0.026290
0.025765
0.025592
0.024271
0.024138
0.023784
0.023553
0.024361
0.023499
0.023283
0.023138
0.024356
0.023807
0.023757
0.023678
0.024897
0.023522
0.023298
0.023456
0.025344
0.024839
0.023575
0.023520
0.023704
0.026110
0.024192
0.024191
0.024080
0.025107
0.023926
0.024211
0.024155
0.024660
0.026603
0.028184
0.025926
0.024638
0.024507
0.026233
0.026704
0.028947
0.025462
0.023582
0.023557
0.024474
0.026485
0.025158
0.025712
0.025505
0.026796
0.025595
0.025643
0.025352
0.026524
0.024569
0.024357
0.024431
0.025450
0.023900
0.024036
0.024481
0.027088
0.025038
0.026394
0.025815
0.026405
0.025827
0.025401
0.025610
0.026674
0.025521
0.025097
0.024580
0.027854
0.025980
0.025988
0.025973
0.026904
0.025601
0.025809
0.024270
0.025513
0.024067
0.023592
0.023534
0.026006
0.024484
0.024116
0.024570
0.024135
0.023852
0.024381
0.024479
0.024713
0.026771
0.024374
0.024413
0.024210
0.024473
0.024838
0.025070
0.025496
0.026243
0.025110
0.024502
0.024362
0.024546
0.024318
0.026030
0.025506
0.026590
0.024930
0.024991
0.025004
0.026861
0.026349
0.026165
0.025094
0.026439
0.024885
0.024919
0.026478
0.026719
0.024737
0.026798
0.025533
0.024843
0.023853
0.023839
0.026691
0.027710
0.026073
0.026503
0.025481
0.027718
0.025654
0.026588
0.025869
0.028074
0.024416
0.023932
0.023752
0.025472
0.024362
0.025118
0.025034
0.027355
0.025842
0.025161
0.025176
0.024618
0.025386
0.025917
0.025092
0.027125
0.026696
0.025994
0.029169
0.026303
0.025385
0.026714
0.025720
0.026283
0.023758
0.023955
0.024043
0.027461
0.025412
0.025698
0.025529
0.026011
0.024374
0.024130
0.023587
0.024639
0.024918
0.026176
0.026170
0.027345
0.024404
0.023873
0.024018
0.025160
0.023249
0.024685
0.024613
0.024187
0.026584
0.024205
0.024082
0.024051
0.027449
0.024345
0.025188
0.024887
0.025800
0.028868
0.024408
0.024859
0.027704
0.031175
0.025910
0.025745
0.024395
0.023985
0.023664
0.023378
0.026005
0.023750
0.023711
0.023470
0.025356
0.024531
0.024088
0.023689
0.025281
0.023932
0.023697
0.023928
0.028352
0.024460
0.025223
0.024543
0.026600
0.026089
0.025879
0.026563
0.028201
0.026535
0.026563
0.025390
0.027819
0.024807
0.025376
0.024877
0.025182
0.024867
0.023704
0.023576
0.023157
0.025477
0.023448
0.023978
