0.008524
0.025921
0.024024
0.024737
0.023515
0.023353
0.026301
0.026248
0.026195
0.026474
0.025274
0.023505
0.023358
0.023654
0.023914
0.023674
0.024219
0.023670
0.024756
0.023928
0.023236
0.023362
0.024653
0.023381
0.023211
0.023322
0.023476
0.023325
0.023380
0.023594
0.026259
0.025291
0.026076
0.025882
0.026220
0.030492
0.026443
0.026391
0.026100
0.026028
0.026109
0.025732
0.026237
0.024769
0.024483
0.024611
0.028671
0.025586
0.024035
0.023599
0.023799
0.026308
0.025349
0.025203
0.025119
0.025041
0.024923
0.028573
0.024302
0.024520
0.025792
0.026288
0.026468
0.026643
0.026954
0.026828
0.026577
0.026684
0.026594
0.026819
0.025643
0.026010
0.024983
0.024796
0.025201
0.025212
0.024849
0.024420
0.023739
0.023814
0.024047
0.024013
0.023774
0.026537
0.025926
0.024466
0.024016
0.023786
0.023461
0.023628
0.023456
0.023857
0.023434
0.023489
0.026440
0.025154
0.025859
0.025203
0.024763
0.024537
0.025837
0.026059
0.026363
0.025821
0.025872
0.025720
0.025656
0.026351
0.025854
0.025781
0.026130
0.025182
0.026239
0.025940
0.025685
0.025786
0.025671
0.024740
0.024440
0.024717
0.025643
0.025717
0.029289
0.025500
0.025532
0.029138
0.024813
0.024903
0.025838
0.023841
0.025019
0.024048
0.024260
0.027007
0.026503
0.024279
0.025284
0.023711
0.023767
0.025989
0.025843
0.025978
0.026407
0.026730
0.027213
0.031425
0.026719
0.026803
0.027213
0.027217
0.026713
0.026668
0.026911
0.028223
0.025451
0.026864
0.025211
0.027312
0.026424
0.025633
