0.015009
0.027117
0.025285
0.024800
0.024559
0.024495
0.024582
0.023955
0.024691
0.024456
0.023370
0.026631
0.025322
0.025308
0.024956
0.026050
0.026569
0.025372
0.025619
0.024460
0.024139
0.023652
0.023578
0.023882
0.023389
0.023643
0.023730
0.024197
0.023510
0.023752
0.025115
0.025533
0.025266
0.025288
0.026313
0.025080
0.025664
0.026438
0.026041
0.025465
0.025596
0.025395
0.025882
0.025622
0.024780
0.023857
0.023720
0.024088
0.023929
0.023735
0.024165
0.023525
0.023576
0.023760
0.024085
0.023620
0.023673
0.024370
0.023720
0.023611
0.024099
0.024375
0.023794
0.024121
0.024057
0.023419
0.023689
0.023927
0.024309
0.023651
0.024135
0.023839
0.024018
0.023769
0.024533
0.024141
0.023937
0.023948
0.024403
0.023525
0.023593
0.023814
0.024074
0.023619
0.023849
0.023720
0.023793
0.023887
0.023586
0.024016
0.023667
0.023652
0.023768
0.023786
0.023592
0.023433
0.023796
0.023692
0.023533
0.023729
0.023919
0.023824
0.023910
0.023980
0.023777
0.023670
0.023849
0.023962
0.023825
0.024178
0.025435
0.025141
0.024127
0.026186
0.026096
0.026754
0.025825
0.025496
0.026755
0.026960
0.027256
0.027134
0.026733
0.026783
0.025233
0.024709
0.024327
0.025495
0.029030
0.029803
0.026455
0.025970
0.024621
0.027855
0.026138
0.025200
0.024785
0.025138
0.025181
0.025563
0.024890
0.023320
0.023529
0.028782
0.025349
0.026531
0.025871
0.027516
0.026273
0.026580
0.026505
0.026123
0.025084
0.024933
0.025225
0.026374
0.026226
0.026262
0.027160
0.027277
0.029364
0.025765
0.023829
0.024663
0.023708
0.024189
0.024996
0.025264
0.024199
0.024799
0.023448
0.023845
0.024371
0.024150
0.024239
0.026238
0.023744
0.023536
0.023842
0.024879
0.023766
0.023487
0.023713
0.024215
0.023259
0.023787
0.028301
0.024676
0.027139
0.026051
0.027662
0.024876
0.024330
0.024796
0.024760
0.023904
0.026780
0.027750
0.026269
0.026093
0.027211
0.026069
0.024294
0.026737
0.026185
0.026406
0.026170
0.027879
0.026841
0.026445
0.025201
0.024968
0.025201
0.025996
0.028923
0.026986
0.025918
0.026700
0.028028
0.024498
0.026284
0.024585
0.026961
0.025668
0.025877
0.027118
0.025008
0.026115
0.026713
0.024758
0.024589
0.024073
0.024563
0.023386
0.023296
0.023657
0.024197
0.023269
0.023267
0.023386
0.023355
0.023242
0.023298
0.024699
0.023092
0.025824
0.024606
0.027157
0.024703
0.024454
0.026143
0.025195
0.025056
0.027201
0.028207
0.024478
0.024210
0.024009
0.024800
0.024575
0.023803
0.023306
0.027422
0.026994
0.025187
0.027723
0.025288
0.024357
0.025737
0.025755
0.023825
0.025131
0.025943
0.026554
0.026670
0.024334
0.026615
0.024889
0.025145
0.023614
0.027452
0.026418
0.026493
0.027319
0.026306
0.026010
0.025710
0.026308
0.024919
0.024636
0.025952
0.024431
0.025156
0.024928
0.023777
0.023957
0.025608
0.026857
0.025560
0.025088
0.025204
0.025379
0.025402
0.025834
0.027298
0.026684
0.026561
0.026707
0.026906
0.026891
0.027285
0.027469
0.027933
0.027277
0.028026
0.025310
0.028781
0.026923
0.026622
0.027354
0.027998
0.027628
0.027679
0.026546
0.025323
0.025057
0.024901
0.025398
0.026317
0.025286
0.025226
0.024062
0.025994
0.032982
0.025515
0.025663
0.025891
0.025859
0.026120
0.026309
0.026245
0.026219
0.026819
0.026343
0.031386
0.026784
0.026345
0.026208
0.027898
0.025942
0.024519
0.026580
0.026417
0.025319
0.024050
0.024549
0.024928
0.023565
0.027215
0.023913
0.023655
0.023608
0.027972
0.023709
0.023540
0.023520
0.027224
0.024779
0.026167
0.024544
0.026101
0.024548
0.023988
0.026330
0.026021
0.026011
0.026053
0.025340
0.025592
0.026858
0.026887
0.024336
0.024931
0.024725
0.023423
0.023393
0.023291
0.025499
0.027024
0.024013
0.024727
0.024640
0.023685
0.024925
0.024831
0.027082
0.024904
0.025423
0.027983
0.025435
