0.014024
0.095806
0.093813
0.085317
0.100437
0.108088
0.107322
0.108409
0.044091
0.101178
0.090438
0.090995
0.093311
0.107424
0.107421
0.111148
0.048702
0.101661
0.090806
0.091243
0.096674
0.107415
0.107690
0.107074
0.048639
0.101450
0.090363
0.091256
0.103780
0.108272
0.110129
0.110459
0.038245
0.102216
0.093062
0.085976
0.103222
0.107491
0.108408
0.107326
0.042785
0.100878
0.091635
0.091363
0.096772
0.110978
0.107640
0.108370
0.046746
0.101404
0.090848
0.090440
0.091458
0.108319
0.108964
0.113086
0.050876
0.094431
0.091783
0.095365
0.091209
0.107575
0.111892
0.107735
0.052871
0.098103
0.090993
0.090129
0.088707
0.108795
0.108315
0.107586
0.057763
0.091862
0.089528
0.101507
0.098296
0.108031
0.108534
0.109440
0.047534
0.101008
0.095490
0.086683
0.101187
0.108332
0.107788
0.108175
0.043783
0.099022
0.070894
0.096762
0.039861
0.106467
0.107627
0.108012
0.108656
0.030958
0.100489
0.094203
0.087551
0.103974
0.107519
0.108389
0.106792
0.042306
0.094964
0.091025
0.097762
0.090149
0.107757
0.107779
0.106479
0.055527
0.100533
0.090634
0.090871
0.069345
0.106790
0.107352
0.107521
0.076812
0.084743
0.097483
0.102866
0.070522
0.107918
0.107044
0.110412
0.070338
0.093261
0.090203
0.094564
0.031194
0.102072
0.107553
0.107173
0.107321
0.038085
0.095349
0.090396
0.089545
0.086820
0.108202
0.107457
0.108207
0.059054
0.092584
0.089597
0.094541
0.030521
0.100856
0.106762
0.108459
0.106370
0.043771
0.094174
0.091253
0.097159
0.038281
0.106370
0.106244
0.106186
0.105942
0.029470
0.096056
0.096534
0.086776
0.099931
0.106414
0.106207
0.108716
0.051621
0.093317
0.090245
0.096260
0.070870
0.107352
0.107417
0.108002
0.073869
0.084703
0.097772
0.099218
0.031173
0.107967
0.107221
0.107441
0.107267
0.029886
0.097080
0.091184
0.090011
0.083033
0.106351
0.110115
0.105688
0.065504
0.092435
0.090479
0.094743
0.048290
0.107828
0.106094
0.105895
0.106886
0.044170
0.091700
0.091214
0.081391
0.095818
0.106075
0.106670
0.106528
0.054121
0.090851
0.089889
0.093426
0.030221
0.103576
0.107678
0.106040
0.107025
0.040270
0.099377
0.090532
0.091020
0.063857
0.106320
0.105652
0.106458
0.087150
0.070189
0.089599
0.090340
0.057001
0.099571
0.106828
0.106929
0.107411
0.046913
0.094772
0.091688
0.094223
0.035599
0.106492
0.108971
0.106110
0.106319
0.029893
0.099363
0.094464
0.086874
0.100317
0.105865
0.105728
0.107143
0.055852
0.097887
0.089348
0.092701
0.090840
0.108152
0.107463
0.106730
0.057550
0.096797
0.091967
0.095954
0.059095
0.109014
0.106124
0.109460
0.087142
0.069021
0.089546
0.090782
0.057054
0.095623
0.106295
0.107641
0.106148
0.056374
0.105551
0.093738
0.085652
0.089132
0.106848
0.106538
0.106058
0.059723
0.091358
0.090554
0.100949
0.063675
0.106511
0.105765
0.105173
0.086770
0.065971
0.091878
0.090416
0.057615
0.095767
0.106065
0.106006
0.105870
0.054307
0.095406
0.090529
0.098290
0.094003
0.109838
0.107774
0.105950
0.054652
0.090948
0.091288
0.094874
0.030532
0.099818
0.105970
0.107325
0.107187
0.044693
0.094663
0.091375
0.095006
0.032575
0.106586
0.106486
0.106249
0.107494
0.033399
0.097463
0.090931
0.090629
0.081896
0.106054
0.108335
0.108192
0.067427
0.092430
0.094195
0.098909
0.058548
0.107159
0.106965
0.106551
0.087685
0.077520
0.088126
0.090533
0.050577
0.096755
0.107780
0.106286
0.107790
0.050390
0.105715
0.094189
0.085161
0.100998
0.107982
0.107905
0.106735
0.046726
0.100299
0.090271
0.093388
0.097034
0.107516
0.108072
0.108097
0.046715
0.099721
0.090717
0.090400
0.080396
0.108298
0.108608
0.108397
0.064267
0.093103
0.090625
0.099727
0.087450
0.108240
0.108047
0.107980
0.060015
0.092575
0.090838
0.102658
0.081077
0.108470
0.108735
0.108124
0.064499
0.094450
0.091293
0.094179
0.032924
0.108349
0.107976
0.107688
0.108747
0.030848
0.101395
0.093685
0.085001
0.096605
0.108105
0.108373
0.108318
0.049684
0.090953
0.091416
0.094853
0.032954
0.114041
0.107194
0.106488
0.108321
0.048597
0.093382
0.090987
0.080061
0.101666
0.107893
0.107259
0.107817
0.042732
0.101288
0.090623
0.092325
0.097630
0.108308
0.108208
0.106265
0.052032
0.094520
0.090581
0.096736
0.072960
0.105789
0.109174
0.106116
0.075551
0.082393
0.093546
0.096357
0.035321
0.099700
0.107386
0.107530
0.107323
0.044138
0.094417
0.090914
0.095398
0.082006
0.107066
0.110168
0.108155
0.064387
0.092330
0.091178
0.096712
0.034390
0.107848
0.107964
0.107815
