0.010303
0.105985
0.106512
0.104894
0.105185
0.041290
0.094217
0.088012
0.094672
0.032098
0.099149
0.106835
0.104968
0.106927
0.051960
0.090425
0.090513
0.097589
0.032425
0.099844
0.106913
0.106130
0.106258
0.050765
0.097277
0.091782
0.091012
0.104979
0.105005
0.104740
0.105105
0.043531
0.094470
0.091308
0.091245
0.100306
0.106384
0.105819
0.105657
0.035083
0.096853
0.088032
0.085852
0.106278
0.105735
0.106657
0.102512
0.046926
0.085747
0.093061
0.049073
0.095209
0.105401
0.106169
0.107038
0.041039
0.092660
0.092460
0.065930
0.105709
0.105925
0.104751
0.103410
0.094415
0.091129
0.076463
0.097513
0.104928
0.108148
0.106003
0.033621
0.091376
0.090647
0.079551
0.105795
0.105578
0.106545
0.105539
0.032914
0.088116
0.090344
0.075114
0.105415
0.106499
0.105641
0.103425
0.093016
0.094630
0.060704
0.099258
0.107394
0.105179
0.107154
0.038794
0.097886
0.090668
0.062367
0.094915
0.106143
0.106163
0.105909
0.091019
0.088547
0.068606
0.108210
0.106858
0.105621
0.096908
0.085983
0.089901
0.095438
0.036108
0.105272
0.106277
0.106516
0.099771
0.052217
0.090352
0.090486
0.053776
0.106202
0.105289
0.106272
0.092927
0.050479
0.090863
0.094503
0.035235
0.094535
0.104900
0.105519
0.102735
0.042821
0.089124
0.090273
0.067251
0.105609
0.105283
0.106226
0.106641
0.034554
0.096238
0.091869
0.073600
0.101102
0.105511
0.104750
0.106436
0.032614
0.095004
0.090829
0.075644
0.105387
0.106494
0.105189
0.090230
0.076622
0.088989
0.090972
0.049212
0.096333
0.105232
0.107952
0.106579
0.034926
0.098219
0.090189
0.090028
0.071397
0.105865
0.105468
0.105711
0.064656
0.091187
0.090767
