0.018627
0.104965
0.095381
0.046574
0.093123
0.091784
0.077354
0.101080
0.106547
0.105934
0.106150
0.050180
0.090639
0.090434
0.093266
0.033762
0.094507
0.104824
0.105005
0.106017
0.059447
0.091201
0.092747
0.095355
0.086495
0.108832
0.105644
0.104867
0.071940
0.083235
0.093766
0.095309
0.035031
0.099860
0.105148
0.106718
0.105859
0.054301
0.090706
0.090267
0.097172
0.039128
0.105922
0.106751
0.106708
0.093347
0.050675
0.095370
0.093595
0.067765
0.094852
0.104889
0.106414
0.104621
0.060707
0.089792
0.092656
0.097061
0.031012
0.098752
0.104759
0.104813
0.105221
0.056646
0.090569
0.090282
0.091117
0.043177
0.105378
0.105006
0.108226
0.106046
0.038885
0.098779
0.092330
0.090904
0.058579
0.106521
0.105992
0.104794
0.095812
0.048763
0.090286
0.090602
0.076443
0.095481
0.104930
0.105094
0.106541
0.060690
0.091594
0.091258
0.094804
0.032113
0.101411
0.104820
0.106378
0.106499
0.048118
0.090529
0.092692
0.094943
0.031986
0.102955
0.106226
0.105997
0.105011
0.047483
0.089567
0.096817
0.098430
0.043017
0.106300
0.105620
0.107013
0.106305
0.035487
0.092555
0.092191
0.088696
0.081249
0.106160
0.104902
0.104470
0.073769
0.082128
0.093556
0.094177
0.044377
0.106709
0.105106
0.105489
0.105028
0.040983
0.094147
0.089578
0.097157
0.043161
0.106729
0.106848
0.106300
0.106755
0.031563
0.093699
0.091944
0.091489
0.035213
0.106614
0.105638
0.104877
0.105627
0.036764
0.098959
0.092623
0.091662
0.034955
0.105048
0.106361
0.106627
0.105563
0.034859
0.097268
0.091873
0.092030
0.053665
0.106781
0.104879
0.106463
0.100724
0.069206
0.092764
0.092132
0.058343
0.095631
0.105755
0.105471
0.106755
0.056855
0.091904
0.090303
0.092133
0.036819
0.096608
0.105959
0.106856
0.105894
0.053987
0.091511
0.091715
0.096177
0.030995
0.096431
0.105127
0.105947
0.105111
0.058580
0.092407
0.090136
0.097494
0.032245
0.100333
0.105231
0.104861
0.104959
0.058305
0.092093
0.090165
0.096483
0.032787
0.097556
0.105028
0.104841
0.105992
0.056800
0.090886
0.092210
0.094829
0.030913
0.098492
0.106421
0.106540
0.105114
0.054618
0.091133
0.092770
0.096072
0.038407
0.106300
0.106227
0.106883
0.106679
0.032938
0.096133
0.092069
0.092036
0.034017
0.104594
0.105339
0.108317
0.107107
0.034743
0.099113
0.092231
0.092533
0.043432
0.106860
0.106514
0.105733
0.106083
0.034217
0.094507
0.093275
0.087227
0.090771
0.106344
0.109542
0.107030
0.059440
0.091152
0.090519
0.097174
0.030828
0.099951
0.108983
0.105928
0.105343
0.049245
0.089614
0.090091
0.091185
0.035373
0.101398
0.105792
0.105457
0.105446
0.051118
0.090332
0.091412
0.096398
0.032432
0.098605
0.105250
0.105630
0.105649
0.052416
0.090799
0.090532
0.091154
0.034212
0.095524
0.106037
0.107849
0.106866
0.053552
0.090509
0.092507
0.096320
0.032445
0.100347
0.106541
0.105004
0.106114
0.052111
0.090990
0.091265
0.096119
0.031927
0.102192
0.104937
0.106936
0.106373
0.047520
0.090605
0.090507
0.095416
0.031342
0.099965
0.106896
0.105733
0.104648
0.054220
0.095408
0.090890
0.097612
0.035667
0.105985
0.105295
0.106471
0.105983
0.029712
0.096105
0.091459
0.092327
0.053210
0.106445
0.106329
0.106676
0.098812
0.049134
0.091274
0.091782
0.075267
0.098883
0.104811
0.105921
0.104796
0.057212
0.091335
0.090828
0.097682
0.033087
0.101547
0.106654
0.106227
0.105119
0.048681
0.091095
0.089128
0.091480
0.033857
0.095121
0.104988
0.106827
0.104901
0.063015
0.090811
0.091923
0.094515
0.031080
0.097090
0.104741
0.106793
0.105164
0.056932
0.089596
0.092847
