0.015975
0.107013
0.103476
0.047140
0.092412
0.086206
0.087258
0.092412
0.106140
0.108529
0.106715
0.068434
0.082031
0.091348
0.086653
0.051785
0.097487
0.106175
0.106240
0.106153
0.063433
0.091076
0.094157
0.092250
0.037163
0.099313
0.106595
0.106091
0.105753
0.062546
0.090262
0.094162
0.099578
0.033543
0.099784
0.106043
0.108713
0.106328
0.056655
0.089954
0.094117
0.092458
0.036715
0.101250
0.106211
0.106195
0.106139
0.057966
0.092291
0.091982
0.092529
0.036458
0.094756
0.106661
0.106314
0.108256
0.062448
0.082390
0.091007
0.085994
0.051833
0.095166
0.106258
0.106440
0.106271
0.064066
0.084023
0.076678
0.088575
0.065176
0.089207
0.106217
0.106111
0.106344
0.069807
0.079837
0.087147
0.093102
0.052470
0.101126
0.106491
0.106077
0.106047
0.058667
0.092187
0.093788
0.097256
0.040340
0.106435
0.106229
0.105957
0.105722
0.045791
0.091343
0.091176
0.092552
0.040942
0.101873
0.106280
0.106089
0.106326
0.054023
0.091548
0.091515
0.093209
0.038971
0.101655
0.105994
0.105280
0.106308
0.054498
0.091367
0.093699
0.096940
0.034526
0.101585
0.106064
0.106256
0.106352
0.054766
0.091384
0.090992
0.092994
0.036381
0.095659
0.106067
0.106693
0.106002
0.064495
0.082364
0.091064
0.086910
0.051446
0.087394
0.106235
0.106021
0.106305
0.072576
0.084278
0.094101
0.095413
0.041126
0.097663
0.106099
0.106190
0.106263
0.062315
0.091075
0.093798
0.092738
0.036520
0.100869
0.106310
0.106368
0.105979
0.058464
0.092062
0.094028
0.097114
0.033717
0.100196
0.106125
0.106169
0.105918
0.058626
0.091944
0.093947
0.097175
0.035235
0.102759
0.106126
0.106154
0.106247
0.054101
0.091127
0.091517
0.092765
0.036624
0.101404
0.106106
0.106129
0.106293
0.057538
0.089671
0.093919
0.092904
0.036499
0.099190
0.106168
0.106174
0.106302
0.060747
0.090780
0.094136
0.092845
0.037094
0.097144
0.105986
0.105751
0.106551
0.063082
0.091277
0.093515
0.092679
0.036924
0.099709
0.105942
0.106097
0.105904
0.059344
0.083684
0.093970
0.095289
0.041211
0.101799
0.105986
0.106014
0.106097
0.059658
0.091956
0.093562
0.097080
0.034266
0.096582
0.106329
0.105956
0.105927
0.061938
0.082044
0.090934
0.086626
0.052205
0.099529
0.106451
0.105966
0.105866
0.059652
0.081618
0.091021
0.086500
0.052454
0.094900
0.106465
0.106030
0.106403
0.064372
0.091129
0.093811
0.092431
0.037216
0.100727
0.106171
0.106056
0.105898
0.058408
0.092052
0.084887
0.095587
0.040687
0.094969
0.106312
0.106157
0.106232
0.064209
0.067941
0.092128
0.093366
0.059788
0.094987
0.106551
0.106593
0.105928
0.064407
0.046229
0.094141
0.093407
0.077908
0.084936
0.106395
0.106271
0.106252
0.074532
0.080797
0.086925
0.093564
0.052016
0.095757
0.108903
0.106126
0.105970
0.063263
0.090091
0.093843
0.092867
0.036599
0.096529
0.106294
0.106100
0.105997
0.062274
0.081965
0.091428
0.086285
0.055034
0.097447
0.105845
0.106256
0.106176
0.062221
0.090375
0.093821
0.092907
0.036631
0.095049
0.106067
0.106321
0.106261
0.064418
0.091467
0.093528
0.092425
0.036770
0.094823
0.106204
0.106298
0.106091
0.064189
0.083259
0.093740
0.095342
0.040799
0.095766
0.106119
0.106083
0.106497
0.065350
0.081711
0.091475
0.086440
0.052031
0.095159
0.106693
0.106586
0.106092
0.065317
0.090473
0.094497
0.092231
0.037101
0.101043
0.106290
0.105940
0.106336
0.058131
0.090078
0.094145
0.092591
0.037438
0.101202
0.106115
0.106170
0.106301
0.058378
0.091564
0.091766
0.092879
0.037186
0.097588
0.105886
0.106420
0.105694
0.062232
0.081610
0.091454
0.088818
0.050273
0.095709
0.106109
0.106272
0.106453
0.065417
0.084123
0.096134
0.093280
0.041410
0.095445
0.106056
0.106169
0.106190
0.064066
0.081776
0.091509
0.086168
0.051957
0.096781
0.106135
0.106292
0.105765
0.062953
0.071688
0.093077
0.088623
0.059403
0.088976
0.106380
0.106160
0.106466
0.071091
0.090803
0.093912
0.092806
0.036849
0.097758
0.106401
0.105971
0.105923
0.062673
0.085456
0.091912
0.095526
0.040598
0.095008
0.106212
0.106637
0.106025
0.065749
0.090063
0.094717
0.092727
0.036844
0.095246
0.105992
0.106504
0.106086
0.064154
0.086355
0.091402
0.095402
0.041092
0.099414
0.106495
0.106119
0.106550
0.060221
0.082066
0.091600
0.086104
0.051982
0.095061
0.106358
0.106200
0.106134
0.065041
0.082066
0.091032
0.086879
0.052313
0.097863
0.106508
0.106503
0.105853
0.063025
0.082520
0.091279
0.086434
0.052176
0.096200
0.106084
0.106259
0.106338
0.065397
0.090641
0.094056
0.092966
0.036525
0.095253
0.106240
0.106028
0.106261
0.063818
0.083158
0.093931
0.095531
0.040355
0.094530
0.106488
0.106089
0.106338
0.065445
0.084079
0.093974
0.095440
0.040805
0.095495
0.106303
0.106134
0.106303
0.066052
0.091123
0.093420
0.092869
0.036755
0.094277
0.106434
0.106173
0.105955
0.065631
0.090593
0.093909
0.092756
0.036474
0.095468
0.106234
0.106151
0.106369
0.065206
0.091061
0.094319
0.092655
0.037079
0.095684
0.106139
0.106269
0.106095
0.064841
0.083073
0.091188
0.086601
0.051870
0.101382
0.106324
0.106164
0.106289
0.059008
0.091736
0.091839
0.092472
0.036935
0.099261
0.105860
0.106388
0.106328
0.060614
0.081583
0.091168
0.086334
0.052896
0.099299
0.106093
0.105954
0.106148
0.060256
0.090880
0.093853
0.092553
0.036484
0.094520
0.107671
0.104937
0.106004
0.064089
0.081587
0.091556
0.086438
0.052181
0.094916
0.106609
0.106503
0.105481
0.064672
0.079329
0.087173
0.093285
0.052072
0.086308
0.106742
0.106303
0.106147
0.073035
0.080409
0.086741
0.093505
0.052429
0.096505
0.106735
0.106031
0.105466
0.063335
0.093677
0.091470
0.092562
0.036961
0.097888
0.106243
0.106301
0.106135
0.062972
0.083378
0.093978
0.095663
0.040694
0.099437
0.106331
0.106351
0.106212
0.060927
0.091134
0.094109
0.092512
0.036654
0.095284
0.106297
0.106356
0.105300
0.065214
0.083019
0.094296
0.095504
0.040496
0.097137
0.106478
0.106323
0.105855
0.063154
0.086141
0.092068
0.097564
0.038714
0.097298
0.106359
0.108612
0.106248
0.061985
0.091931
0.093872
0.097532
0.034886
0.099485
0.105992
0.105906
0.106284
0.059195
0.089772
0.094248
0.092850
0.037287
0.097051
0.106469
0.105982
0.106194
0.062311
0.090887
0.094038
0.092564
0.036728
0.101394
0.105953
0.106260
0.106056
0.059085
0.086187
0.091498
0.095659
0.041068
0.095561
0.106204
0.108389
0.105854
0.062780
0.083652
0.096591
0.092422
0.041539
0.095304
0.106139
0.106169
0.106059
0.064693
0.083512
0.093890
0.095054
0.040814
0.099253
0.106322
0.106070
0.106427
0.060645
0.081759
0.091848
0.086169
0.052479
0.101663
0.106207
0.106020
0.106182
0.058378
0.082809
0.094023
0.095833
0.040506
0.097452
0.105771
0.106369
0.106678
0.062641
0.090627
0.094344
0.092899
0.036057
0.096554
0.106157
0.106428
0.106058
0.062256
0.091085
0.093600
0.093074
0.037492
0.097496
0.106156
0.106204
0.105890
0.063168
0.085940
0.091984
0.095597
0.040465
0.094407
0.106519
0.106719
0.105712
0.065039
0.081939
0.090854
0.086709
0.051901
0.098799
0.106679
0.106284
0.106260
0.060764
0.083623
0.094330
0.095397
0.041167
0.096505
0.106306
0.106106
0.105946
0.064117
0.083118
0.094197
0.097488
0.038979
0.100920
0.106566
0.106183
0.106257
0.059360
0.090770
0.093967
0.092634
0.037088
0.101102
0.106301
0.105946
0.106116
0.059446
0.092062
0.091891
0.092759
0.037175
0.096185
0.106241
0.105773
0.106076
0.064807
0.083438
0.093918
0.095337
0.040430
0.095877
0.106364
0.106471
0.105775
0.065630
0.082156
0.091218
0.086314
0.051804
0.088094
0.106115
0.106021
0.106066
0.070314
0.079852
0.087089
0.093327
0.052101
0.095846
0.108733
0.106268
0.105800
0.063318
0.082352
0.094081
0.091009
0.047899
0.097958
0.106202
0.106557
0.105935
0.062757
0.083013
0.093768
0.095363
0.040466
0.095397
0.106335
0.106314
0.106488
0.064059
0.082017
0.091295
0.086706
0.052115
0.099591
0.106298
0.106030
0.106033
0.060291
0.090875
0.094125
0.092266
0.036878
0.096137
0.106184
0.106402
0.106290
0.063895
0.079704
0.087177
0.093402
0.052032
0.095059
0.106479
0.106534
0.106067
0.065148
0.090140
0.094238
0.092657
0.041095
0.103171
0.106141
0.106109
0.106054
0.055099
0.091457
0.091941
0.092690
0.036241
0.095425
0.106271
0.106228
0.105887
0.064391
0.079886
0.086964
0.093638
0.051839
0.086380
0.106363
0.106149
0.106077
0.072190
0.082116
0.091431
0.086032
0.051747
0.095386
0.106281
0.106164
0.105994
0.065218
0.090447
0.094491
0.093031
0.036713
0.096370
0.106765
0.106247
0.105990
0.062835
0.093798
0.091722
0.092770
0.037081
0.097251
0.106475
0.106031
0.106316
0.062492
0.081404
0.091759
0.086486
0.051957
0.088865
0.106310
0.106272
0.106080
0.070465
0.083055
0.091257
0.086823
0.051801
0.089273
0.105301
0.106423
0.105998
0.070557
0.079962
0.087007
0.093491
0.051971
0.095498
0.106147
0.106558
0.105868
0.065581
0.083927
0.094069
0.095542
0.040954
0.099157
0.106378
0.106067
0.105864
0.059975
0.091037
0.093704
0.092481
0.036756
0.097482
0.106358
