0.010379
0.092088
0.094227
0.096969
0.036175
0.101563
0.108324
0.110878
0.105783
0.050227
0.090556
0.091884
0.092659
0.036526
0.095176
0.106259
0.106283
0.105926
0.061773
0.037540
0.096980
0.090990
0.087452
0.050183
0.106563
0.106237
0.106119
0.106307
0.028682
0.098397
0.087466
0.092684
0.041366
0.106083
0.108824
0.105840
0.105943
0.040528
0.089835
0.093826
0.097531
0.032983
0.097634
0.106341
0.106644
0.106539
0.058880
0.092511
0.091438
0.092590
0.037058
0.096777
0.106508
0.106186
0.106346
0.062974
0.089516
0.094313
0.093108
0.037173
0.096234
0.105992
0.106353
0.105854
0.064989
0.081681
0.091049
0.086893
0.052253
0.088724
0.106195
0.106022
0.106194
0.070399
0.082037
0.091552
0.092947
0.046541
0.101995
0.105844
0.105898
0.106068
0.058663
0.090298
0.094345
0.102234
0.032337
0.102728
0.106220
0.106007
0.108265
0.052249
0.091324
0.091556
0.092604
0.037228
0.095350
0.106079
0.106344
0.106192
0.064131
0.081623
0.091511
0.087501
0.051816
0.097739
0.106197
0.105876
0.106534
0.063354
0.045636
0.094846
0.093426
0.077963
0.090596
0.106191
0.106061
0.106197
0.068138
0.083552
0.093816
0.095200
0.040754
0.095972
0.106194
0.105849
0.106250
0.065123
0.083238
0.093960
0.095556
0.041046
0.097127
0.106179
0.106164
0.108198
0.060529
0.085459
0.093983
0.093290
0.040747
0.100847
0.106904
0.106230
0.106030
0.058868
0.092144
0.091352
0.092424
0.036445
0.094999
0.106036
0.106225
0.106097
0.065301
0.083900
0.096109
0.093321
0.041204
0.094651
0.106214
0.106195
0.106011
0.064436
0.083210
0.093980
0.095410
0.041229
0.097147
0.105950
0.106515
0.106185
0.063191
0.090238
0.093787
0.092808
0.036839
0.094698
0.106539
0.106250
0.105993
0.065236
0.082378
0.091576
0.086545
0.054628
0.094547
0.106182
0.106283
0.106086
0.063989
0.083164
0.090615
0.086306
0.051811
0.095221
0.105952
0.106301
0.106418
0.065176
0.078854
0.087691
0.093352
0.051949
0.096848
0.106609
0.106037
0.106257
0.064930
0.083353
0.083022
0.093679
0.051658
0.087171
0.106424
0.106154
0.106486
0.071869
0.076182
0.091229
0.093072
0.052470
0.097528
0.106230
0.106227
0.105887
0.063226
0.085786
0.091186
0.095204
0.041353
0.097312
0.106204
0.106147
0.106374
0.062084
0.081332
0.091565
0.086170
0.051664
0.087997
0.106136
0.105972
0.106152
0.070822
0.079567
0.086962
0.096186
0.049501
0.087901
0.106237
0.106264
0.106227
0.070447
0.083745
0.096490
0.092574
0.040582
0.097372
0.106175
0.106056
0.106330
0.062302
0.082383
0.091144
0.086371
0.052116
0.086995
0.106391
0.106038
0.106323
0.073027
0.083433
0.094221
0.095229
0.041018
0.101344
0.106213
0.106294
0.106036
0.058969
0.089846
0.093580
0.092885
0.038258
0.095534
0.105939
0.106136
0.106152
0.065459
0.093385
0.091715
0.093175
0.036776
0.094887
0.106329
0.106214
0.106057
0.064728
0.086023
0.094375
0.092877
0.040283
0.101095
0.105905
0.106246
0.106287
0.058551
0.091725
0.092015
0.092844
0.037316
0.097043
0.106258
0.106104
0.106146
0.063176
0.084172
0.096164
0.093425
0.041225
0.095650
0.106404
0.106455
0.106131
0.064335
0.083421
0.093796
0.095652
0.040556
0.097574
0.106389
0.106409
0.105914
0.062622
0.077277
0.089597
0.093613
0.054995
0.097646
0.106455
0.105975
0.105963
0.063390
0.082062
0.090947
0.086538
0.051932
0.095076
0.106287
0.106415
0.106376
0.064524
0.083296
0.094151
0.095292
0.040624
0.095744
0.106044
0.106542
0.106372
0.064983
0.079946
0.086803
0.095897
0.050472
0.097083
0.106018
0.106061
0.105983
0.064098
0.091338
0.093914
0.095939
0.033024
0.101939
0.106266
0.106524
0.106229
0.056809
0.089487
0.094455
0.092763
0.037430
0.094872
0.106268
0.106203
0.105800
0.065044
0.079856
0.086561
0.093453
0.051911
0.088754
0.106402
0.106200
0.105866
0.071218
0.082194
0.090914
0.086027
0.051799
0.098215
0.105858
0.105812
0.106378
0.062777
0.084073
0.096373
0.093102
0.040598
0.094372
0.106221
0.106492
0.106242
0.068541
0.092208
0.091445
0.092750
0.036728
0.096662
0.106201
0.106669
0.106121
0.062568
0.090457
0.094133
0.092578
0.036302
0.095090
0.105962
0.106065
0.105793
0.064060
0.078079
0.088980
0.093511
0.052160
0.086433
0.106289
0.106385
0.106167
0.072619
0.080578
0.086624
0.093714
0.051760
0.094847
0.106180
0.106088
0.106569
0.067119
0.092005
0.094065
0.097233
0.034240
0.099422
0.106276
0.106080
0.106452
0.058074
0.091014
0.094343
0.093036
0.039958
0.096482
0.106072
0.106235
0.106736
0.062945
0.083320
0.095856
0.093219
0.040310
0.094694
0.106163
0.106588
0.105842
0.065931
0.092994
0.093936
0.097305
0.033995
0.101193
0.106310
0.106141
0.106215
0.058119
0.091579
0.091440
0.093069
0.036517
0.094701
0.106184
0.106058
0.106170
0.064154
0.081451
0.091510
0.086228
0.052031
0.086120
0.106392
0.106562
0.106092
0.072757
0.080348
0.086700
0.093382
0.051991
0.099210
0.106246
0.106144
0.106480
0.061500
0.092449
0.091463
0.092726
0.037028
0.096545
0.106609
0.106125
0.106301
0.064092
0.090712
0.094135
0.092659
0.037055
0.096504
0.106498
0.106257
0.106348
0.062511
0.083113
0.093876
0.095429
0.043148
0.098114
0.106171
0.106011
0.105967
0.062747
0.094826
0.093610
0.097077
0.032806
0.100591
0.106455
0.105911
0.105964
0.058408
0.090148
0.094373
0.092855
0.036825
0.096353
0.106127
0.106354
0.106410
0.063298
0.089816
0.093873
0.092870
0.037373
0.097461
0.106448
0.106326
0.106063
0.062541
0.082019
0.091515
0.086348
0.052105
0.094507
0.106310
0.106084
0.106359
0.064997
0.082100
0.091476
0.086634
0.052212
0.099001
0.105937
0.106512
0.106308
0.060536
0.093196
0.091467
0.092041
0.037219
0.101269
0.106397
0.106051
0.105987
0.059073
0.093265
0.091749
0.092524
0.037431
0.094955
0.106011
0.105883
0.105855
0.065374
0.081774
0.090955
0.086635
0.052163
0.094529
0.106355
0.105842
0.106061
0.065400
0.090907
0.094110
0.092900
0.037319
0.098091
0.106336
0.106197
0.105850
0.063274
0.084084
0.093744
0.095349
0.040641
0.095036
0.105768
0.106657
0.105856
0.064695
0.083955
0.096227
0.093410
0.040472
0.099174
0.106212
0.106325
0.106034
0.061126
0.083047
0.093938
0.095673
0.040679
0.097193
0.105778
0.106606
0.106214
0.062948
0.090284
0.093808
0.092652
0.041155
0.099709
0.106489
0.106119
0.105756
0.058518
0.090447
0.093278
0.092712
0.036708
0.098976
0.106684
0.106395
0.105947
0.062798
0.091892
0.093634
0.097548
0.034046
0.102693
0.106544
0.106027
0.106647
0.054956
0.091468
0.093697
0.097106
0.035091
0.102826
0.106287
0.106033
0.106681
0.054050
0.091177
0.091964
0.092016
0.036705
0.101790
0.106310
0.106200
0.106230
0.059021
0.092086
0.093977
0.097471
0.033584
0.098941
0.106348
0.106188
0.106121
0.058702
0.091840
0.091665
0.092776
0.039691
0.101640
0.105187
0.105725
0.106371
0.038149
0.093196
0.089615
0.097211
0.033640
0.100491
0.106564
0.106191
0.106236
0.058974
0.090281
0.093699
0.092969
0.036671
0.094800
0.106613
0.106285
0.105587
0.064973
0.083500
0.094011
0.095427
0.041627
0.097714
0.106127
0.106189
0.105906
0.062654
0.093461
0.091607
0.092676
0.036863
0.095049
0.106398
0.106181
0.106114
0.064858
0.082050
0.091064
0.089215
0.049886
0.096727
0.106503
0.106352
0.105854
0.063114
0.082916
0.094392
0.095742
0.040861
0.095367
0.105929
0.106163
0.106028
0.064997
0.094051
0.093643
0.099387
0.031591
0.099679
0.106255
0.106187
0.106423
0.059059
0.090311
0.094060
0.092834
0.036421
0.101375
0.106439
0.106146
0.106304
0.057856
0.089383
0.093868
0.092642
0.037645
0.097918
0.106155
0.106178
0.106208
0.063094
0.083823
0.094095
0.095715
0.040462
0.089116
0.106247
0.106243
0.106254
0.070429
0.082220
0.091102
0.086416
0.051973
0.094828
0.106233
0.106078
0.106231
0.064378
0.082109
0.091365
0.086453
0.052113
0.094843
0.106755
0.106231
0.105815
0.065290
0.083945
0.093806
0.097587
0.039146
0.100910
0.106347
0.106250
0.106077
0.058628
0.090608
0.093982
0.092457
0.036596
0.095412
0.106269
0.106657
0.105897
0.065203
0.082606
0.094125
0.095592
0.040636
0.096764
0.106008
0.106717
0.106278
0.062959
0.086268
0.098085
0.092555
0.036501
0.094450
0.106369
0.106571
0.105927
0.064360
0.079417
0.086759
0.093530
0.052427
0.095976
0.106265
0.106365
0.106200
0.064695
0.086058
0.091447
0.098041
0.040875
0.100175
0.106070
0.106358
0.105564
0.058184
0.092080
0.093794
0.097400
0.035033
0.097405
0.106252
0.105894
0.106436
0.059889
0.090938
0.094169
0.092524
0.036347
0.094927
0.106114
0.106199
0.106301
0.063627
0.082922
0.094225
0.095510
0.040423
0.098916
0.106455
0.106182
0.106354
0.060549
0.090461
0.093868
0.092478
0.040249
0.100246
0.106060
0.106446
0.105901
0.059384
0.091698
0.094174
0.097613
0.033283
0.095448
0.106117
0.106057
0.106627
0.061684
0.082762
0.094293
0.095151
0.041409
0.098012
0.105963
0.106025
0.106104
0.062160
0.081955
0.091357
0.086189
0.051911
0.095199
0.106385
0.105917
0.106156
0.065231
0.083966
0.096394
0.093139
0.040829
0.095066
0.106296
0.106396
0.108297
0.062100
0.083403
0.093914
0.094999
0.040380
0.094798
0.106476
0.105980
0.106232
0.065542
0.083368
0.094324
0.095276
0.040748
0.097351
0.105897
0.106183
0.106323
0.062508
0.083867
0.093653
0.095338
0.044236
0.094570
0.106278
0.106301
0.106412
0.064253
0.090735
0.094194
0.092685
0.037244
0.094974
0.106283
0.106361
0.106257
0.064584
0.081174
0.091468
0.086267
0.051970
0.097689
0.106324
0.106307
0.106066
0.062861
0.083443
0.093816
0.095364
0.040867
0.101237
0.106451
0.106215
0.106313
0.059454
0.090570
0.094100
0.092357
0.037057
0.096989
0.105765
0.106288
0.106240
0.063512
0.083755
0.094594
0.095258
0.041093
0.097363
0.106100
0.106303
0.106083
0.061787
0.083699
0.094281
0.095405
0.040338
0.095420
0.105858
0.106526
0.106104
0.064374
0.093837
0.091662
0.092867
0.036838
0.097170
0.106090
0.106350
0.106122
0.063050
0.081967
0.091170
0.086868
0.051603
0.089999
0.104902
0.106054
0.105822
0.070980
0.094487
0.093682
0.097095
0.032790
0.096252
0.106142
0.106112
0.106356
0.062784
0.079895
0.087703
0.093569
0.054620
0.101282
0.105948
0.106181
0.106129
0.058106
0.089926
0.094364
0.092283
0.037169
0.095423
0.106075
0.106688
0.106219
0.064678
0.082464
0.093390
0.090932
0.045974
0.094889
0.106655
0.106299
0.106028
0.065308
0.083836
0.093988
0.095763
0.041009
0.096193
0.106108
0.106188
0.106140
0.066242
0.089783
0.094182
0.092449
0.036653
0.094955
0.106166
0.106498
0.106129
0.064316
0.082102
0.091084
0.088887
0.050609
0.095388
0.106223
0.106030
0.106504
0.064930
0.085996
0.090938
0.095670
0.040240
0.095188
0.106404
0.106092
0.106099
0.064833
0.081916
0.091306
0.086554
0.051800
0.089060
0.106621
0.106525
0.106042
0.071382
0.085737
0.093566
0.095247
0.040752
0.101431
0.106141
0.106258
0.105975
0.058428
0.089808
0.094004
0.092601
0.037096
0.097285
0.105818
0.106093
0.105981
0.062118
0.083771
0.093979
0.095112
0.040912
0.095411
0.106115
0.106339
0.106159
0.064857
0.081716
0.090976
0.086136
0.051545
0.089183
0.106763
0.106134
0.106275
0.070437
0.079684
0.087040
0.093379
0.051906
0.085901
0.106172
0.106094
0.105889
0.072655
0.080007
0.089088
0.091195
0.051711
0.095179
0.106373
0.106166
0.106029
0.067700
0.091903
0.094019
0.099513
0.031981
0.100850
0.106303
0.106233
0.106516
0.056351
0.090651
0.094072
0.092613
0.037926
0.095241
0.106187
0.106011
0.106185
0.064713
0.084046
0.093847
0.094877
0.040600
0.099774
0.106268
0.106256
0.106177
0.060724
0.090677
0.093536
0.102094
0.032301
0.100971
0.106326
0.106151
0.106291
0.057007
0.090118
0.093759
0.092675
0.036597
0.095505
0.106338
0.106266
0.105912
0.064094
0.082074
0.090996
0.086422
0.051818
0.086583
0.106100
0.106248
0.105861
0.073422
0.080044
0.089242
0.091356
0.051866
0.097617
0.106191
0.106014
0.105530
0.062886
0.079322
0.087004
0.093419
0.052189
0.088474
0.106017
0.106474
0.106175
0.071377
0.082501
0.091593
0.086504
0.051767
0.095245
0.105691
0.106781
0.105775
0.065087
0.081630
0.091203
0.086749
0.052153
0.095669
0.106115
0.106168
0.106189
0.065330
0.084162
0.094076
0.095760
0.040710
0.096947
0.106372
0.106538
0.106229
0.062913
0.083375
0.093671
0.095814
0.040518
0.093867
0.106261
0.105890
0.106509
0.065891
0.085597
0.091194
0.095981
0.040519
0.094758
0.106245
0.106172
0.105778
0.064914
0.083297
0.093933
0.095365
0.040747
0.095025
0.106388
0.106100
0.105870
0.064973
0.081585
0.093388
0.090773
0.046500
0.094392
0.106230
0.106341
0.106048
0.065274
0.087150
0.091935
0.094958
0.040984
0.095375
0.106480
0.108522
0.106014
0.063266
0.090941
0.093941
0.092710
0.036704
0.094919
0.106228
0.106080
0.106396
0.066253
0.089785
0.094688
0.092339
0.036852
0.101217
0.105936
0.106306
0.106442
0.059080
0.090152
0.094294
