0.018209
0.105213
0.066279
0.093137
0.091175
0.046309
0.106127
0.104912
0.106229
0.073913
0.097089
0.091821
0.065092
0.106364
0.107365
0.105246
0.066202
0.099061
0.093097
0.056514
0.094222
0.106379
0.105140
0.100549
0.051965
0.092202
0.090990
0.064867
0.097200
0.105229
0.106269
0.106658
0.049899
0.097216
0.094357
0.073325
0.106687
0.107508
0.106222
0.053461
0.092693
0.093597
0.073899
0.107001
0.106198
0.105776
0.065691
0.092250
0.091320
0.061517
0.105408
0.106905
0.106770
0.090433
0.097823
0.090679
0.067829
0.106195
0.107112
0.107100
0.094297
0.056391
0.090386
0.091061
0.037023
0.107188
0.106050
0.106934
0.092548
0.097531
0.087613
0.058109
0.106407
0.107125
0.105619
0.106071
0.059586
0.089894
0.093016
0.103060
0.106430
0.106230
0.107883
0.034727
0.092329
0.095009
0.066145
0.096730
0.107482
0.106357
0.106315
0.035013
0.094797
0.089162
0.083946
0.097739
0.107008
0.105614
0.104777
0.047926
0.090273
0.089320
0.074593
0.106875
0.106712
0.105200
0.095615
0.048583
0.095353
0.093624
0.062979
0.098364
0.107456
0.105363
0.104704
0.044549
0.093431
0.096132
0.067207
0.104671
0.106157
0.105191
0.104161
0.049149
0.095023
0.090171
0.065317
0.106141
0.107068
0.105870
0.083790
0.076732
0.094750
0.094505
0.033036
0.105825
0.106393
0.106045
0.080410
0.086599
0.094296
0.084446
0.095207
0.105457
0.106490
0.106465
0.065064
0.092343
0.092822
0.033042
0.101314
0.106007
0.106268
0.107151
0.071715
0.095459
0.079583
0.096847
0.106229
0.106382
0.106002
0.043965
0.100065
0.089594
0.089168
0.091244
0.107276
0.107348
0.106972
0.055714
0.091074
0.089220
0.093601
0.029808
0.101427
0.106521
0.107102
0.106421
0.036567
0.096344
0.089356
0.075799
0.100674
0.106884
0.107228
0.107276
0.034416
0.095170
0.088944
0.082584
0.101230
0.107257
0.105810
0.105696
0.041529
0.099501
0.094674
0.072809
0.097691
0.106630
0.105937
0.106561
0.044562
0.093719
0.092634
0.069105
0.098955
0.106963
0.105755
0.105541
0.052765
0.093688
0.093527
0.048282
0.100290
0.106542
0.106962
0.106710
0.041706
0.097565
0.089413
0.089019
0.088833
0.105867
0.107028
0.106706
0.056336
0.090350
0.090181
0.091806
0.034095
0.105565
0.106441
0.105834
0.106837
0.033930
0.095206
0.089666
0.086507
0.095829
0.107058
0.106795
0.106578
0.048180
0.089920
0.089101
0.093094
0.029802
0.102787
0.106201
0.106273
0.106520
0.038099
0.095736
0.088881
0.090059
0.091528
0.106911
0.107301
0.108143
0.051784
0.100044
0.090485
0.089857
0.097928
0.107111
0.107211
0.107219
0.046558
0.099275
0.093845
0.086671
0.101732
0.106544
0.106796
0.106546
0.041898
0.098946
0.089190
0.089764
0.091136
0.106857
0.106433
0.105059
0.045659
0.098608
0.089130
0.089965
0.099755
0.106496
0.106294
0.106244
0.070127
0.093054
0.091131
0.043648
0.101120
0.107043
0.106820
0.107152
0.038399
0.096914
0.095020
0.073226
0.106033
0.107061
0.105873
0.078898
0.092380
0.090451
0.082630
0.105314
0.106494
0.105641
0.107189
0.091378
0.089437
0.090244
0.097613
0.106619
0.107013
0.106415
0.045124
0.100318
0.092839
0.034810
0.103639
0.105937
0.106553
0.105938
0.034004
0.092760
0.094634
0.067424
0.094562
0.107603
0.105802
0.106565
0.035891
0.100704
0.093041
0.047349
0.099345
0.106733
0.106557
0.104045
0.094412
0.090840
0.053959
