0.018222
0.105934
0.075828
0.095132
0.094113
0.051255
0.106112
0.106621
0.105458
0.094052
0.090028
0.090116
0.077353
0.106225
0.106616
0.106586
0.087687
0.099789
0.091859
0.051690
0.107055
0.105388
0.107059
0.088568
0.090189
0.089514
0.093558
0.031562
0.107065
0.105471
0.106229
0.088445
0.098572
0.089455
0.084522
0.097564
0.106288
0.106781
0.107559
0.035414
0.094507
0.090105
0.078629
0.100764
0.105177
0.106567
0.106876
0.041501
0.099152
0.086855
0.083092
0.101331
0.106081
0.105730
0.092151
0.063591
0.092718
0.089790
0.056003
0.105800
0.106449
0.106368
0.093705
0.096847
0.089901
0.082988
0.101566
0.106825
0.105840
0.107347
0.043575
0.099266
0.089504
0.089455
0.105338
0.106054
0.105645
0.095100
0.069292
0.093499
0.092109
0.047736
0.102177
0.106521
0.105656
0.107330
0.032719
0.094776
0.089548
0.073618
0.096709
0.106841
0.106961
0.107291
0.046301
0.097903
0.092094
0.073733
0.100590
0.105842
0.105573
0.107664
0.042149
0.098940
0.090474
0.089300
0.101740
0.107191
0.105753
0.106587
0.038905
0.097746
0.093334
0.073460
0.095236
0.108819
0.106081
0.105458
0.038650
0.094324
0.088377
0.083347
0.096052
0.105998
0.106012
0.106646
0.048178
0.099658
0.089587
0.088941
0.089127
0.106706
0.105760
0.106255
0.053923
0.098613
0.090620
0.074099
0.099914
0.106960
0.106407
0.107080
0.034528
0.094826
0.090144
0.065346
0.100271
0.107205
0.105501
0.105678
0.033649
0.097129
0.093082
0.073025
0.101053
0.106931
0.105306
0.105589
0.038226
0.096666
0.093939
0.059599
0.100474
0.105979
0.105259
0.105302
0.042602
0.096260
0.093216
0.064493
0.106878
0.105938
0.106082
0.094862
0.064776
0.091188
0.089063
0.055846
0.100369
0.107692
0.106122
0.105580
0.039930
0.097469
0.089967
0.089974
0.099495
0.106598
0.106349
0.106531
0.044420
0.099493
0.089840
0.078679
0.101732
0.105538
0.105901
0.106001
0.041346
0.095944
0.094252
0.086016
0.099957
0.106387
0.106238
0.106872
0.041501
0.099424
0.093670
0.086299
0.096112
0.106427
0.106635
0.106847
0.049280
0.098606
0.100778
0.081905
0.096489
0.104940
0.106395
0.107542
0.034477
0.093534
0.095689
0.067627
0.100420
0.107254
0.105644
0.105206
0.047899
0.085439
0.093122
0.029926
0.103556
0.105642
0.106705
0.103489
0.048922
0.088245
0.088182
0.047417
0.100611
0.106026
0.105561
0.106612
0.029858
0.098940
0.093243
0.060196
0.101761
0.106435
0.105795
0.106066
0.040370
0.097706
0.088889
0.098045
0.105113
0.106127
0.107375
0.037247
0.097224
0.090418
0.061928
0.099787
0.105937
0.107467
0.106874
0.038831
0.094335
0.094271
0.086696
0.101130
0.105858
0.108380
0.107171
0.039424
0.098467
0.093880
0.085453
0.095740
0.106527
0.106603
0.105357
0.048201
0.099805
0.093490
0.087325
0.107072
0.105829
0.106096
0.106130
0.029283
0.098996
0.091372
0.083573
0.097573
0.107143
0.107335
0.107469
0.033959
0.093543
0.093613
0.066537
0.100423
0.106487
0.105913
0.105215
0.042770
0.098751
0.092610
0.073223
0.098425
0.106686
0.105780
0.106692
0.045161
0.091907
0.093762
0.050719
0.102881
0.107673
0.106729
0.105887
0.039201
0.094553
0.095598
0.070035
0.101527
0.106353
0.106577
0.106720
0.038293
0.097294
0.093976
0.086666
0.099622
0.107315
0.105641
0.106433
0.031221
0.094293
0.092098
0.081176
0.097624
0.107479
0.106253
0.106908
0.032393
0.100761
0.086622
0.082977
0.095703
0.107231
0.105900
0.106461
0.047607
0.100581
0.078184
0.094618
0.029524
0.101903
0.107332
0.106196
