0.013997
0.093998
0.088153
0.092695
0.031458
0.106546
0.106289
0.106214
0.106499
0.046028
0.090426
0.091367
0.092366
0.036595
0.100679
0.106412
0.106428
0.108581
0.056616
0.083495
0.094233
0.095464
0.040760
0.095387
0.106213
0.106369
0.106082
0.065050
0.082168
0.091407
0.086456
0.052107
0.096127
0.106124
0.106198
0.106076
0.064439
0.083235
0.093890
0.095364
0.041402
0.101000
0.106351
0.106167
0.106380
0.058088
0.090204
0.093658
0.092606
0.036452
0.101082
0.106421
0.106043
0.106182
0.058540
0.091436
0.091373
0.092965
0.036661
0.100744
0.106159
0.106142
0.106410
0.058762
0.089914
0.094002
0.092533
0.036515
0.094993
0.106076
0.106415
0.106123
0.064516
0.091006
0.093971
0.092811
0.036560
0.097099
0.106531
0.106199
0.105952
0.062250
0.083552
0.091445
0.086122
0.051913
0.095586
0.106247
0.105863
0.106299
0.064694
0.081592
0.082502
0.088338
0.059796
0.088392
0.106124
0.106267
0.106291
0.070143
0.079674
0.086852
0.093664
0.052177
0.100782
0.106495
0.106045
0.106165
0.058399
0.091721
0.091871
0.092063
0.036314
0.095749
0.106324
0.106247
0.105733
0.064392
0.081842
0.091336
0.086356
0.051451
0.086575
0.106585
0.106135
0.105990
0.072499
0.080768
0.086316
0.093569
0.051691
0.089280
0.106362
0.106226
0.106518
0.071090
0.080475
0.086857
0.093391
0.051596
0.095112
0.106414
0.106518
0.105875
0.064942
0.083500
0.093722
0.095689
0.040631
0.095695
0.106199
0.105993
0.105785
0.063969
0.082064
0.091316
0.086343
0.051989
0.086220
0.106267
0.106000
0.106305
0.073145
0.080485
0.086915
0.093297
0.052100
0.095823
0.106250
0.106373
0.106081
0.064021
0.079083
0.087332
0.093482
0.052055
0.086299
0.106485
0.105964
0.106565
0.072318
0.069987
0.090741
0.093342
0.059311
0.099967
0.106235
0.106036
0.106225
0.061082
0.092466
0.094122
0.099370
0.032297
0.100698
0.106564
0.106069
0.105606
0.059087
0.090125
0.094279
0.089051
0.040588
0.096328
0.106643
0.106318
0.106289
0.063219
0.086218
0.091582
0.095085
0.040709
0.097209
0.106111
0.105861
0.106328
0.063233
0.090394
0.094001
0.092526
0.036870
0.097770
0.106144
0.106218
0.106401
0.063051
0.091111
0.093784
0.092808
0.036558
0.094948
0.106210
0.105880
0.106196
0.065072
0.081926
0.091142
0.093380
0.046787
0.095740
0.106329
0.106146
0.105873
0.064928
0.091136
0.093944
0.092266
0.045970
0.106278
0.106151
0.105711
0.106747
0.046608
0.091609
0.091809
0.092617
0.037139
0.095494
0.105995
0.105983
0.106350
0.064666
0.081331
0.093865
0.093195
0.044826
0.101084
0.106266
0.106269
0.106094
0.058330
