0.013973
0.106957
0.107518
0.109579
0.108105
0.037857
0.099932
0.094210
0.074124
0.098252
0.107618
0.107926
0.108761
0.047250
0.101254
0.090538
0.090711
0.104233
0.112564
0.107928
0.107526
0.041935
0.099625
0.091089
0.091161
0.092571
0.107901
0.108686
0.107901
0.054047
0.091326
0.092212
0.094413
0.031120
0.103662
0.108055
0.111880
0.108635
0.036467
0.099960
0.091896
0.085633
0.101836
0.107767
0.109522
0.110765
0.039768
0.103224
0.094338
0.085917
0.101280
0.110179
0.109983
0.109291
0.043653
0.101645
0.091247
0.090705
0.092986
0.108911
0.108892
0.108852
0.055618
0.106816
0.100860
0.079792
0.105182
0.108395
0.108811
0.108140
0.042842
0.098198
0.101412
0.083026
0.100785
0.109911
0.107495
0.111067
0.044884
0.100298
0.095566
0.088406
0.101646
0.109500
0.107738
0.108602
0.044195
0.099485
0.091665
0.091872
0.103868
0.107747
0.108637
0.110491
0.041563
0.099026
0.096946
0.088480
0.098558
0.110723
0.108128
0.107973
0.047944
0.100812
0.091088
0.091713
0.100707
0.107768
0.107872
0.108838
0.047688
0.096318
0.091130
0.095396
0.091321
0.108095
0.107889
0.108653
0.057235
0.100619
0.091660
0.092571
0.101394
0.108268
