0.015541
0.109454
0.041079
0.091972
0.091584
0.096928
0.042314
0.105743
0.105719
0.105716
0.105521
0.038987
0.092945
0.093335
0.091691
0.032656
0.094510
0.106077
0.105724
0.105606
0.064466
0.083507
0.095510
0.092696
0.040123
0.103248
0.105702
0.105515
0.105806
0.056500
0.092114
0.091196
0.092080
0.036618
0.094934
0.105670
0.105979
0.105405
0.064478
0.094095
0.091065
0.092202
0.036742
0.100771
0.105591
0.105799
0.105902
0.058592
0.090854
0.091073
0.092157
0.035985
0.088620
0.105683
0.105742
0.105265
0.070162
0.074209
0.093056
0.092725
0.051253
0.094559
0.105750
0.105395
0.106142
0.066067
0.091602
0.093634
0.096995
0.033961
0.098919
0.105697
0.105610
0.105686
0.058263
0.091595
0.093462
0.096790
0.032700
0.099651
0.105901
0.105431
0.106119
0.058321
0.091576
0.091038
0.092046
0.036186
0.099440
0.105729
0.105464
0.105586
0.060132
0.090387
0.093575
0.092110
0.036222
0.095287
0.108127
0.106025
0.105616
0.047819
0.090408
0.091222
0.092583
0.035901
0.095436
0.106191
0.105195
0.105286
0.064610
0.082129
0.090523
0.085653
0.051792
0.101775
0.105698
0.105238
0.105778
0.058295
0.091372
0.091207
0.092000
0.036225
0.098790
0.105508
0.106364
0.105006
0.059324
0.090667
0.093397
0.092419
0.036430
0.095091
0.105420
0.105778
0.105665
0.063448
0.081665
0.090876
0.086155
0.051382
0.101996
0.105852
0.105512
0.105904
0.058544
0.090024
0.093829
0.092450
0.035803
0.095026
0.105867
0.105590
0.105735
0.063942
0.090457
0.093168
0.092202
0.036152
0.098962
0.105832
0.105711
0.105772
0.059654
0.083729
0.093676
0.095248
0.040761
0.097143
0.105608
0.105540
0.105614
0.062441
0.083342
0.093663
0.094872
0.040055
0.100360
0.105682
0.105871
0.105577
0.057733
0.089649
0.093508
0.091831
0.036127
0.100592
0.105929
0.105675
0.105881
0.058588
0.090093
0.093479
0.091969
0.036325
0.096093
0.105633
0.105405
0.105384
0.063520
0.091954
0.091024
0.092343
0.039586
0.099669
0.105668
0.105674
0.105628
0.057900
0.091829
0.091313
0.092124
0.036282
0.095023
0.105672
0.105937
0.105070
0.064506
0.083856
0.093911
0.094823
0.039903
0.095837
0.105499
0.105661
0.105423
0.064027
0.092503
0.091440
0.091675
0.035903
0.097253
0.105548
0.105760
0.105850
0.061437
0.090569
0.093826
0.091822
0.039282
0.099996
0.105924
0.105586
0.105869
0.058312
0.089636
0.093580
0.092268
0.036201
0.095336
0.105391
0.105658
0.105519
0.064700
0.090513
0.093119
0.091946
0.036131
0.100952
0.105958
0.105594
0.105530
0.058722
0.091642
0.091292
0.092130
0.036441
0.100937
0.105258
0.105931
0.105388
0.058127
0.091846
0.091032
0.091834
0.036466
0.097496
0.106002
0.105727
0.108069
0.062540
0.090973
0.093523
0.096586
0.032724
0.099179
0.105302
0.105978
0.105565
0.058404
0.091927
0.091319
0.092233
0.039325
0.094189
0.105670
0.105651
0.105650
0.064386
0.084046
0.095469
0.092693
0.040009
0.098530
0.105486
0.106108
0.107099
0.060579
0.080087
0.086328
0.092808
0.051103
0.097039
0.105522
0.105748
0.105983
0.061917
0.091838
0.091020
0.092196
0.036011
0.095008
0.105250
0.105711
0.105623
0.064314
0.089670
0.093723
0.092199
0.036221
0.096715
0.105642
0.105519
0.105591
0.062195
0.092210
0.093268
0.096938
0.034029
0.103407
0.105844
0.105582
0.105741
0.054675
0.090598
0.091253
0.091854
0.036012
0.101376
0.105645
0.105406
0.105778
0.058656
0.090487
0.093945
0.092002
0.036614
0.097093
0.105844
0.105320
0.105639
0.061614
0.084281
0.093038
0.094938
0.040461
0.095419
0.105547
0.105608
0.105599
0.064547
0.090237
0.093453
0.092576
0.036278
0.100691
0.105611
0.105782
0.105304
0.057869
0.091385
0.091065
0.092283
0.036383
0.101192
0.105976
0.105602
0.105720
0.058924
0.091136
0.090971
0.092004
0.035641
0.095018
0.105682
0.106971
0.106519
0.062651
0.090544
0.093533
0.091982
0.035842
0.098004
0.105784
0.105576
0.105707
0.061983
0.082771
0.093476
0.095137
0.040152
0.101007
0.105497
0.105439
0.105591
0.055729
0.091843
0.090773
0.091847
0.036327
0.100997
0.105566
0.105588
0.105763
0.058024
0.091829
0.093139
0.096480
0.033297
0.099090
0.105673
0.105509
0.105720
0.058573
0.091545
0.090715
0.091905
0.035720
0.094616
0.105818
0.105513
0.105544
0.064170
0.090252
0.093523
0.092040
0.035885
0.095034
0.105160
0.105443
0.107714
0.061502
0.085372
0.090723
0.094602
0.040125
0.100551
0.105715
0.105575
0.105619
0.057548
0.091778
0.093468
0.096653
0.033262
0.099742
0.105621
0.105459
0.105218
0.057785
0.091326
0.090959
0.091729
0.036208
0.096758
0.105435
0.105580
0.105329
0.061889
0.079231
0.086969
0.092866
0.051196
0.098305
0.105503
0.105442
0.108276
0.060288
0.091504
0.091094
0.092062
0.035885
0.098281
0.105403
0.105259
0.105545
0.061319
0.092254
0.090729
0.090321
0.038098
0.095414
0.105941
0.105484
0.105633
0.063494
0.081485
0.090311
0.085777
0.051302
0.101316
0.106012
0.107694
0.105465
0.055462
0.089903
0.093566
0.091889
0.036005
0.100545
0.105817
0.105522
0.105489
0.057947
0.091629
0.092885
0.096452
0.032712
0.099365
0.105896
0.105704
0.105737
0.057605
0.091507
0.091100
0.092054
0.036052
0.095094
0.105679
0.105413
0.105873
0.063849
0.090443
0.093513
0.092081
0.036371
0.095554
0.105816
0.105772
0.105521
0.062651
0.091193
0.093385
0.092033
0.036292
0.094599
0.105773
0.105672
0.105443
0.064109
0.090374
0.093868
0.091841
0.036363
0.097554
0.105667
0.105804
0.105669
