0.014276
0.087630
0.094460
0.030707
0.099022
0.105519
0.105826
0.105352
0.057291
0.081594
0.090498
0.086123
0.051235
0.094938
0.106101
0.105987
0.105776
0.064852
0.086220
0.090704
0.094913
0.040061
0.101508
0.105650
0.105697
0.105274
0.058700
0.091553
0.091090
0.091918
0.036144
0.100389
0.105996
0.105521
0.106016
0.058711
0.091928
0.093313
0.096638
0.032859
0.095359
0.106034
0.106014
0.105549
0.064850
0.086013
0.091216
0.095128
0.039562
0.101174
0.105583
0.105743
0.105700
0.057234
0.089909
0.093741
0.091931
0.036425
0.094637
0.105789
0.105963
0.105542
0.063884
0.091144
0.093555
0.092115
0.036951
0.100770
0.105607
0.105519
0.105570
0.059282
0.091665
0.091225
0.091713
0.036874
0.099105
0.105779
0.105910
0.105011
0.060058
0.090457
0.093597
0.092172
0.036141
0.097345
0.105807
0.106001
0.105716
0.062551
0.090468
0.093011
0.092063
0.035857
0.100989
0.105807
0.105545
0.105696
0.058038
0.093925
0.091205
0.096771
0.033160
0.099630
0.105827
0.105687
0.105656
0.058392
0.091539
0.091155
0.092191
0.036023
0.098692
0.105895
0.105993
0.105728
0.060053
0.090497
0.093431
0.092067
0.036076
0.098706
0.105980
0.105709
0.105485
0.060012
0.090226
0.093400
0.092291
0.036721
0.100624
0.105829
0.105271
0.105516
0.058480
0.091944
0.091156
0.091902
0.036204
0.093918
0.105537
0.105740
0.105896
0.064711
0.090166
0.093702
0.091905
0.036695
0.098703
0.106012
0.105559
0.105795
0.059337
0.089944
0.093890
0.092366
0.036304
0.096974
0.105877
0.105666
0.105587
0.063132
0.092000
0.090989
0.092359
0.036066
0.094858
0.105857
0.105625
0.105963
0.065012
0.090736
0.093485
0.092391
0.036810
0.094897
0.105859
0.105815
0.105582
0.064024
0.082288
0.090786
0.085704
0.051776
0.094834
0.105994
0.105565
0.105886
0.063871
0.090969
0.089966
0.086684
0.068858
0.105994
0.105233
0.105902
0.090600
0.052369
0.095977
0.092662
0.070795
0.095560
0.106338
0.105762
0.105712
0.064420
0.090550
0.093702
0.092218
0.035873
0.097031
0.105566
0.105828
0.106167
0.062304
0.091042
0.093318
0.091999
0.036216
0.096159
0.105846
0.105671
0.105509
0.063839
0.083331
0.093570
0.099272
0.036369
0.095135
0.106088
0.105512
0.105775
0.063286
0.086381
0.091190
0.095443
0.040307
0.096726
0.106091
0.105640
0.105574
0.063002
0.090985
0.093443
0.092342
0.036692
0.100501
0.105451
0.105402
0.106084
0.057583
0.091698
0.090999
0.092036
0.035819
0.097276
0.105932
0.105648
0.105590
0.062558
0.090075
0.093474
0.092309
0.036475
0.094929
0.105766
0.106023
0.105706
0.064635
0.083774
0.093633
0.094801
0.041232
0.095358
0.105808
0.105798
0.105896
0.064838
0.090729
0.093406
0.092481
0.036571
0.100869
0.105586
0.105770
0.105834
0.058278
0.091400
0.091264
0.092009
0.036020
0.097101
0.105698
0.105877
0.105987
0.062578
0.090014
0.093751
0.091890
0.036345
0.097271
0.105859
0.105788
0.105544
0.062679
0.090616
0.093765
0.091984
0.036288
0.094915
0.105965
0.105659
0.105661
0.064032
0.082573
0.093714
0.095216
0.040134
0.096581
0.105967
0.105378
0.105916
0.064190
0.082970
0.093580
0.094999
0.040463
0.100543
0.106127
0.105548
0.105915
0.058705
0.089710
0.093638
0.092088
0.035904
0.100629
0.105677
0.106009
0.105602
0.057667
0.089657
0.093449
0.092228
0.036292
0.094422
0.105870
0.105644
0.105882
0.064987
0.085827
0.091249
0.095331
0.040991
0.095577
0.105882
0.105870
0.105647
0.063902
0.081882
0.090404
0.086088
0.052423
0.097016
0.105477
0.105617
0.105572
0.062353
0.093093
0.090946
0.091890
0.036968
0.100327
0.105546
0.105942
0.106041
0.058127
0.091649
0.091556
0.092399
0.035952
0.100580
0.105993
0.105742
0.106024
0.058828
0.091817
0.091194
0.092025
0.036197
0.094314
0.105976
0.105495
0.106087
0.065598
0.092359
0.091050
0.092191
0.036232
0.100741
0.105962
0.106035
0.105812
0.059188
0.091541
0.091288
0.092281
0.036713
0.097464
0.105686
0.105714
0.105927
0.062380
0.090763
0.093283
0.092258
0.036347
0.097391
0.105540
0.105577
0.105790
0.061699
0.090302
0.093914
0.092139
0.036086
0.097126
0.105520
0.105784
0.105866
0.062911
0.090663
0.093639
0.092548
0.035787
0.094672
0.106182
0.105810
0.105619
0.064243
0.091173
0.093742
0.092175
0.036384
0.095181
0.105731
0.106047
0.105715
0.063960
0.083128
0.093257
0.094729
0.040025
0.095775
0.105500
0.106209
0.105592
0.064911
0.090612
0.093975
0.092178
0.036202
0.096754
0.105684
0.105920
0.105536
0.061930
0.090877
0.093649
0.092163
0.036631
0.100642
