0.014075
0.107244
0.092217
0.049296
0.091763
0.093508
0.077777
0.087289
0.106131
0.106107
0.106099
0.072026
0.078149
0.096217
0.086319
0.052179
0.087787
0.106679
0.106061
0.106007
0.070638
0.083456
0.093732
0.095303
0.040974
0.093926
0.106404
0.106197
0.105967
0.063931
0.081551
0.093365
0.090867
0.046866
0.097451
0.106466
0.106144
0.106046
0.062704
0.091296
0.094099
0.092391
0.036882
0.097693
0.106202
0.106150
0.106023
0.062547
0.082019
0.091455
0.086564
0.051822
0.096639
0.105896
0.106220
0.106393
0.062948
0.082144
0.091041
0.086164
0.052266
0.094830
0.106579
0.106377
0.106135
0.065085
0.083350
0.093800
0.095362
0.040509
0.096002
0.106383
0.105864
0.106188
0.064971
0.083839
0.093460
0.095552
0.040440
0.099736
0.106191
0.105985
0.106189
0.060307
0.090664
0.093839
0.092712
0.037005
0.100782
0.106603
0.106228
0.105939
0.059003
0.092184
0.094075
0.097564
0.034691
0.101302
0.106449
0.106177
0.106177
0.056684
0.090408
0.094371
0.093097
0.036679
0.100724
0.106436
0.106354
0.106289
0.057737
0.087127
0.091607
0.095608
0.040795
0.097884
0.106332
0.106387
0.106244
0.062527
0.091207
0.094040
0.092565
0.037776
0.101439
0.106407
0.105931
0.106352
0.058551
0.092425
0.091244
0.092498
0.036770
0.101171
0.106233
0.106147
0.106094
0.057771
0.090245
0.093960
0.092650
0.036168
0.101375
0.105617
0.106240
0.106196
0.058406
0.090092
0.094137
0.092719
0.037184
0.101090
0.106463
0.106202
0.106084
0.059296
0.090398
0.093780
0.092743
0.036708
0.101207
0.106225
0.106341
0.109448
0.055654
0.092355
0.094059
0.097274
0.033580
0.100507
0.108469
0.108084
0.108316
0.052792
0.092154
0.094180
0.097067
0.033917
0.104851
0.108298
0.107677
0.108373
0.048522
0.092949
0.093578
0.096861
0.033765
0.104057
0.108310
0.108360
0.108222
0.048241
0.090795
0.093131
0.097691
0.033050
0.098070
0.106284
0.106318
0.105691
0.063558
0.091281
0.094050
0.092557
0.037054
0.102611
0.108285
0.108126
0.108303
0.052765
0.092232
0.093944
0.097006
0.033567
0.103842
0.108100
0.107698
0.106350
0.049963
0.091224
0.091504
0.092721
0.036439
0.098268
0.106281
0.106169
0.106264
0.062424
0.085847
0.091790
0.095637
0.040870
0.101651
0.106493
0.106206
0.106185
0.059386
0.091842
0.091499
0.092601
0.036858
0.095560
0.106492
0.106179
0.105900
0.064584
0.090991
0.093785
0.092595
0.036777
0.097325
0.106384
0.105655
0.106010
0.062129
0.083402
0.094134
0.095313
0.040998
0.095386
0.106056
0.105972
0.106133
0.065158
0.084239
0.093888
0.095532
0.040488
0.094996
0.106139
0.106310
