0.018789
0.064490
0.091294
0.093626
0.050493
0.100049
0.105961
0.105882
0.106041
0.041491
0.099577
0.089695
0.089122
0.086478
0.106210
0.106329
0.106298
0.055659
0.090220
0.089141
0.093109
0.032263
0.107082
0.106763
0.105664
0.106676
0.032580
0.096406
0.088958
0.083846
0.096000
0.105297
0.106558
0.106210
0.049832
0.099512
0.088988
0.088662
0.088237
0.106387
0.105812
0.105835
0.054460
0.093699
0.088544
0.094592
0.089937
0.106598
0.105851
0.104795
0.054078
0.089592
0.089362
0.092486
0.053471
0.106307
0.105690
0.105026
0.094284
0.059400
0.089493
0.089089
0.062577
0.100003
0.108555
0.104880
0.106838
0.040612
0.095920
0.088454
0.089214
0.089709
0.105845
0.105751
0.106668
0.054374
0.099552
0.091816
0.086438
0.095099
0.106143
0.106138
0.104998
0.091099
0.090876
0.091808
0.030179
0.105887
0.106631
0.105994
0.106830
0.030661
0.093823
0.089665
0.089602
0.090842
0.106407
0.106135
0.106507
0.053867
0.093189
0.089463
0.095110
0.080709
0.106891
0.106770
0.106117
0.067888
0.090300
0.089281
0.092260
0.029797
0.100924
0.106529
0.106646
0.105025
0.037680
0.096570
0.089550
0.089509
0.089459
0.106292
0.105724
0.105938
0.055251
0.089761
0.088746
0.092753
0.031942
0.106041
0.105834
0.105757
0.106912
0.033315
0.098864
0.086020
0.083677
0.103009
0.105272
0.106484
0.108082
0.040251
0.099415
0.088939
0.088405
0.088877
0.105843
0.106522
0.105901
0.054322
0.089673
0.088358
0.092057
0.030561
0.105670
0.106738
0.105009
0.106071
0.030377
0.098107
0.094743
0.080895
0.094818
0.106874
0.108373
0.105273
0.045602
0.099652
0.088927
0.089198
0.097156
0.104793
0.105610
0.107062
0.048080
0.099970
0.089390
0.088684
0.086258
0.106721
0.105835
0.106728
0.055305
0.093487
0.088905
0.094299
0.090295
0.105779
0.105555
0.106691
0.053970
0.089041
0.093605
0.094777
0.090838
0.106015
0.105379
0.105999
0.053026
0.099660
0.089389
0.088730
0.095063
0.105872
0.106735
0.106777
0.048277
0.089236
0.088587
0.093000
0.030612
0.106967
0.106554
0.105921
0.106409
0.038387
0.093206
0.091483
0.081232
0.096364
0.104712
0.105663
0.105287
0.047495
0.093174
0.089828
0.094452
0.095622
0.106511
0.106141
0.105330
0.048724
0.105569
0.092599
0.083063
0.100744
0.105454
0.106498
0.105224
0.042133
0.099274
0.088660
0.089285
0.088991
0.106197
0.106643
0.105940
0.054805
0.089167
0.089399
0.093081
0.030071
0.104982
0.105844
0.104974
0.105782
0.029225
0.093913
0.089831
0.089541
0.101276
0.107033
0.105503
0.105201
0.040413
0.096689
0.089438
0.089302
0.088281
0.104836
0.105761
0.106617
0.054704
0.099853
0.088891
0.089005
0.094937
0.105903
0.106558
0.105621
0.047928
0.093350
0.088284
0.094468
0.087478
0.105530
0.105337
0.106369
0.055267
0.090209
0.093995
0.094975
0.090659
0.105738
0.105960
0.105299
0.053829
0.092995
0.088892
0.093527
0.089367
0.106231
0.105222
0.106585
0.054599
0.100040
0.089627
0.088778
0.102791
0.106587
0.105112
0.105839
0.042358
0.093210
0.089214
0.094387
0.067491
0.106174
0.106107
0.106282
0.074445
0.082114
0.091360
0.095357
0.035721
0.101898
0.104794
0.104969
0.106014
0.040378
0.098206
0.089440
0.090378
0.100967
0.106432
0.105309
0.105816
0.040977
0.098690
0.089850
0.088536
0.095748
0.106046
0.105787
0.105477
0.046725
0.094903
0.093056
0.073121
0.100992
0.106495
0.106666
0.105973
0.041499
0.099108
0.088918
0.089228
0.087830
0.106988
0.105414
0.106637
0.054713
0.093432
0.089211
0.094323
0.078192
0.106616
0.105560
0.105843
0.064033
0.090877
0.089399
0.092246
0.041255
0.105774
0.105685
0.106499
0.105057
0.048687
0.095070
0.090492
0.064169
0.099698
0.106179
0.105675
0.104979
0.040943
0.099783
0.095866
0.083937
0.096942
0.105533
0.105642
0.105912
0.046715
0.093154
0.088859
0.094725
0.085136
0.105384
0.106851
0.105760
0.057991
0.094802
0.078761
0.092205
0.035593
0.102691
0.106675
0.105731
0.106179
0.038017
