0.016168
0.105773
0.106609
0.106799
0.081990
0.076560
0.088799
0.090869
0.050631
0.095670
0.107218
0.106444
0.106631
0.057318
0.090974
0.090689
0.097117
0.031693
0.101573
0.106189
0.106379
0.106377
0.046790
0.091136
0.091687
0.095682
0.030592
0.099685
0.105515
0.106527
0.105185
0.055077
0.090974
0.091837
0.102870
0.070339
0.106558
0.107069
0.105443
0.083021
0.076858
0.089282
0.090744
0.049921
0.095550
0.106887
0.106302
0.105191
0.059016
0.079784
0.091342
0.091325
0.045569
0.095259
0.106712
0.105238
0.106251
0.059043
0.090341
0.091773
0.100306
0.030674
0.105510
0.106342
0.106063
0.105087
0.041660
0.090662
0.092454
0.088515
0.035442
0.100439
0.105654
0.106462
0.106887
0.050176
0.091111
0.091459
0.096242
0.031635
0.100117
0.106365
0.105138
0.106007
0.055053
0.099567
0.092910
0.091973
0.065150
0.106660
0.106231
0.106140
0.089036
0.069790
0.090112
0.092463
0.058845
0.095224
0.106338
0.106471
0.106533
0.057040
0.081556
0.092099
0.085396
0.049452
0.094498
0.106710
0.106830
0.106135
0.056570
0.091193
0.092254
0.094991
0.033872
0.102180
0.106613
0.104818
0.106543
0.048721
0.090241
0.092321
0.094442
0.033463
0.101619
0.106175
0.104982
0.105870
0.049420
0.090773
0.091516
0.096421
0.032449
0.094235
0.105161
0.106050
0.106577
0.058821
0.092653
0.091955
0.096454
0.044806
0.105620
0.105121
0.106500
0.106967
0.035522
0.096515
0.091644
0.091231
0.035806
0.106818
0.106059
0.104751
0.105281
0.035473
0.097753
0.091916
0.092326
0.037506
0.106562
0.106721
0.105977
0.105285
0.032703
0.097945
0.092870
0.092346
0.066004
0.105439
0.106386
0.106704
0.088355
0.063907
0.088214
0.087412
0.067693
0.101254
0.104941
0.104956
0.106653
0.054547
0.090359
0.091858
0.095848
0.031820
0.101088
0.106342
0.105588
0.106464
0.050755
0.090317
0.092234
0.094429
0.037533
0.106162
0.105959
0.105198
0.107381
0.037182
0.098692
0.091849
0.090970
0.069446
0.106881
0.106549
0.106040
0.083148
0.066168
0.092652
0.091502
0.058535
0.101648
0.106654
0.106035
0.107019
0.051570
0.090113
0.091692
0.094897
0.032821
0.103122
0.106310
0.107419
0.106804
0.044026
0.089663
0.091802
0.095799
0.032722
0.102003
0.106251
0.106578
0.106447
0.046942
0.090405
0.089856
0.091465
0.035292
0.098499
0.106463
0.106422
0.105845
0.053329
0.090858
0.092025
0.096372
0.031833
0.102150
0.106685
0.106913
0.109053
0.047919
0.090876
0.091367
0.095272
0.030775
0.098508
0.107208
0.106994
0.105567
0.052907
0.091040
0.091062
0.096017
0.032213
0.102724
0.105347
0.106405
0.106186
0.048826
0.091358
0.091971
0.095506
0.031866
0.100679
0.106518
0.106326
0.104893
0.053627
0.090205
0.092157
0.096264
0.033009
0.107177
0.106144
0.106971
0.107079
0.039595
0.089951
0.090700
0.091747
0.035847
0.100785
0.106740
0.106809
0.105685
0.051698
0.090630
0.092701
0.095369
0.031793
0.099455
0.106605
0.104735
0.105415
0.054559
0.090753
0.090480
0.097374
0.031474
0.099872
0.107311
0.104990
0.106871
0.053788
0.091612
0.094300
0.093077
0.032615
0.103142
0.105108
0.105182
0.107208
0.050389
0.090755
0.091282
0.095269
0.031794
0.097576
0.105279
0.106190
0.104783
0.056565
0.091289
0.090646
0.097508
0.031400
0.099073
0.106690
0.107074
0.108411
0.048975
0.090704
0.090483
0.091633
0.036279
0.095106
0.105226
0.106538
0.105403
0.060465
0.092084
0.091797
0.094723
0.031700
0.100027
0.104929
0.105096
0.105201
0.054583
0.090576
0.090512
0.097980
0.032215
0.099411
0.106906
0.104981
0.105247
0.055284
0.091098
0.092391
0.096009
0.031625
0.098981
0.107316
0.107115
0.106542
0.050169
0.090632
0.092606
0.095093
0.031605
0.101411
0.105456
0.105034
0.105366
0.055572
0.089882
0.090812
0.099575
0.030187
0.101700
0.107113
0.106416
0.106941
0.046719
0.090485
0.090271
0.091070
0.035096
0.096722
0.106427
0.106700
0.105358
0.056884
0.091476
0.096175
0.098758
0.065091
0.106371
0.106068
0.105678
0.088176
0.065760
0.086242
0.091165
0.063999
0.097692
0.107442
0.105306
0.106202
0.055143
0.091712
0.091776
0.095127
0.032634
0.099501
0.107441
0.107184
0.106394
0.051627
0.090370
0.092407
0.094533
0.031936
0.101866
0.107363
0.106843
0.105721
0.045996
0.094684
0.092663
0.097776
0.031726
0.105317
0.107451
0.107310
0.106845
0.038774
0.098790
0.092953
0.091530
0.091489
0.107417
0.107440
0.107069
0.060961
0.091214
0.092583
0.097305
0.031206
0.097500
0.107366
0.106636
0.107086
0.052329
0.091631
0.092410
0.095175
0.030239
0.100226
0.106120
0.105695
0.106573
0.051210
0.094822
0.091242
0.097432
0.066735
0.106596
0.107033
0.107238
0.088535
0.066067
0.091980
0.092135
0.058309
0.100712
0.106373
0.107241
0.106001
0.051172
0.090776
0.091975
0.095842
0.031675
0.103158
0.108491
0.106876
