0.014122
0.087308
0.090783
0.067738
0.101816
0.106010
0.105577
0.105696
0.050940
0.090246
0.090691
0.097860
0.033769
0.101784
0.106143
0.106413
0.106695
0.046882
0.089050
0.092184
0.093427
0.032349
0.100130
0.106342
0.105246
0.106556
0.050627
0.091125
0.092167
0.097761
0.029259
0.101990
0.106473
0.105021
0.105524
0.051074
0.091826
0.092235
0.095679
0.035266
0.106005
0.105529
0.105247
0.105716
0.045078
0.093988
0.092904
0.097456
0.032640
0.108218
0.106571
0.105409
0.106914
0.037236
0.099108
0.092199
0.092156
0.073417
0.106650
0.106862
0.106520
0.077234
0.068297
0.089321
0.091412
0.058996
0.099377
0.106725
0.106714
0.105157
0.054841
0.089760
0.092248
0.097573
0.028908
0.095140
0.106812
0.106137
0.106760
0.056900
0.091308
0.091087
0.097178
0.031411
0.098929
0.106330
0.105347
0.106798
0.053114
0.090601
0.092235
0.095545
0.032692
0.100376
0.105410
0.106364
0.106462
0.051180
0.090832
0.096440
0.092166
0.031203
0.099412
0.106866
0.106709
0.106879
0.049968
0.089781
0.096364
0.099289
0.031751
0.108030
0.108103
0.105487
0.106760
0.036812
0.099144
0.092999
0.091557
0.067873
0.106916
0.107873
0.106599
0.088748
0.071414
0.090715
0.091963
0.059444
0.102640
0.107136
0.107721
0.109241
0.049638
0.094538
0.092889
0.097559
0.052279
0.107165
0.106442
0.109543
0.099818
0.064200
0.090293
0.088419
0.066830
0.096275
0.107734
0.106490
0.107525
0.057037
0.091554
0.091583
0.094569
0.042091
0.106266
0.105876
0.106464
0.106576
0.032088
0.103809
0.091438
0.088146
0.086778
0.105123
0.105365
0.105737
0.071264
0.090289
0.092363
0.091621
0.035756
0.097096
0.106524
0.106718
0.106599
0.055564
0.091450
0.092747
0.094537
0.034732
0.106705
0.106081
0.105356
0.107555
0.041524
0.094184
0.092055
0.097749
0.037665
0.106284
0.106723
0.106092
0.105238
0.033848
0.089730
0.091022
0.091523
0.035828
0.095418
0.105493
0.106550
0.105275
0.061098
0.091665
0.092134
0.094723
0.031617
0.094218
0.105452
0.104678
0.104826
0.064673
0.090643
0.093147
0.097762
0.032100
0.097395
0.106632
0.105372
0.105043
0.056780
0.091424
0.085957
0.091721
0.038971
0.100622
0.105555
0.105489
0.104951
0.058227
0.092347
0.090930
0.097396
0.032804
0.099473
0.106755
0.104967
0.106646
0.053283
0.090824
0.090916
0.091857
0.035638
0.094774
0.105351
0.109265
0.106843
0.057049
0.090864
0.090996
0.097614
0.031746
0.100776
0.106550
0.106865
0.105275
0.051592
0.091103
0.092015
0.096427
0.034007
0.103359
0.106805
0.106485
0.105478
0.049834
0.089249
0.092218
0.096223
0.031695
0.099086
0.106587
0.106175
0.106726
0.052415
0.091159
0.092112
0.095492
0.032111
0.100315
0.104940
0.106657
0.107080
0.054486
0.078864
0.087504
0.092344
0.054834
0.098474
0.106634
0.105401
0.106494
0.054700
0.091980
0.090742
0.091212
0.035072
0.094611
0.105608
0.106044
0.105359
0.060781
0.089530
0.092538
0.091411
0.033645
0.099100
0.105341
0.105436
0.105436
0.059972
0.093667
0.092369
0.096694
0.032487
0.097768
0.106442
0.104557
0.105503
0.056556
0.090639
0.090853
0.097977
0.032672
0.102390
0.104869
0.105353
0.106663
0.051940
0.091086
0.090340
0.092075
0.035227
0.096677
0.107298
0.106490
0.106775
0.053002
0.090912
0.092838
0.095414
0.031527
0.100689
0.107244
0.106855
0.105372
0.052339
0.091480
0.091924
0.096298
0.031444
0.099995
0.108037
0.105323
0.106797
0.051939
0.090633
0.091951
0.095932
0.032616
0.101241
0.105606
0.104515
0.104774
0.055343
0.089606
0.094415
0.096530
0.032586
0.103467
0.106650
0.105283
0.106369
0.048978
0.091543
0.092186
0.096471
0.032883
0.100763
0.105638
0.104939
0.106739
0.052604
0.091004
0.090653
0.098243
0.031474
0.093986
0.105461
0.105274
0.106867
0.061259
0.092112
0.091861
0.095469
0.032909
0.103079
0.105276
0.106570
0.105545
0.050880
0.090627
0.091886
0.096364
0.031348
0.101270
0.105349
0.104937
0.106384
0.053036
0.090941
0.092190
0.095472
0.032043
0.102517
0.106342
0.105902
0.107088
0.045259
0.090704
0.083980
0.093632
0.040339
0.095082
0.106658
0.105034
0.105045
0.061796
0.092432
0.092427
0.096545
0.032137
0.102330
0.105550
0.106455
0.106423
0.047702
0.094182
0.087929
0.094906
0.033279
0.102803
0.104762
0.105527
0.105709
0.050313
0.090806
0.092372
0.094273
0.107351
0.106838
0.104989
0.075959
0.076280
0.088580
0.092144
0.050247
0.097834
0.106595
0.106569
0.106998
0.056082
0.091034
0.090971
0.092134
0.035882
0.100384
0.105288
0.105395
0.106430
0.055485
0.090717
0.090491
0.089557
0.040231
0.103263
0.105560
0.105063
0.105532
0.053553
0.090822
0.091832
0.096150
0.031348
0.095415
0.105501
0.105264
0.105066
0.063080
0.078221
0.088373
0.092816
0.050627
0.095435
0.105312
0.105165
0.104632
0.064145
0.085753
0.089788
0.094215
0.039111
0.101071
0.106264
0.105213
0.106906
0.053771
0.090921
0.092277
0.095401
0.032062
0.093693
0.105634
0.106462
0.105557
0.061415
0.091448
0.090841
0.091603
0.036004
0.094428
0.105057
0.105076
0.105646
0.064000
0.083400
0.092197
0.093103
0.040712
0.100620
0.105555
0.106135
0.105964
0.052615
0.090311
0.091938
0.096731
0.032017
0.100226
0.104788
0.106480
0.105481
0.054530
0.091288
0.093418
0.095244
0.033068
0.103569
0.105378
0.105590
0.105200
0.055583
0.100001
0.092844
0.093140
0.047628
0.105327
0.105407
0.106834
0.105567
0.034131
0.096868
0.092395
0.089357
0.085400
0.105703
0.105836
0.107506
0.070917
0.091405
0.092155
0.101124
0.031089
0.106501
0.106789
0.106853
0.107410
0.052041
0.094952
0.092026
0.088323
0.090142
0.106674
0.106574
0.109004
0.060865
0.091492
0.093152
0.097446
0.030301
0.094068
0.105596
0.106599
0.106359
0.059126
0.091650
0.092191
