1
298.3450,281.4264,14.4265,24.8073
287.9509,286.5384,13.9573,23.0361
279.8822,283.9175,12.9550,23.5588
2
0
0
0
0
1
206.5573,217.3589,12.5408,28.9534
189.6146,214.1588,15.1267,28.1814
192.3016,203.7788,13.1534,30.7264
177.9537,188.4696,15.0056,32.6351
176.1139,183.2999,15.3664,34.5244
180.5660,182.9373,16.8172,32.1886
184.5808,182.8795,15.6672,33.4755
191.8218,194.7948,16.5752,32.7921
214.0012,196.8825,14.8063,31.9598
238.4960,196.7293,15.9696,30.4163
257.3157,203.3351,18.0923,29.3780
278.4686,204.0998,16.2289,36.1715
290.8947,202.8314,15.2817,36.7927
2
0
0
0
0
1
360.0964,197.0974,14.0268,27.3992
365.3069,200.4686,13.7092,28.3060
367.3915,196.1330,15.0360,28.6279
371.9917,201.0168,14.6020,27.9822
374.4445,204.4363,14.2277,29.8257
375.0409,200.9704,13.9847,28.8666
379.0497,205.9783,13.7480,28.4283
384.2931,210.7543,13.0914,28.6532
385.6767,204.7406,13.0341,27.9821
386.8689,207.6941,12.2837,26.5654
386.6224,214.0050,12.9514,27.5499
386.3905,205.3550,12.8694,28.2337
386.4242,205.8993,12.9487,26.5040
384.2543,210.4677,12.9678,28.0592
384.7294,202.9437,13.0439,28.3546
387.6647,200.6650,14.2288,29.4912
390.4627,209.7198,13.0039,27.9571
392.0224,205.1162,12.6973,27.1349
382.5783,205.5332,12.7256,27.5429
375.3750,212.0873,13.1870,28.7787
372.4465,209.0167,12.5321,27.8286
368.9568,207.4906,13.5606,27.1147
365.4480,213.9648,13.8219,27.8804
358.2513,210.3335,12.8722,28.6227
348.8713,203.7930,14.4726,31.0013
342.4804,209.1825,14.0263,30.8802
333.8155,209.8067,13.9372,29.2374
327.1230,205.8498,13.7574,28.9872
321.4550,210.9557,13.7815,29.4310
313.4912,212.1300,13.7603,27.4474
307.9031,205.5411,12.6090,27.6725
302.4675,209.7733,13.8000,27.5249
296.9611,211.2299,12.1327,27.4395
291.0140,205.6279,13.4024,26.5619
285.2606,209.1007,15.1804,28.4496
275.4233,209.8710,15.1579,29.1269
267.3605,206.0892,16.4780,30.6995
257.6484,212.1081,14.8963,31.4651
251.6894,217.4060,14.2739,28.9766
249.7568,212.1851,14.0057,29.6926
246.6467,215.8927,15.7065,28.5756
243.3163,223.3311,15.4549,27.8957
236.3940,217.7363,14.3074,29.5555
231.0290,223.0093,14.8400,28.0716
227.6788,229.6653,14.0407,28.8266
227.8661,222.7105,14.5120,29.0072
227.5766,223.5885,15.1711,29.0992
226.4995,227.6514,14.7306,30.4546
214.4508,220.7281,15.1124,30.1042
213.2597,214.7102,16.9521,27.2665
217.3591,221.1186,15.3335,29.9119
219.3210,214.1799,15.9240,30.7818
225.7097,210.4505,15.2129,31.5709
225.9849,220.8783,16.0004,29.9863
228.3388,216.5669,14.6869,28.3472
226.2999,211.5977,14.3181,27.8508
223.0520,218.8589,14.8695,28.2090
221.9154,213.3741,14.8554,28.5981
221.9695,205.4423,14.9165,28.6835
222.1698,208.7032,15.9366,28.8385
218.7480,199.2592,14.3332,29.4508
219.8416,193.2161,13.7286,28.3866
227.6129,200.1601,14.6305,28.7797
238.1801,202.9128,14.8135,29.4498
251.0374,200.4386,14.3724,29.1240
262.3298,208.5922,14.8128,28.6503
269.1740,211.7923,14.7986,28.2422
273.4191,206.4398,14.6084,28.3106
283.5692,207.5302,13.8493,28.9839
294.2443,209.7899,14.8231,28.9614
306.0497,204.1142,14.8050,28.1868
311.7014,204.1018,13.5463,27.9915
