1
701.7924,234.9747,40.8340,10.0000
700.6050,234.6483,45.4132,10.0000
700.6649,233.9528,45.0269,10.3014
703.6526,233.0367,42.0956,10.3474
704.1770,234.0619,44.2812,10.0000
706.0431,231.0605,39.5900,10.9646
706.5389,232.8680,42.5765,10.0000
707.0980,233.8267,43.8203,10.0000
707.5257,233.2255,43.7543,10.0000
706.5370,232.7692,45.4447,10.4119
705.2392,232.5668,48.4538,10.0000
707.1624,230.9603,45.4661,12.3478
707.5312,232.3340,45.0618,10.9199
708.3792,231.9034,44.0329,11.2589
707.9999,231.5682,44.2637,10.8282
707.9048,232.4070,43.6661,10.4877
708.3779,232.0687,42.1557,10.6946
709.4047,233.5136,41.1909,10.0000
708.1583,232.6013,39.1439,10.0000
705.4042,232.8486,43.8122,10.0000
705.5217,232.0916,41.8104,10.0000
701.8416,232.8062,45.5009,10.0000
700.9024,231.8526,44.6249,10.1789
697.9697,231.6760,46.3741,10.0000
695.0750,232.4798,47.9781,10.0000
693.4119,231.9143,49.8295,10.0000
691.4150,232.0881,48.7614,10.0000
690.4288,231.9327,49.4989,10.0000
686.1736,232.3766,51.0076,10.0000
684.5311,233.5080,51.4030,10.0000
685.2230,230.8480,47.3971,10.0000
680.9504,232.4710,48.5563,10.0000
674.5947,232.4773,53.8209,10.0000
669.2239,231.0765,55.9340,10.0000
662.9971,231.3518,60.8678,10.0000
658.6481,230.9724,61.8985,10.0000
655.0466,231.8839,58.8382,10.0000
652.9905,231.9885,55.9965,10.0000
646.6273,232.6344,56.7053,10.0000
647.6780,229.9490,48.1116,13.0499
640.5633,229.5555,53.3697,10.0000
639.7975,222.8283,48.0912,14.8484
638.1130,222.2985,49.8549,11.7138
617.5176,229.5835,61.3330,10.0000
623.9095,214.7378,46.4137,13.6812
2
0
0
0
0
1
649.3965,235.1486,63.3284,10.0000
666.2236,229.0441,51.2366,14.9541
652.4888,233.3191,75.7075,10.0000
673.5116,235.0470,70.7055,16.3764
713.1643,233.7702,54.7737,41.5958
2
0
0
0
0
1
713.9491,239.2338,39.8913,13.3050
715.5631,240.4155,41.3067,13.9935
716.9657,239.9728,42.3726,12.8270
718.3278,239.7025,42.4179,13.1450
718.9009,239.5210,45.1566,13.0115
721.5184,238.7172,43.3301,14.6113
721.6379,240.5742,47.3031,12.9158
717.9316,239.7714,52.2713,10.7728
722.5820,239.6907,47.8376,17.7691
724.3022,239.4883,49.3613,20.0587
722.5425,237.3665,51.0165,20.8015
720.8964,238.7599,55.5834,20.2400
721.4919,238.6805,55.9172,26.0645
729.2613,244.4971,53.0858,38.7263
724.8737,245.3297,56.1092,45.3282
722.0052,247.9260,64.7677,48.0051
722.7815,247.5673,71.9049,55.4156
722.1047,242.8325,76.8300,63.4640
714.8476,240.1602,86.4563,59.9062
720.9421,240.9698,81.9553,67.8783
712.5152,240.3540,93.6027,58.6683
711.9928,236.5130,92.5632,59.0403
708.5892,239.7608,94.2426,55.0706
705.1505,230.7366,91.2998,46.6529
710.9025,226.1184,76.7547,58.7607
704.5350,227.5551,72.4461,61.3822
704.6177,232.8376,83.9456,49.4711
701.2015,238.5345,81.6462,48.6350
2
0
0
0
0
1
656.9175,230.4184,15.5697,40.2006
660.3066,231.9161,14.1036,38.7852
672.6831,232.0603,15.4855,39.7770
677.8167,231.8134,16.7691,37.7739
682.5151,236.2995,22.0626,31.6516
691.5011,236.2287,21.5259,28.8336
697.9343,234.9926,18.8733,25.2380
708.9183,229.1782,11.9082,33.9814
712.7247,228.2482,12.4410,35.7666
720.0128,229.5194,13.7166,31.8431
724.1229,231.8765,12.4833,31.3708
727.1215,233.6472,12.9248,29.0527
734.9836,231.8875,12.7192,28.4836
739.2612,235.5564,13.1808,28.0604
745.7515,241.0103,21.2088,24.4588
748.5868,250.1495,26.0166,24.2418
745.3677,254.7786,28.5301,30.8931
744.6750,263.5289,36.3703,41.1928
741.7722,263.8713,47.2887,48.0772
738.7991,256.7248,56.7082,56.3601
733.6068,249.2200,68.3042,65.8328
728.6644,246.9951,78.9128,70.2951
720.2444,246.1750,85.5169,69.9488
720.9348,242.2415,86.6010,75.3735
716.3210,243.0599,91.7300,74.4704
717.0332,241.6460,92.3945,75.9588
716.0971,240.7701,91.4932,75.9676
714.7217,240.4779,91.2921,76.8885
712.3859,240.8121,91.8610,75.0549
714.3204,239.6004,91.5239,76.9707
711.6666,241.1763,91.7211,74.3170
714.7284,241.8026,91.2849,75.1366
710.7656,240.4720,91.7155,75.4538
712.1794,240.7047,91.6552,75.5466
713.3670,235.2397,90.7565,75.1452
708.1180,240.7835,96.1021,71.5119
706.6419,242.7749,91.8443,73.0953
702.8502,235.4581,93.5688,67.7938
710.3676,230.6424,84.7177,81.0807
2
0
0
0
0
1
665.3381,236.2702,34.3292,18.2968
644.0209,245.7550,35.4689,14.0496
634.6149,239.7764,30.5838,15.2150
635.3451,241.2332,38.3278,11.0970
638.3712,242.9428,50.8817,10.0000
640.0138,232.5923,35.2466,21.0760
649.7447,242.5459,53.6644,10.5700
665.8658,244.6170,59.9955,12.8270
695.8559,241.9745,48.1540,28.0390
709.1014,243.9903,51.6650,33.1463
2
0
0
0
0
1
714.8625,250.1674,48.0396,10.0000
715.8972,249.2702,52.1670,10.8214
719.0474,248.1013,54.1858,14.0025
728.6821,250.3939,44.7621,28.4361
731.3595,253.3876,41.9854,38.5467
729.6645,265.8066,47.4919,39.5716
729.9244,263.4748,49.7473,43.6722
724.8841,261.8334,56.9027,43.0244
723.8669,258.4946,58.0289,45.7869
730.9228,255.9154,59.4265,50.0887
719.9125,255.0016,62.1972,50.5344
714.2014,251.8865,64.2861,49.8586
715.7089,256.1379,66.3960,49.3291
721.8757,253.8559,62.8196,54.8075
714.5652,253.5915,66.8977,51.3931
718.3896,248.8380,63.1385,54.7990
710.8294,246.5890,61.2741,54.2031
701.5358,250.9880,63.1181,44.0101
707.9697,250.2583,59.4259,48.1220
703.0212,247.0125,57.9117,46.8161
706.9087,251.9339,56.3445,48.4832
694.7193,257.5745,59.6072,39.2083
704.3051,256.7930,56.0339,43.6418
710.6396,253.6396,56.0466,44.8415
707.2431,244.7242,56.8280,41.0950
696.1075,238.7871,56.4577,32.3522
681.2441,244.1051,66.4755,19.5923
678.3546,242.6172,61.7934,19.3261
671.6793,244.1942,65.6321,14.0937
664.1130,246.0813,75.2511,11.8582
652.1198,234.9922,64.5332,24.6576
653.2186,236.0201,59.5114,21.3637
657.2194,235.0340,48.5321,25.1107
643.8571,240.8845,65.3958,13.6400
640.0683,237.6621,60.7442,15.9978
636.0937,239.0809,63.7437,14.9227
638.4921,240.7004,64.5318,15.1727
647.7972,235.8464,56.0463,21.2615
649.0195,244.5519,72.1832,12.2317
659.7371,236.7057,70.6578,13.8265
668.4741,237.7199,60.3538,18.1282
670.0746,242.6393,61.4917,14.7627
677.3250,241.8582,62.5111,14.0207
685.8126,242.9827,49.3413,18.6528
689.9662,244.8853,57.8862,12.9978
697.2097,244.7903,47.4913,17.0407
699.3690,245.5752,47.4022,15.6529
697.3140,246.1882,49.4906,14.9846
704.4052,245.8591,45.8667,16.4052
707.7394,245.6219,48.0766,14.9312
711.0237,244.7914,47.3986,14.4820
714.1888,243.7465,45.3005,14.5010
712.6727,246.9507,44.3802,13.4531
715.8920,247.6999,39.4770,12.7750
719.1184,248.6526,37.0729,13.1857
720.0886,248.3317,40.9014,11.9972
721.4778,248.4641,36.6410,17.4586
715.2265,246.8089,40.8770,16.2976
718.3561,248.3570,43.5018,17.6512
722.7149,246.8213,41.5525,22.1112
732.8957,248.4671,37.2848,30.8098
731.6693,251.7894,39.8686,31.8522
733.8492,256.7622,38.7800,36.2160
732.0776,269.8730,43.4616,33.9013
732.6105,268.4630,43.7881,36.9143
731.2339,267.0790,45.4068,36.9553
731.4453,264.8283,44.7107,38.6767
731.7208,264.6758,45.1316,38.7645
734.6293,264.6711,45.7793,40.5632
2
0
0
0
0
1
686.4516,228.3995,29.5768,32.6029
687.2213,224.9488,30.5964,30.0878
689.7762,221.2254,29.3492,31.7807
2
0
0
0
0
1
635.9258,215.9243,25.3546,39.3435
632.3298,226.2354,30.2821,35.5405
627.8959,226.3734,32.2311,33.8917
617.4921,224.6379,30.2349,35.8344
2
0
0
0
0
1
662.5895,226.5611,25.5226,37.5121
658.5090,228.4772,25.3251,35.8278
662.5356,214.1542,23.6477,43.6790
641.8623,229.7126,35.7340,28.4080
2
0
0
0
0
1
662.0834,224.4209,22.0841,41.5634
2
0
0
0
0
1
673.2609,242.9391,53.1189,12.5001
658.1023,240.2507,52.4043,15.2650
662.8125,235.3294,55.2284,14.7802
657.4753,232.8682,54.7403,14.8854
655.8359,235.4375,68.1639,10.9403
654.9950,238.2765,76.2048,11.1842
667.5687,235.2187,68.4568,19.1119
705.8893,231.6043,46.9784,46.1844
2
0
0
0
0
1
682.3123,221.4538,27.5187,42.6447
679.4970,224.3864,30.3429,40.4581
662.8775,214.8441,33.6254,42.3092
2
0
0
0
0
1
675.3983,217.7969,30.4464,34.2600
2
0
0
0
0
1
680.8804,219.9381,25.6614,43.9962
664.5057,224.2424,32.1965,41.3124
2
0
0
0
0
1
685.8608,213.5400,26.7025,51.8154
680.9441,206.8993,32.0733,58.9351
663.2199,207.6537,38.8613,54.6733
657.7404,206.0160,38.8772,58.1207
2
0
0
0
0
1
678.9533,226.6848,42.7816,27.4059
683.4448,207.2466,30.9474,45.3161
686.0992,197.2126,33.2865,48.7008
684.8387,187.7744,36.2155,47.8280
2
0
0
0
0
1
700.6176,219.2892,30.7993,39.2805
703.7626,210.4206,28.9695,38.2901
709.6607,206.3340,27.0129,39.9233
715.3771,201.9906,31.2358,39.8703
2
0
0
0
0
1
669.0031,235.2522,40.3568,22.1059
671.5672,229.8972,32.8408,29.5188
663.6934,238.5811,43.3786,18.9361
667.9976,228.0072,28.7376,37.1159
661.1105,236.3246,42.6612,23.2980
663.4883,229.2162,32.8465,32.5318
660.4873,228.0715,29.4919,38.7484
656.9050,231.2505,37.6283,30.3145
