1
179.4246,124.8030,40.8375,51.8789
185.7332,98.1444,41.0376,50.5947
192.2551,90.0576,40.5123,46.7145
200.1700,97.2770,38.6708,46.3226
207.2553,117.0430,39.9650,47.6414
212.2881,159.3127,40.5536,47.2787
224.1184,209.4800,33.9707,54.5255
2
0
0
0
0
1
196.3281,141.7303,41.2817,38.6242
190.2970,149.4610,42.6399,42.8766
185.0645,173.6087,38.9634,49.3704
178.5772,214.7103,39.8147,46.1472
2
0
0
0
0
1
166.8304,106.9327,36.9946,38.0854
167.3121,105.7053,36.8912,37.1950
167.7917,118.3541,36.6861,40.0326
170.9676,146.0995,33.3656,39.5087
168.9508,192.6990,36.8785,39.9571
170.3991,227.8791,32.5227,45.4714
2
0
0
0
0
1
165.5775,144.1455,36.9502,37.5197
166.2481,150.8726,35.0035,39.0516
165.8948,174.3385,32.3691,38.2930
166.3541,212.0089,34.6365,44.0428
166.1958,268.4685,34.3282,34.7144
2
0
0
0
0
1
164.1936,179.0544,36.2663,39.1521
166.0192,174.5813,36.6629,39.6620
166.6971,184.0932,37.5739,41.1467
167.5938,205.6115,36.2683,43.5745
172.2458,244.7350,35.9159,42.2872
174.1207,304.2182,34.8975,34.3054
2
0
0
0
0
1
177.7537,250.3689,46.3930,40.2384
182.7879,256.4658,43.6593,42.0984
187.3759,283.0578,39.1961,37.5420
190.7552,326.4180,41.9256,35.9325
192.8971,369.3658,40.7755,43.3489
189.6703,414.4937,45.0059,36.0348
187.2249,356.7454,38.7583,42.3175
183.4801,306.9000,38.7467,36.8327
176.7955,262.3919,42.4976,41.4566
172.3120,243.5515,44.0078,42.9131
170.7670,234.8589,41.4290,41.3442
167.1172,239.1308,40.5809,41.2243
162.4829,260.3771,41.5382,41.2078
160.1711,291.6921,38.9139,38.8553
162.3189,331.0033,33.9931,50.7050
2
0
0
0
0
1
141.3384,248.1530,28.9153,32.2399
136.7909,258.2661,31.9039,31.8119
135.5083,281.9137,29.7318,30.7268
132.2581,321.6530,29.3750,32.4067
131.8724,348.9494,27.7383,37.7997
2
0
0
0
0
1
121.7908,317.7060,30.8836,29.0427
120.5476,332.5243,29.2170,28.5844
119.5525,361.3239,30.9058,30.7202
117.1458,405.1525,28.8181,28.6204
2
0
0
0
0
1
131.2654,343.9354,29.1989,25.5140
134.8251,351.4647,29.6227,25.9903
139.9616,374.5359,29.2743,23.6382
143.6151,403.6913,26.5486,29.1247
147.9836,434.6339,27.0860,34.3482
145.0183,478.3914,28.4160,28.1853
140.9714,434.1874,28.5616,29.6555
139.1981,390.8985,27.9381,29.4227
136.1204,359.0020,26.8189,30.7625
134.1275,346.0275,27.1158,29.0081
133.6413,346.4067,26.1256,26.8085
132.0409,356.4888,26.1695,25.6094
126.9823,377.4208,27.3135,28.7526
122.9052,417.1112,29.6911,27.5309
119.5858,448.5869,33.4101,35.0077
119.8011,460.3276,34.7953,33.6654
122.7970,411.2690,30.1468,30.2783
121.2484,366.6598,27.9965,31.7808
126.1961,334.0658,26.9275,30.1160
127.8594,320.5352,28.1355,29.4906
130.3320,314.0826,29.6252,31.2156
133.3151,321.9206,26.5357,31.8489
136.2832,341.7516,24.9777,31.1334
140.9933,376.7997,27.3316,30.4984
2
0
0
0
0
1
134.4097,234.8785,31.4651,32.3272
133.5739,236.9485,32.3947,33.9845
133.3893,252.7145,31.1377,32.6717
134.4057,285.2283,27.4408,29.1357
134.0524,302.7719,25.7149,34.5014
2
0
0
0
0
1
153.8792,226.8095,33.7149,32.8206
158.4280,228.9411,34.4834,33.2665
162.7603,245.7706,34.9147,33.5198
169.0464,281.5969,34.3472,34.9123
166.3625,313.0098,32.0749,31.6563
2
0
0
0
0
1
182.0223,210.6507,39.5206,40.6366
182.2368,216.3034,39.0124,41.3102
185.3903,239.0117,34.5149,42.8424
184.3276,278.0323,39.2885,38.5664
188.3584,304.4857,38.1264,49.1683
2
0
0
0
0
1
195.2343,173.6149,41.5975,37.6574
197.4980,177.5190,41.0991,38.7882
198.0141,196.7359,42.8774,40.3499
203.2377,232.3369,41.9663,39.5378
204.3391,282.8590,39.7651,39.1082
208.1320,306.7741,35.5379,39.0146
206.8559,337.8023,43.3783,35.8250
