1
284.8347,148.5642,54.5649,150.3440
285.8666,145.6191,51.9402,157.8842
287.0498,145.6198,51.7494,155.6144
288.4182,146.6508,51.9453,156.1337
288.7507,147.3914,52.0764,154.0967
289.5955,147.5645,51.5870,153.3236
290.7126,148.4935,50.8530,152.2786
291.0470,148.5449,50.2438,154.1155
290.9377,149.4215,49.6199,154.1700
290.4624,148.9509,49.2576,152.5966
288.5422,148.3766,50.3987,153.2779
286.6765,147.8732,49.6120,154.2962
285.7190,146.8751,48.6804,155.5241
283.0331,147.3627,48.6947,153.4057
281.7198,149.4808,48.5526,152.2084
279.2997,148.9041,48.7932,152.4125
275.1489,148.8172,51.4245,153.0110
274.8169,152.1359,50.8757,149.4952
270.4979,153.5342,53.2281,149.4133
269.4319,153.3258,53.5165,148.4740
266.2457,157.5050,55.2700,144.3587
265.9074,158.5364,55.1992,141.1851
263.9884,160.8158,56.6045,139.8463
262.8864,162.4024,58.2449,138.6962
263.1693,162.3844,57.3170,140.5452
262.5468,162.5444,58.6795,141.3757
261.4707,161.6379,57.4921,143.0951
262.0240,163.5700,56.1437,140.6220
261.3174,163.1965,55.2298,142.6741
261.7291,164.0404,52.1350,143.3625
261.0963,162.7928,51.0121,146.6447
259.9535,166.1971,51.1831,143.5262
259.4563,164.1155,52.2494,145.7627
256.5862,168.6126,52.7582,143.1465
257.8833,167.0074,51.7212,141.1017
252.9167,166.1069,52.9433,140.5585
251.1731,169.0390,55.3316,139.8977
249.6170,167.3130,53.8801,142.7876
246.4089,165.6756,54.0285,145.4162
246.0141,169.7490,52.4585,140.0990
244.3627,168.5370,54.6132,141.6838
242.8549,168.5155,55.0725,142.8143
241.8995,167.8932,54.9139,144.3388
242.6918,164.0948,54.1038,147.7941
243.8955,166.6029,52.2564,143.9077
243.4937,166.0493,52.8267,144.1078
244.1201,167.0936,53.0890,140.6570
243.2919,161.6827,53.8856,146.3512
243.7809,163.0293,52.0980,143.0701
244.4051,166.0181,52.2320,139.7858
243.2273,164.5383,53.3035,139.8810
241.7448,157.7670,52.2595,146.6409
237.5287,160.5346,54.3959,139.9899
238.3214,159.5099,50.9296,142.9272
240.7700,154.9951,49.2446,148.3996
239.3015,155.7433,49.3268,149.1778
231.5962,151.8017,56.3721,152.8485
239.2530,151.3832,52.7317,152.1891
233.1835,150.2603,60.8140,156.4486
231.7548,152.1454,62.2802,151.6054
231.0116,153.2512,62.3244,148.1097
229.8751,146.1903,63.9644,156.8434
229.7959,145.3501,62.7598,154.5450
232.9950,145.3676,56.4861,150.6591
231.0235,144.9986,62.1961,149.6303
230.9992,143.7962,62.9059,145.1941
227.7573,144.5726,66.7294,145.4970
226.7162,143.4767,68.1077,148.5381
227.0923,148.1561,66.7218,144.3925
226.7583,144.4758,67.9741,143.2847
229.7852,145.2519,61.0488,142.7690
227.0112,146.2547,68.4186,142.6332
230.5147,145.3566,62.6262,142.2410
229.7463,143.7739,63.7076,147.0246
227.0382,143.8834,64.8879,147.2050
228.0421,142.1542,65.2613,148.6097
227.6515,141.6916,63.6236,149.3297
226.7134,140.4472,62.1148,151.9842
224.7290,140.7556,68.6209,151.6620
224.4343,137.1287,67.0075,155.1495
227.9000,140.0078,63.1721,153.1762
231.7388,140.0842,62.3011,150.3319
228.8314,139.9239,67.8561,153.0192
226.2419,137.6541,69.5412,155.4062
230.5797,138.9955,64.4369,150.3763
231.3656,139.1262,65.8381,147.7194
228.5293,143.1017,69.7273,145.8459
226.7469,138.7894,69.8822,146.5419
229.6805,139.2095,70.4197,148.4948
228.2502,142.1302,71.9565,143.9143
231.1844,139.9553,70.6618,145.8935
232.6221,142.1842,68.1852,140.8481
234.0278,135.5695,66.5303,147.8002
233.2470,136.4969,68.3447,145.4900
233.5339,135.8471,68.6124,144.9419
234.2600,136.9954,70.8663,146.1278
238.0011,134.9164,67.0918,146.4928
239.2601,135.7472,65.7492,146.0694
241.8542,138.3964,63.7527,143.6367
244.5244,143.0361,63.0765,141.3965
252.9184,136.8074,54.6441,149.3452
257.3956,139.1026,52.1807,146.7771
258.3569,136.6065,53.4169,153.6304
259.3398,131.4056,53.0884,159.9382
230.0520,131.5232,61.7183,164.3960
178.3661,199.9726,123.9419,133.5867
171.8689,214.4896,143.6306,122.6896
170.4131,228.7590,153.9775,114.7851
176.8077,234.0618,158.6904,112.7249
184.6932,218.4156,146.4702,123.8377
190.7968,235.4330,157.0724,111.7182
201.0723,227.7691,156.2720,118.8254
205.8298,230.0138,160.5847,119.8199
214.2744,228.8122,158.5539,117.5801
224.1258,171.5383,95.5997,141.3472
237.5654,125.3562,72.7859,153.9160
249.3906,131.0248,78.8178,147.4259
227.7799,128.1684,60.5154,152.2585
2
0
0
0
0
1
279.4120,150.1612,41.5423,107.5477
278.5507,150.9361,41.8694,105.8854
278.5368,150.6331,42.8706,105.8349
279.1646,151.5824,42.3994,104.4435
277.1888,151.1152,43.4568,106.9064
276.0022,150.7141,44.2140,110.2670
274.3380,150.2317,45.0780,109.0308
273.0136,149.0687,46.5505,116.8220
271.4160,148.9885,46.3870,119.5044
269.9039,149.8748,46.7551,121.4343
270.8934,149.9723,45.3905,122.9127
269.1033,150.4251,45.9441,125.0388
268.8830,151.0365,46.1079,124.4827
268.6509,150.5079,46.5908,124.7659
269.1550,149.8298,46.1351,127.0940
268.8629,150.1651,46.0586,126.0961
268.9981,149.3200,44.9122,129.2062
269.4588,149.3573,43.7436,129.7820
268.8044,149.0720,44.7324,130.9146
269.0553,148.3588,45.1531,128.8486
270.5211,147.9215,43.4580,126.9057
270.5948,146.8587,43.9868,127.9183
270.4408,146.1857,44.9237,130.4412
269.2928,145.5086,46.1806,133.5169
270.2462,144.7412,46.4393,137.8195
270.4570,143.9514,46.7730,141.5901
271.7508,147.3524,46.4177,138.6115
272.1685,148.6369,46.7280,133.9967
272.0236,147.2644,46.8349,133.7590
272.0960,145.1082,47.9823,134.3238
274.7308,146.4806,47.3145,137.0340
275.2972,148.1493,46.6154,134.9772
274.0511,148.1161,47.3063,132.7818
273.1383,147.7325,48.2764,136.9492
272.1385,148.8375,48.7477,133.2126
269.6996,148.5423,49.3913,134.0002
268.8803,147.5039,49.1375,139.1291
267.9890,147.0627,50.5596,138.7204
265.4991,151.9655,55.5007,142.8466
267.4096,151.8539,56.2703,140.5668
264.8708,151.2499,58.9935,148.7093
268.3795,154.9321,59.0416,139.6400
267.7931,154.4292,59.3314,148.5528
267.2094,155.0784,60.5959,145.2750
270.5606,155.5620,64.9865,146.8943
272.6109,158.3694,56.3054,130.5234
273.7955,154.8296,61.2100,148.1268
275.5491,152.7930,58.8749,140.9207
275.9616,155.1464,61.0182,144.3012
277.0544,153.6255,61.8323,145.4224
276.4931,157.0139,60.8015,138.8456
276.0076,153.5128,61.6650,144.3076
276.7090,154.0807,60.3390,140.5459
279.9660,151.6821,55.5092,142.9028
281.2400,151.7378,51.1636,143.4836
280.9340,151.9094,50.5769,143.0923
283.0431,152.4926,46.7683,137.3583
279.4673,149.8078,55.0897,140.9432
280.3590,151.6835,54.7303,141.9018
287.8887,152.8490,48.1164,139.7460
288.3244,151.6843,49.5177,144.6028
288.0272,154.4155,49.4854,146.9780
289.8921,155.1371,47.9840,142.8730
288.4512,153.3111,46.8575,146.4749
289.2658,151.5853,47.7152,148.5750
290.6179,152.3895,49.6720,151.5419
289.8803,150.5183,48.0403,150.0371
289.3136,157.0724,45.6188,144.0177
286.4145,155.9873,49.6465,146.9291
287.7713,156.8139,49.3347,151.9550
287.1111,158.8989,55.2523,151.3857
286.5305,156.9862,56.0693,150.1941
287.1895,154.3659,56.8333,157.6861
284.3371,157.7799,55.8407,146.1834
284.5386,159.1057,61.7627,144.8865
286.3224,154.0471,58.5413,142.2524
286.6730,153.7319,61.6246,147.1185
285.3557,153.8791,67.3765,148.5132
289.2443,153.4433,69.3474,145.3687
290.6476,150.3488,68.0037,154.2108
295.8615,149.4157,68.9222,156.0899
294.9613,147.8245,61.1931,148.8571
300.6617,151.6443,60.8113,147.6414
303.8670,153.5604,57.1474,146.7337
303.7484,158.9913,54.7733,141.1180
305.1703,160.1893,49.6033,131.8623
308.0509,156.6426,47.9294,134.4957
308.4354,159.6416,48.8942,130.9487
305.1239,154.6102,54.1181,141.0047
302.7773,152.9846,56.0162,140.7429
304.4903,155.7204,58.2517,142.0211
303.9427,154.6878,54.0922,136.8167
305.0263,155.5817,56.7921,139.9909
301.5237,153.6454,57.9248,141.4097
301.7946,153.9513,57.6423,140.2592
297.6301,155.0775,58.9857,136.4697
299.0800,155.5678,55.0051,144.5639
296.0799,156.1099,58.5352,141.4863
298.1117,154.8352,57.5722,146.5390
296.5568,153.9656,58.1570,141.9783
297.8312,157.1344,58.2637,145.6877
300.5200,157.2600,58.2258,140.7046
299.7602,157.6216,58.4780,146.8459
299.6568,158.5375,60.2645,147.5632
304.8843,158.4652,57.5046,147.5064
304.4888,157.9860,59.4131,148.7570
306.2006,158.7704,54.4936,142.9998
307.4481,155.9823,55.7821,146.1857
307.7388,155.6180,54.6056,145.9499
310.1012,154.2705,54.9219,149.5681
311.9289,156.8934,56.2522,149.4901
315.7091,157.3203,54.0707,144.9478
317.2474,158.1289,54.9763,151.5955
319.5798,158.9016,54.5842,145.5233
322.2116,160.1676,54.6674,148.5878
325.3771,161.7460,57.1659,145.2626
326.3380,163.8838,58.7484,150.0040
329.5754,163.1079,58.2018,150.4387
328.3785,163.2959,60.8521,157.3589
330.7672,162.9003,60.1606,153.6346
332.7705,166.4940,57.7181,152.2794
335.1433,164.8203,57.1726,151.6659
333.2978,164.7492,57.8058,151.1386
336.0438,165.3601,56.9373,147.7871
335.6886,165.3435,58.0003,149.7362
335.6660,165.7791,56.7120,143.8543
338.2144,164.1885,57.4194,144.0834
339.1985,165.1672,58.3362,148.3684
343.1683,165.0746,57.1388,143.8047
345.8507,164.0990,57.9577,149.1673
348.8297,164.9244,57.8119,146.2799
351.8277,164.5730,58.6669,150.4463
354.2659,165.4171,60.0288,150.7584
356.1300,165.7027,59.7605,150.4197
361.2315,166.4767,57.3381,147.8737
367.1066,166.3295,56.4282,150.3096
369.8686,164.6406,57.6795,154.0465
372.7728,165.7221,56.1446,153.3980
375.8677,164.9878,54.9540,153.8589
378.0533,163.1734,54.4218,153.7545
379.4325,164.9210,51.8588,147.5265
380.8460,164.5348,55.5008,154.9557
383.1926,162.4535,54.8143,147.9604
385.1667,165.1157,52.9401,148.2196
385.5500,165.8541,56.1485,150.2644
386.9679,167.7418,60.6809,155.9903
388.7733,168.0954,61.6390,154.0288
388.8774,172.4891,61.9375,148.4360
389.2122,174.8416,62.3617,146.5697
389.2206,176.3529,67.4275,152.9540
392.4443,177.8989,70.4308,150.6216
393.9349,179.0081,71.5731,149.0266
395.9089,178.5814,72.5068,147.7690
400.0831,179.0216,72.5141,146.3000
403.5569,176.9754,70.9505,146.6392
407.2213,173.9126,67.1934,146.3096
410.9333,170.7518,67.5992,145.5804
414.8820,167.6458,62.4026,150.7780
416.8373,167.0420,62.2576,153.0042
418.2655,163.5954,62.2326,156.6819
421.1060,163.7199,56.4244,154.1771
420.9467,162.7231,60.2949,162.9914
422.4629,163.0017,58.1242,152.8436
422.2193,162.6180,61.5038,151.8652
423.6004,162.1657,61.2307,153.5134
422.8877,161.1180,61.6908,159.4148
423.0965,161.3864,59.9433,157.1319
421.5929,161.1367,61.9854,158.1174
421.1451,159.6144,59.8661,157.5043
419.7640,160.1735,59.2766,157.4378
418.0155,160.4253,60.7425,156.0868
413.9521,161.2224,63.4503,161.0001
412.3361,162.5854,63.0013,161.0421
410.1277,159.5265,63.4121,165.3177
407.4968,162.6303,63.0476,163.7819
404.2047,160.9930,63.7630,166.6286
399.4193,160.6497,64.1559,172.1167
398.0431,162.0671,61.8845,161.4447
396.9657,161.0394,60.4548,153.9273
393.6497,159.4477,61.7488,155.6849
390.7779,159.0163,61.8384,155.6220
390.3871,157.5278,60.4214,157.2211
388.1335,158.8476,61.5297,157.5605
387.7681,157.6408,61.6598,156.3535
388.0355,158.5573,60.6493,158.1515
387.7983,157.0151,61.6027,154.5797
387.4956,157.1140,61.4151,156.1071
389.4443,156.4120,58.9915,157.1211
390.0366,156.1878,57.5505,152.4391
390.0161,155.0345,59.1828,155.0735
389.9921,154.0032,57.4205,151.7747
390.5320,154.3404,56.8522,150.5567
390.2798,153.1941,56.4331,151.3953
391.5113,153.9398,57.8356,150.9576
389.3570,153.0367,61.1068,151.9366
390.2160,153.8637,59.7234,147.3353
389.1504,151.9325,59.5357,151.2919
390.4578,153.3850,56.0765,150.4908
389.7945,151.1864,56.4183,159.3573
389.2026,153.1020,55.8395,152.9867
390.2566,149.9453,57.0579,155.5910
390.4203,150.4842,57.0974,151.6486
390.6460,150.8660,58.3429,163.9046
390.8546,152.4143,57.6053,169.2678
387.5625,148.6211,54.6505,169.3612
386.9468,149.2140,58.4815,170.7168
388.7714,147.3382,56.2842,165.5333
389.7302,147.5793,55.2444,167.6088
390.4268,148.1975,54.4163,167.2680
393.1650,146.5769,55.1989,168.4526
395.9386,147.1532,56.7675,168.3011
395.9128,144.0161,61.7484,176.4256
394.4379,144.7250,63.4896,177.5653
394.2177,140.9638,64.1680,175.2696
396.1103,139.6603,63.2323,177.7851
395.3560,137.9439,64.6424,180.2576
398.8203,136.7599,63.2394,177.6956
402.6664,135.6639,61.5000,176.9717
403.2458,134.1365,61.6797,183.6729
405.1425,135.6110,61.5140,180.2125
403.9966,135.0360,63.3537,183.4877
402.8915,134.9558,61.8514,176.7207
400.7783,133.8995,61.8745,179.7081
397.0243,133.6914,63.9656,181.7200
397.3188,134.1269,64.1947,181.9861
393.8970,132.5613,62.3966,179.9087
389.6398,131.9070,65.6380,180.7321
387.6406,130.9708,65.3440,183.3460
382.7925,130.4643,66.3672,180.8308
379.1020,129.8029,64.7621,184.4748
377.1188,130.4856,66.6567,186.9839
373.5784,130.5089,67.2281,184.8957
370.2604,128.2548,67.6435,185.8908
365.6076,127.2179,68.7595,186.9820
363.8107,126.7279,66.9577,187.7629
360.8071,126.0423,65.9492,187.4377
359.4669,126.1768,65.6950,183.8764
356.5763,124.6902,68.3786,187.4456
356.4435,126.9937,65.9945,184.5207
355.4189,123.5210,67.5913,187.0889
354.1780,125.1099,67.7799,187.6802
353.0869,124.6394,68.1721,185.4784
352.5195,122.4329,66.0107,184.9744
353.2554,122.2191,64.2684,184.4021
354.2417,121.2452,61.5483,178.2345
355.0905,120.9584,60.3526,174.5309
354.6679,118.9588,61.2372,175.5377
354.7438,117.4364,62.1489,171.3820
353.1798,116.5532,62.0043,172.5961
350.6789,117.7817,63.2743,176.5717
351.6397,118.1205,60.9999,166.1339
350.4740,118.4761,62.8840,171.5950
349.7722,118.1620,63.3545,169.8814
347.7380,117.9973,65.4904,176.6764
349.3945,120.4091,61.8113,162.1829
345.7653,119.6566,64.2971,171.2587
346.3507,120.1328,61.5617,160.4636
344.0962,120.6766,63.7499,166.0756
341.4062,118.4966,65.1346,175.1193
342.7214,119.9644,62.3038,163.5767
339.9146,121.6813,64.0990,173.8504
338.9581,121.2664,62.9213,164.4695
338.7069,125.9262,60.9737,166.5196
340.3058,125.3527,58.8649,167.5980
341.2248,124.8961,56.6196,163.3916
336.7806,126.8322,57.4708,165.2065
335.0078,127.3356,57.4639,167.2629
332.3871,126.9416,58.9370,172.7531
330.3831,125.4301,60.2665,175.2313
326.8013,124.1985,58.7465,173.9872
322.9452,122.0511,59.3378,178.8966
318.7795,121.1563,60.3553,180.6118
316.1489,121.8271,59.7028,180.0047
314.8366,122.6781,59.3816,179.5914
310.9234,119.4644,57.7972,177.6943
308.2021,122.4524,58.3094,176.9242
306.6672,122.4826,58.3143,182.5923
304.5896,126.1890,55.9803,175.0102
302.4683,125.6766,53.6120,170.2594
300.7282,130.4331,51.4722,158.9893
296.8878,129.7886,53.4570,163.8009
291.6911,130.7509,54.3430,159.3100
291.4169,132.4671,52.6725,143.7218
287.1194,131.1496,56.6662,153.6197
283.4898,130.6091,58.2271,152.0176
282.1527,132.5795,56.9148,145.0421
279.5489,128.9013,59.0615,144.8801
278.6289,132.1416,57.9108,137.3878
277.9843,128.4050,60.6066,141.2943
275.0233,126.9660,63.9491,144.7418
272.0794,127.0694,66.1791,149.0359
270.2485,129.5027,67.7995,150.0413
267.6393,131.4750,69.2282,153.6849
268.5644,133.9964,64.5306,149.4483
270.1155,134.4023,61.1629,142.2141
267.6051,134.2826,60.2112,149.0030
268.3944,131.0897,57.9511,145.6270
267.7114,129.2361,60.4642,155.3368
265.8391,131.9163,59.2083,152.8499
265.9417,129.2921,57.3458,153.1136
264.0631,128.5011,59.1834,155.8255
260.8210,131.1705,60.3852,160.4872
259.2877,129.6347,61.7409,165.6718
255.7706,131.9855,63.6082,164.4704
255.2743,133.2781,60.3493,157.7341
253.0005,132.4487,63.5357,163.1702
249.3960,133.8890,65.9737,163.2257
246.3206,133.3219,68.1146,165.8193
245.1849,133.5656,69.2585,163.3286
244.1987,135.3410,69.8562,166.3335
244.9515,138.5193,69.4834,163.8781
245.9262,142.1554,65.8559,159.7236
247.4787,143.8400,61.4758,152.0106
244.4923,143.7568,68.0497,162.5753
247.9162,145.2229,64.1081,152.9542
247.4023,147.3474,66.4188,164.6575
248.8111,146.8481,65.9269,159.7592
251.3845,148.1304,62.7021,160.6520
252.1748,150.2186,63.0703,157.2107
252.1570,149.5271,63.7236,162.6069
254.0623,148.3870,65.4073,167.0523
254.9486,147.8972,66.8457,172.3850
258.7394,146.5074,65.1025,172.3052
259.6187,145.0448,66.0485,177.1514
260.8175,137.7378,65.6021,181.7979
263.8258,141.9029,62.9461,170.9665
265.6686,142.6573,61.4042,168.2113
266.8610,139.5188,62.5391,162.7319
266.4561,142.1318,60.5333,165.1561
267.7097,142.2314,61.8250,158.6679
266.8189,142.4577,60.0245,151.5713
265.3198,142.9938,62.1274,157.4300
263.8354,141.4285,63.0837,160.3493
262.2089,140.6347,65.2433,167.4613
258.1003,143.3616,68.7455,170.1078
255.9776,137.9158,68.3565,161.1195
256.8831,142.8173,64.9404,155.5831
256.7350,137.6917,62.2819,156.3382
253.2898,143.3097,66.6023,168.1869
249.1550,145.4814,69.9821,163.3274
245.3193,142.3260,69.3417,165.5049
242.3675,137.2549,70.1650,167.5973
242.9717,136.1397,65.7414,155.0517
242.4801,127.4540,66.3748,172.1457
240.5237,131.6011,67.3630,162.0418
240.1285,133.6583,70.5316,171.4001
239.3352,134.9287,71.6319,171.8600
239.2838,135.4657,72.1286,175.7857
237.7798,138.1556,74.0930,179.4835
237.2942,139.4977,72.8724,173.8566
239.0814,140.0419,74.8724,177.1299
240.3727,144.8957,73.6467,171.4568
240.2121,142.5571,75.9415,182.4284
241.4844,146.1248,75.9460,180.5605
242.1224,146.8917,77.6680,181.8037
242.5175,146.3186,76.3769,179.3285
242.8604,146.6918,78.9316,179.7145
244.8894,148.0973,76.5837,177.8590
242.9431,138.1764,75.9792,177.8793
240.3617,145.9324,77.4863,172.6447
239.0882,134.1859,77.6709,174.9685
236.6944,141.5184,79.3515,177.8232
239.1772,133.7216,72.4037,179.3111
236.3751,139.2451,74.4184,182.3087
234.3797,133.7980,76.4188,181.6177
233.4066,123.7261,76.7478,184.4190
231.2603,134.9512,77.0508,176.0719
227.7379,125.3439,79.1668,182.6431
227.2981,127.1175,79.4862,184.5624
226.2696,120.6498,78.5129,178.4217
225.2954,128.2575,76.7298,169.1839
226.9253,124.4208,74.1054,176.0930
226.8572,123.0768,73.6405,178.9024
226.3266,117.9423,75.3892,180.4145
227.7949,121.0466,71.4945,170.0820
227.4155,122.5316,72.1337,173.3981
227.3510,118.3427,74.1123,179.2042
227.6582,117.1513,76.2811,176.2728
227.2176,115.4595,75.4402,175.6119
226.8121,102.4872,78.5589,184.1120
229.3953,96.8631,78.4082,194.9760
230.8495,101.9590,79.2236,193.1278
231.7619,108.9510,77.8817,183.4597
231.5798,104.0594,76.4167,190.6941
231.3607,83.6797,80.5447,209.3414
227.6480,74.5970,80.0580,211.0558
224.7477,79.7679,83.3252,202.9694
229.3979,78.9194,77.6122,200.5431
225.1606,65.0438,77.2298,209.0126
224.9311,71.0233,80.7560,208.5046
230.8951,77.5455,82.5486,199.3938
233.8520,69.5537,77.3293,206.8259
232.9965,75.2177,76.0405,189.4308
236.5857,80.9659,75.8606,184.4948
233.1835,79.9397,72.7054,185.0905
237.0039,89.7111,73.5993,182.7119
240.3197,88.0638,68.3289,176.3455
239.5178,87.5944,67.0072,170.0323
239.0044,89.3632,67.4500,173.8919
237.9852,86.4725,66.8178,169.2818
236.4193,85.7764,69.7352,177.3947
231.2596,79.2119,69.4144,181.7768
233.9163,86.1013,70.2590,176.4158
229.3580,80.1837,68.6834,181.0734
225.9898,79.9015,70.2547,177.2309
231.9334,88.3242,71.3780,174.9294
233.1025,81.8798,69.9430,177.8755
231.2670,83.8987,69.6663,172.7555
228.8162,78.2316,73.5979,177.5944
231.8697,79.5801,70.1270,171.6610
229.6525,76.6926,72.8035,170.1575
228.5354,81.0787,74.8015,172.4276
228.5494,80.2759,75.4470,172.5332
223.8778,75.9620,80.1478,170.9093
220.4590,74.9614,83.1203,167.3196
220.8191,72.7342,79.4137,165.2902
219.7691,69.0889,76.8720,166.0266
220.0231,67.4508,73.7344,166.2614
217.0608,61.0109,74.2925,172.1569
213.5636,59.1870,75.6630,177.2392
208.0747,54.7239,78.2351,178.5051
212.1655,59.5734,74.5145,173.9166
209.8217,58.0765,78.8142,172.7525
207.9501,55.1541,79.3034,176.9742
207.7299,52.9895,80.8080,177.5175
210.3649,56.6301,80.7629,180.6506
210.7322,59.9420,78.4358,179.9035
211.9666,59.0623,74.2736,178.0329
209.8933,56.4372,73.1388,179.4302
209.4041,56.4280,77.4977,176.9169
207.2426,48.2445,75.8916,178.6492
211.5522,49.2287,74.2669,175.9636
211.0468,48.0386,73.3560,169.9571
210.4405,45.8858,72.9149,165.0672
212.3442,43.7672,71.0399,163.1844
211.9919,43.9365,71.3908,163.3789
211.2271,41.8037,72.2305,162.3503
210.8618,41.4247,70.1932,160.3351
210.0253,40.8111,69.5037,157.6855
209.6693,39.8161,68.3430,157.0295
209.1984,39.0902,67.7999,161.0260
206.1149,38.5225,68.1746,158.5169
204.4514,36.2625,70.1916,167.6427
203.3177,35.5418,72.3748,169.9922
200.3052,31.9918,73.9278,173.3870
200.7071,29.9983,75.2230,176.3335
201.1028,30.3826,72.2667,170.7405
200.2107,27.5127,73.4475,173.1152
196.7472,27.0816,71.9145,170.3762
197.4809,22.6797,74.9249,176.9935
196.5244,19.6670,73.3897,176.4478
195.1121,25.0176,70.9672,169.2787
196.8170,22.4404,73.0402,175.3450
196.5572,11.6657,72.2907,176.6257
198.8870,14.7275,71.7237,176.0496
202.9955,18.7756,64.5963,161.4084
201.5785,19.3221,66.4130,157.4940
198.3491,17.9446,67.0243,157.3122
200.7645,13.1492,67.7107,159.8136
196.7911,15.9812,69.4700,164.4590
195.8099,5.1007,70.9164,170.1810
191.9621,7.8079,69.4703,170.6322
196.2846,7.7496,67.1105,170.5249
193.5118,3.2371,66.5690,172.3959
198.3188,12.6527,64.3381,165.1045
198.5625,9.8306,66.9453,164.9280
197.5374,12.9289,68.5920,167.2348
198.2984,8.2874,68.5123,165.3696
198.5994,16.0606,69.6983,164.3020
199.7918,14.8904,70.1130,163.7200
199.3609,19.0649,69.9914,161.5694
201.4507,18.4643,67.2656,157.6077
202.3339,22.8582,68.7889,153.2298
203.3292,19.8386,67.7798,155.8613
203.0437,17.8903,65.1121,156.7266
205.1663,16.8929,61.0875,156.6986
205.6604,18.1030,61.4949,155.2480
205.6649,19.3818,64.5278,154.7243
208.3364,18.7037,63.0436,144.2813
207.8756,17.2651,62.5256,150.2856
206.9122,20.1702,62.6626,148.2604
207.5356,19.9914,60.8340,146.1468
212.3407,23.3551,57.5508,137.6174
211.6748,22.0815,60.1740,143.2021
210.6015,23.1574,57.5956,148.1863
214.8295,29.4327,53.0693,140.7635
213.9892,33.5873,54.8102,142.2773
215.3617,36.5056,53.6719,141.7307
221.1133,40.7075,54.4351,150.1774
222.7317,43.9844,50.7720,141.8862
223.7458,46.5701,50.8023,141.1920
220.1090,47.8556,52.9062,140.4120
221.8737,49.0008,53.6128,140.4855
226.5258,51.2628,53.3361,140.9831
222.2394,48.4186,53.2951,141.3687
229.1482,53.3141,52.4387,144.0820
224.7718,49.4724,55.5122,144.9781
225.9560,50.3490,55.9837,144.5755
226.3508,48.5057,60.0407,142.4604
228.6234,44.6263,61.1548,144.7592
228.8260,37.0865,59.2199,149.6355
227.9852,35.5784,63.8669,151.5387
225.8327,35.4011,65.1947,153.2949
228.1855,31.2930,61.5775,154.3346
238.3139,42.8274,56.2308,146.4913
240.6167,42.3691,58.4581,144.3061
239.8655,39.4650,62.7257,148.0044
247.4704,43.7532,58.6274,143.8137
248.5073,39.7842,57.3439,144.6744
247.0495,38.0278,57.4646,152.7194
249.4249,35.7257,59.7307,154.0760
250.6499,26.2518,56.5050,166.4615
252.7330,21.7857,57.8500,167.1228
252.0828,23.3758,59.1895,170.7168
257.8653,18.9064,57.4710,166.8772
257.9721,16.8950,57.1931,170.2373
257.7305,10.2480,59.2190,177.3522
256.0368,25.9014,64.4978,163.7923
258.4146,28.3547,66.2213,161.8755
258.0080,25.4929,67.5660,160.1682
260.5755,26.8378,65.0931,159.0077
261.4198,23.0687,61.4270,158.4505
269.8831,26.2353,57.2821,151.2029
274.4581,25.1753,54.1068,150.6600
273.6686,22.9625,57.4169,150.5780
274.6841,32.9570,55.2501,142.2528
274.8285,32.1908,63.1868,154.7974
275.6732,32.8858,56.5318,146.6767
278.4829,31.5408,55.9922,146.3505
280.7356,31.6411,56.9465,144.8186
282.1830,33.9982,54.5225,145.8360
286.8266,28.9762,56.5961,151.9254
289.5874,24.2594,53.3133,153.0180
292.0272,25.1488,51.2390,155.1595
294.1433,29.7874,52.7578,153.0000
295.6967,34.6102,55.1397,150.0985
296.3997,26.3747,59.2291,160.1134
297.5247,21.6734,61.0779,166.0359
297.5904,23.7545,59.6526,163.6000
298.3502,23.7921,60.5383,163.6653
295.5653,21.7871,59.0890,165.8416
302.2235,29.1669,59.5303,158.7951
300.0888,24.6583,58.7820,163.6502
303.6308,24.9108,60.3764,160.6974
300.0471,13.1514,59.2121,164.6765
302.7462,32.4969,58.2609,152.8829
306.1599,32.6769,56.9174,147.9148
304.6910,35.6441,57.4025,148.0757
306.2006,37.7036,55.0230,142.5475
305.2686,40.2950,52.3879,136.4117
310.6198,43.3294,52.5457,136.9376
308.1857,33.9625,55.0315,145.2667
307.2307,30.4797,58.6186,147.7533
308.7766,28.0542,57.4681,145.0609
308.4590,26.9654,59.0764,148.7014
311.6379,30.9640,61.2567,147.4112
312.7749,21.2253,57.8027,154.4449
313.0008,24.2187,59.8683,156.7917
309.5780,15.7285,60.5897,167.0663
311.9227,20.5494,59.9418,164.9494
309.3547,21.8657,62.2074,166.6162
310.2815,21.3007,62.0668,168.1245
310.3903,23.0900,63.4221,166.6540
310.1688,22.3403,64.4545,166.7378
312.3263,25.7976,62.9475,163.4630
312.8582,18.2414,65.0109,169.0987
311.8645,17.4184,66.6298,169.2513
314.4390,13.5186,66.5855,172.2957
315.8276,11.8212,66.3641,177.2672
318.7641,11.9997,68.5670,174.8083
321.8527,15.2402,67.9054,169.5517
326.4859,14.0543,64.8263,172.9778
327.0690,22.2161,64.8436,161.4361
328.7535,26.6931,64.9303,157.3493
331.8520,25.2267,64.2538,160.0540
335.6265,23.9416,59.2578,156.1844
337.1130,27.2992,59.3439,158.1750
338.9251,30.7842,56.7614,147.1422
339.0242,30.7049,56.2270,143.4308
340.5480,29.4756,56.0810,143.7640
342.3260,31.1739,54.8831,143.7408
341.8805,27.6354,54.5205,148.8488
340.8373,24.9991,56.2626,149.5310
341.4823,28.0994,54.3985,144.1133
341.6243,28.4089,55.3080,148.5858
340.3754,27.9819,56.4728,150.8989
340.4738,33.2495,55.1822,140.6677
343.0898,45.5692,53.6501,127.7987
345.3441,49.0872,52.5032,127.2331
348.0654,43.3369,49.2952,123.8401
349.0986,37.9602,50.6789,132.6944
349.4648,36.4188,51.8178,132.1626
349.6404,35.7156,53.7313,133.0863
351.7657,31.1674,50.4093,132.7447
351.2531,28.4302,52.3043,139.5660
349.2009,22.5987,50.3795,134.3399
350.6823,24.6938,51.0635,138.1536
349.9720,24.8251,51.0479,137.1483
350.1599,23.2471,52.6727,134.8405
353.2393,22.4277,49.5134,133.4372
354.2807,21.1241,47.7779,134.3021
353.5635,20.4791,47.6538,136.0657
353.1440,19.7254,48.5859,134.5570
355.0335,20.3361,46.6394,131.4855
355.7546,21.3980,45.9301,129.4754
355.8482,22.1942,45.2632,128.4283
356.0059,24.0043,46.1975,129.4078
354.3009,21.7579,46.9049,133.2865
355.7366,23.2207,48.4627,133.0890
354.9196,22.8871,47.7892,134.2292
356.1492,23.8236,47.1107,131.7463
356.4380,24.7268,47.9547,130.8724
353.3604,24.2812,49.2104,132.8274
353.4273,24.3683,48.4612,132.0701
354.1772,26.2956,48.0261,128.9650
353.6289,26.4785,49.0105,131.5476
353.0939,23.3517,50.0050,133.7426
353.2034,20.8739,50.7215,138.5269
353.6530,20.4673,51.0765,138.0423
354.7543,19.5531,48.6507,141.4980
355.4865,23.5834,49.3059,138.3250
353.2558,20.3395,52.0140,143.6263
354.6512,25.1770,52.3011,139.5199
354.8029,16.5795,53.0052,149.1639
353.7358,23.3501,53.5561,139.2006
352.2743,20.8850,54.6410,142.1670
351.2769,20.8135,57.2238,142.8936
352.3994,22.5805,56.1185,139.3289
353.3259,23.9598,55.2915,136.8221
353.8532,26.0429,54.3976,134.7047
355.6327,24.4212,51.5698,133.2899
357.0042,26.5903,52.7878,135.4750
359.1203,23.9083,50.7431,133.0352
355.1274,27.7770,51.6967,135.5925
357.3402,23.3539,50.5174,137.3450
357.5296,20.6819,50.3848,141.7058
358.3032,23.6751,49.9359,140.6510
356.9155,21.2224,51.1567,141.8527
357.2491,19.1478,51.4584,144.4306
357.1799,19.4802,52.6576,144.1742
354.3763,21.1259,53.5134,143.2894
356.3732,20.7538,50.5489,145.9312
356.8186,24.4220,49.9126,139.4163
356.1653,32.6266,47.9107,134.5285
355.6522,33.6944,46.0190,132.0930
356.7804,36.0453,45.8939,131.8971
352.3249,36.3944,43.7290,129.4213
351.2422,40.3052,44.9335,126.2305
351.6511,40.7919,45.1583,125.6832
353.5300,41.2412,43.9093,124.5014
350.5668,40.3465,43.8624,124.9375
349.2031,40.0201,42.3927,124.7397
347.5262,37.7793,44.3329,128.7884
347.0675,39.0303,43.8141,128.2082
343.8926,39.3640,43.8866,128.5936
340.5862,38.0968,42.5210,127.6573
338.6619,40.6978,40.5609,126.4818
337.4183,33.0886,43.4390,132.6869
334.5690,36.2747,42.1851,130.3403
333.9550,36.5460,43.4834,128.9948
333.5106,36.8674,41.4057,127.0253
330.2645,36.7747,41.9902,126.5925
327.1600,34.0016,43.9262,127.9348
324.7964,36.8374,43.6220,124.6362
325.1772,33.4320,42.3852,122.7802
324.3987,35.6318,40.6081,121.3186
324.3201,33.9580,40.5450,123.4350
322.0370,33.3288,41.9613,124.8352
319.6074,34.0187,40.8920,123.1267
317.5229,31.4536,40.7709,124.2774
318.0585,35.0676,38.7560,120.0563
315.7061,29.8737,40.2974,123.1762
314.1531,34.1648,40.5392,121.3533
314.0696,33.2908,39.8473,121.6655
311.4275,34.7906,41.6519,120.1132
309.9482,37.6487,39.9949,116.0374
307.3513,34.4373,43.1944,121.1844
307.1405,35.9858,41.9151,118.6713
303.8813,36.3570,42.4457,117.5445
303.0551,36.5351,42.2180,116.6902
300.1205,35.7512,43.2196,116.9539
299.9279,37.8339,41.3852,114.3698
300.2460,35.0557,43.4156,115.8607
299.7431,38.2313,40.3179,113.5832
296.8904,34.4704,41.4691,115.7245
298.0920,40.3275,37.9914,111.4050
295.9907,38.4567,39.2024,114.7648
295.1487,37.4845,38.4556,116.2632
293.5623,35.9710,37.4543,116.5547
293.7007,40.3224,36.3728,109.6273
289.0067,38.1731,40.1882,114.7575
289.0223,39.9805,38.4197,112.6357
286.1762,39.8065,41.5271,114.6322
284.7813,40.2651,41.7365,116.8074
282.9300,40.0201,40.7962,117.9516
279.5567,39.8582,42.2901,121.3688
278.4144,40.8613,41.7349,119.4112
277.2663,41.0400,43.2673,121.0182
274.2339,38.6495,46.2789,123.8831
275.1602,39.0567,46.6403,124.2229
273.3409,39.5606,47.5821,128.4674
275.7396,41.0572,45.7411,122.3206
275.2706,41.5670,47.6977,125.0892
275.1868,45.6513,47.8787,124.2269
274.3031,45.4273,47.3444,123.4847
274.0546,42.0236,48.9026,129.5767
273.4561,40.4988,49.9485,129.9203
271.6106,45.4034,49.8884,125.5253
272.8502,49.9345,46.8350,122.4428
273.2867,53.8507,46.9576,117.4829
276.0659,56.7552,45.6392,115.7248
275.0463,56.9019,44.9235,118.0776
274.8706,53.6528,45.4838,121.8621
276.5251,51.9707,44.8457,119.1459
276.2465,50.9473,45.0159,122.3702
276.0651,50.7271,43.7150,121.7742
276.4630,57.4538,42.0953,116.5678
277.9313,51.9391,41.3070,119.6118
277.3424,56.2646,39.0028,115.9924
277.9453,51.5668,39.2562,116.8043
277.3936,53.5513,39.4015,118.9398
278.1879,50.2857,40.0266,121.2111
277.5115,51.2609,41.8242,120.0038
276.9171,51.0910,42.3134,117.3943
278.5065,53.3570,42.5702,114.6087
280.0563,46.7422,43.2684,121.2664
278.0161,51.9091,44.0873,118.9249
279.8179,49.5587,45.9750,117.6657
281.3226,54.5244,46.1544,115.8683
285.0311,51.4874,45.4596,116.3423
288.3851,56.4126,44.4318,112.4736
290.3442,54.0456,43.8562,116.5796
294.0299,53.3288,41.2556,115.0004
295.5894,51.3205,41.7256,118.0972
298.0937,45.8504,41.5016,123.7634
300.3597,53.1070,40.8508,114.8368
303.3461,48.1844,41.3412,119.0478
303.8602,47.2052,41.3946,119.7864
305.8957,48.8350,41.6794,117.5720
307.9615,48.1308,40.9725,117.9457
309.5710,45.8204,43.1110,119.6601
310.2022,42.3310,42.9778,124.3409
311.9542,38.6204,47.1135,125.1467
317.7036,42.2950,43.9384,122.9907
315.8345,45.7440,45.2901,118.7330
316.3103,46.1371,44.1771,117.3457
318.3027,45.6488,45.6146,119.9631
318.4833,45.8470,47.4810,122.5172
320.3537,44.4920,45.6291,119.1859
324.1625,42.8644,44.6365,121.1725
325.0015,41.2681,45.1503,125.1794
326.4690,42.8724,43.3358,120.6763
324.0995,36.5416,45.8599,126.9218
324.9434,41.8094,43.8487,119.7986
327.1602,44.3086,43.5685,121.7116
327.4520,45.1913,42.6522,118.3100
329.2071,50.6150,42.7204,113.3670
327.3315,52.6551,42.9199,110.2267
330.7864,54.9699,41.2510,109.4244
332.0130,57.2072,37.2413,106.4458
331.5346,57.4134,37.0143,106.9051
334.2324,60.7203,34.8470,101.1254
335.6521,60.6079,35.5675,101.0040
337.2132,60.0898,34.6985,99.5005
338.5905,59.1055,34.2969,98.9163
338.7185,55.3934,35.6469,106.8299
338.3259,55.6408,37.3976,107.3491
341.0038,53.0535,36.3184,109.5960
341.2709,50.5832,37.1713,109.4404
340.5605,49.2452,38.2947,113.5459
344.8545,51.7386,37.0381,106.9389
348.4468,57.5312,36.4971,102.9943
351.3684,61.3397,35.2704,100.8978
354.4028,60.4429,34.9441,102.8122
358.4344,59.3688,34.6136,102.2612
360.8092,60.7105,35.4821,103.0621
363.1195,61.6225,35.3641,102.4887
366.6685,59.8694,34.1653,102.7459
371.0545,62.1836,33.9983,103.1777
371.2949,57.3820,34.4442,107.3117
374.4908,56.8571,34.2188,106.1048
376.1662,57.8831,33.1678,106.2755
379.7562,61.2079,33.6637,104.0923
382.8312,62.2803,33.1173,101.6689
386.1932,62.7818,32.2176,100.3163
390.3416,63.1235,33.2443,101.3542
391.0484,63.8597,35.5749,103.8310
392.4595,61.9631,35.1135,106.4986
391.9722,62.0268,34.9786,106.4597
393.3414,59.2173,35.7392,107.2761
393.0783,61.9893,36.6586,105.2970
393.3481,60.2005,37.7967,107.1272
393.6479,62.0217,37.5636,104.5804
395.0328,62.2959,35.8260,104.2458
393.4940,64.7003,37.8152,105.4124
393.5862,66.0750,37.9034,105.5226
393.5791,65.7924,34.9107,104.3999
393.9452,64.4586,34.1443,106.0137
391.6134,66.2722,35.5733,105.0943
390.1771,67.7059,35.4049,104.3894
388.9398,65.0877,35.8647,104.9441
387.7943,67.1675,32.2078,103.5939
387.4529,68.1156,34.9012,102.3595
384.6617,70.7070,35.8028,103.8797
383.0896,71.6927,37.8434,103.5182
380.7375,70.9740,40.7772,103.7361
378.5965,72.2364,43.3148,104.1573
383.8363,73.1524,41.4051,103.2026
378.1323,76.2825,46.9009,104.9690
385.3478,76.8159,42.2434,102.7739
386.5511,78.5773,38.6625,104.6084
385.4916,78.0950,39.2294,107.0353
385.3954,78.0082,40.8440,110.2459
385.6686,79.6304,40.1155,109.5471
383.1173,78.9885,40.6056,111.9496
381.9079,83.7862,41.9575,107.9166
379.4106,74.5344,43.8588,117.5113
379.1538,79.0184,44.2554,113.4613
377.9131,82.4990,44.8078,113.3548
376.1276,84.4194,45.1211,113.4490
376.4836,83.0125,43.7176,113.1766
375.3594,84.6951,43.4856,110.2596
375.0178,82.7347,42.0567,110.8604
375.9355,78.2504,40.8652,115.4877
371.6699,78.0318,43.0759,116.3566
375.5617,86.2312,41.1219,113.1235
378.5858,93.7948,38.9262,104.1000
379.3626,91.6823,38.8570,107.9942
381.5273,99.0076,38.3696,100.2563
379.8836,92.3074,39.2484,107.9388
379.7381,97.5675,39.2619,104.8193
380.5221,86.8853,40.2127,115.7654
378.1689,82.0748,41.7016,120.8436
380.9075,94.7625,40.5169,109.2494
379.5590,102.4728,39.7142,100.0953
381.4229,103.3981,37.0098,97.9133
381.5294,104.8178,35.5245,96.3252
379.0287,101.0781,36.7345,100.2406
378.6628,100.7541,37.6949,100.8263
379.6109,105.4240,36.1726,95.8378
378.9855,110.0784,35.1210,95.1385
376.5445,105.0637,37.6630,101.7973
371.8136,100.7978,39.2247,110.7324
367.7132,92.4674,41.8347,119.0152
367.8727,98.7848,41.6585,117.0744
369.2931,109.8421,39.1638,107.1280
367.4074,116.1601,38.2964,102.3640
367.4682,116.9855,37.4596,102.2453
359.6709,116.0295,41.5197,103.1326
362.1696,124.7281,38.0300,97.7161
365.2852,128.4529,38.4578,95.4685
369.7915,133.9312,33.1715,91.0497
371.1791,138.3887,32.7615,89.6255
371.0157,135.4681,33.9631,90.7551
371.0349,135.0957,35.4268,94.0940
369.4703,136.5867,34.8787,93.9577
368.7874,136.5359,36.3964,93.6272
362.0557,138.4599,38.4069,95.3109
360.4363,136.4786,38.4004,92.9498
358.6274,139.5573,40.4747,93.0921
356.4534,138.9241,41.6372,96.2851
352.6080,133.3880,43.1806,97.8833
355.6420,137.1663,41.1716,97.8908
352.0293,132.0897,42.4817,98.9506
352.8625,134.2795,40.8897,99.8921
351.5654,127.7711,41.4665,102.8520
352.7778,133.4702,38.5142,93.4267
352.7342,133.1796,39.0241,97.1423
352.9689,127.5160,38.2223,99.4184
347.7369,114.6426,42.8327,109.2767
349.7314,115.0212,39.1704,107.0413
349.2340,115.7082,41.4306,112.3621
347.8592,112.2482,41.5183,117.1789
347.8984,117.8987,39.0090,110.6904
347.2682,101.7359,43.7486,125.8590
345.7132,101.1672,44.9406,128.1987
346.8432,98.8197,46.6019,133.9149
348.3923,97.0856,45.4523,136.6071
349.2261,93.0676,46.8851,142.9144
349.3047,92.7112,47.7100,138.4256
353.6666,93.4256,44.2070,137.5546
354.2991,97.7282,43.8165,136.2569
354.3773,104.6540,44.5810,132.1983
354.2167,105.8260,46.6963,136.6287
353.7952,100.7841,48.2836,146.0569
357.0006,114.5433,46.7703,130.7878
361.0701,118.2834,44.3364,129.2441
361.2807,120.4094,45.5227,126.6201
362.0193,124.2223,46.2519,125.7168
359.3298,111.3067,49.4956,141.0591
361.3235,114.5570,47.4547,133.3875
359.8214,116.9549,50.1627,133.0586
359.7631,122.0193,51.6511,129.9624
361.8283,125.4023,51.4924,130.4741
362.3362,121.3764,49.2474,129.4472
363.0930,126.5555,50.7947,127.5058
366.7947,125.9797,49.4965,124.7558
365.2132,124.2761,51.6682,130.2070
365.9676,119.5732,51.9846,133.8902
373.1483,125.2005,48.9019,131.3007
372.1133,124.6737,49.9421,132.2768
381.0575,126.8597,47.3420,128.8915
381.5252,126.2504,49.8913,131.3546
381.4112,125.3884,52.3866,134.9617
381.6523,123.9871,53.1391,138.1792
380.5308,120.9208,53.5224,140.0995
379.1258,115.0687,55.5323,144.0915
382.5732,113.8947,57.1877,148.6872
382.3778,114.2951,55.4435,150.7236
379.7599,113.9511,58.8817,154.8829
382.4564,111.4712,58.1612,157.4978
377.6613,110.5855,60.1302,157.6785
379.0484,102.1747,59.3115,163.1886
376.9771,108.1994,59.8311,156.3954
374.0801,91.6981,60.1071,168.0692
372.1873,92.6475,61.7561,170.8362
373.6080,95.1963,60.2905,167.9755
373.7844,103.3586,61.7884,161.3917
372.4125,96.0885,60.5868,163.5600
371.0290,100.0139,62.4772,163.3214
373.0309,88.9833,63.3053,174.1868
370.0989,97.1214,64.0297,166.3573
369.0936,99.2586,64.1968,168.3158
374.9875,90.7603,61.4359,164.6806
373.9100,101.0063,59.9194,159.7223
379.3604,99.3186,58.7784,157.7381
371.4534,90.5485,61.4509,156.7194
374.2625,91.7160,64.9389,168.8294
379.7872,95.0830,64.8187,161.0794
380.6506,97.2596,62.7757,161.9764
384.1066,98.3595,63.1231,160.0706
376.9244,91.0773,63.8283,161.9147
381.8171,102.0012,62.3255,164.2809
390.1417,102.7369,57.8630,156.1837
377.7823,93.6696,63.1145,168.8516
373.3206,80.9414,68.0002,182.6950
376.0607,86.0974,72.1027,178.4472
377.5195,82.4953,70.6819,178.6094
378.3813,86.3707,67.4546,171.0983
377.7872,87.6177,66.3615,175.4586
381.9250,88.2740,66.1920,167.5443
384.2547,83.8359,65.6283,178.5232
382.6928,81.4757,73.2276,185.6519
382.1175,77.6267,72.8863,191.9001
386.9008,89.1187,72.3298,179.7701
396.5821,93.3133,66.0289,169.4198
390.3380,94.2383,68.7442,173.7456
393.0579,94.3619,65.5785,165.6649
400.2563,101.0795,65.9230,167.3046
396.9993,94.9707,65.5627,175.4014
399.4034,98.1762,66.9230,167.9978
394.2109,84.7954,64.0301,173.8297
405.5387,97.1878,63.8493,168.8844
407.9371,88.9717,61.7638,174.7389
403.5790,73.1898,62.0247,177.3827
409.6675,76.0563,65.0778,178.0055
407.8939,72.8002,63.4695,179.0717
403.0664,51.8364,68.0562,202.0017
400.6057,58.2630,67.4949,195.8947
409.4800,80.2475,61.9950,182.4494
407.1956,69.9310,67.0174,195.9891
406.8766,60.7038,65.4793,207.6383
402.7448,63.8897,64.4797,209.4069
403.2679,57.3386,69.0658,221.0561
405.1201,62.5945,69.6372,224.1359
405.2894,61.5248,67.6898,227.5846
404.5487,52.5968,72.1066,235.5545
402.9027,58.9002,75.7765,230.4387
400.9208,59.7130,77.1067,230.0444
401.8374,61.1111,80.2049,232.2013
404.1118,60.1616,78.4452,233.9808
406.5927,61.4313,75.4006,231.2333
406.9953,64.4863,77.9619,232.8497
409.5489,63.8696,76.5421,230.5852
410.0478,64.9119,76.7275,229.4797
410.7477,63.4442,75.9875,228.3833
407.7715,61.9950,75.5954,227.0799
405.3232,60.8317,75.9884,226.0071
414.6613,55.4053,74.0468,227.9810
411.2100,57.9117,79.3191,222.0334
413.7039,60.1306,79.2285,225.4097
415.4460,63.0248,79.4845,220.6818
415.8118,62.7913,80.4138,221.0560
418.7276,65.3903,76.6508,215.7468
418.9791,71.5886,76.4783,221.1208
417.3297,91.5119,74.1527,202.6685
419.4709,83.0453,75.0785,209.1994
419.3278,94.0821,71.7763,196.6749
418.6626,87.5890,69.9907,203.7559
418.9998,89.7854,73.2228,204.5357
418.2066,96.3421,71.2742,197.3462
417.8475,99.3540,69.3093,196.7642
417.9983,113.9809,65.2556,179.1780
417.1744,115.5825,64.7656,175.1710
418.3368,115.3044,65.9836,176.2190
416.9078,117.5260,62.7345,173.0950
417.3105,120.6652,65.1102,175.1585
415.7305,122.8093,62.4542,170.3100
416.9546,126.0024,58.8881,169.9835
415.3956,125.6508,59.2419,174.3971
412.5843,123.4366,60.7243,168.5989
412.3957,126.7563,58.8686,162.6146
411.7758,120.3906,61.1121,163.2543
408.4710,122.3515,58.6763,165.9737
406.3137,113.5564,61.1027,171.5609
399.2267,118.3731,65.6479,172.8432
400.2704,121.3076,56.3940,163.4977
398.3707,118.7924,58.9468,164.9269
397.6477,117.2603,57.2281,162.2400
397.0418,113.9035,55.0964,163.8584
395.0000,110.2003,56.4203,165.7653
395.6947,105.3267,55.1981,165.2098
395.0223,105.3130,55.5003,165.8895
395.5776,103.5360,56.6387,164.3003
397.5732,100.5201,57.4329,160.4680
398.1548,94.2091,58.1410,158.3340
391.1576,90.0689,61.3998,161.0770
405.1521,87.9671,54.3201,163.5878
404.6181,89.5884,56.5422,171.4154
404.2439,85.9478,58.8968,168.3833
404.9998,81.4101,57.3269,166.2474
406.7919,84.2119,55.7373,165.2632
406.4050,80.8586,55.7129,164.6049
405.9028,82.4067,55.5304,164.9950
404.6907,84.0917,56.1707,164.5290
404.7883,79.1167,56.8719,167.3163
404.5870,80.1307,56.9364,163.2778
403.0280,83.2929,56.9730,163.5990
404.9634,81.2924,57.4685,162.6883
404.5132,78.3324,54.8662,163.6818
403.8388,79.9929,56.5845,165.3406
406.6888,78.0716,54.1103,162.8138
404.2302,79.0079,54.4721,161.9167
404.6562,79.1353,56.6924,163.7827
403.7834,79.3995,56.9915,160.4727
403.9210,78.2551,57.1407,163.4641
405.7481,76.3783,58.0825,164.7712
407.6472,76.3246,56.5422,164.7401
407.8664,76.3190,57.9015,166.1988
408.1754,75.6006,59.1477,167.5494
406.7722,75.8502,60.9142,167.7677
409.0681,74.5601,59.0943,166.2036
409.0651,79.6414,59.7259,165.2057
410.3684,78.9493,57.5725,163.4516
410.6906,80.5066,58.5183,164.1262
410.1505,82.7823,58.7567,163.8231
409.3059,85.9088,58.4081,161.9734
413.4153,87.4425,56.3329,163.7198
414.2557,85.3092,56.9715,162.0359
411.7267,91.2010,58.5136,158.7354
415.9597,86.8897,55.9207,160.7862
412.8578,92.2465,57.5560,158.8321
414.4131,87.1627,59.6049,163.1429
413.9847,92.0604,56.1086,159.4670
412.4463,96.7661,59.3819,162.8920
414.5844,97.7548,57.3955,161.3293
415.3280,102.1734,58.8265,162.1948
415.8164,102.5030,56.6125,160.1841
413.6807,107.1336,58.6596,160.2655
413.5249,108.7059,58.9936,160.5013
413.9070,112.0348,57.0425,158.8965
414.0503,112.7101,60.1070,160.7246
411.2444,115.0732,58.7371,161.5968
409.9856,117.6531,59.1434,159.7517
410.8909,121.4600,59.1204,160.0400
411.0086,122.5113,59.0401,158.8053
408.8240,126.5395,58.5566,161.1531
408.0219,128.1325,59.2079,158.8372
409.1151,129.4041,61.3485,160.6297
408.6829,131.5863,58.2390,161.6404
410.4731,131.9639,57.5115,155.6335
411.5021,130.6377,58.5635,161.9438
410.6802,133.4099,59.2137,160.3396
413.7156,131.6785,59.1675,159.6491
410.8407,135.3033,57.6673,159.6710
412.5875,131.0511,56.8530,157.5379
408.1369,135.5069,59.3972,159.9830
412.6774,130.5314,58.9704,160.3875
409.8527,136.0188,57.9490,160.2352
412.3764,133.4349,59.3778,159.4876
414.2661,132.4234,60.3411,161.8617
412.6487,132.6918,58.9215,162.2423
411.8681,125.3782,64.5076,173.6717
412.5743,133.9740,62.1027,168.2613
412.0852,124.4908,60.4981,178.0405
414.1408,135.2879,55.9194,164.7218
416.2923,135.6017,57.0411,165.0105
418.5622,132.3309,55.2300,163.8232
420.4996,131.1469,54.7055,163.1063
421.9102,128.7435,54.9915,159.2864
417.8532,128.5144,57.3156,165.7119
416.8709,129.0293,58.4967,171.0388
414.3098,126.0950,60.6070,172.0517
418.1133,129.7608,58.3185,168.0078
419.6099,130.9559,57.9690,163.7571
418.7624,127.9359,58.2788,162.7174
417.4493,131.7780,57.9139,168.0080
417.6566,131.9111,56.1646,160.8709
416.1620,131.1247,54.7227,160.8139
417.6278,129.9305,53.8466,162.2865
416.9877,128.4151,55.5716,166.7074
417.4590,131.2410,53.4786,161.4039
413.7324,131.7663,56.2572,165.3892
414.4299,133.1287,57.4265,162.7645
414.1510,131.8540,56.0647,162.2831
413.7523,128.1722,59.1236,165.0524
412.2109,125.1325,58.4501,159.8463
410.7143,127.3450,56.3360,162.5983
409.4850,125.0666,56.0661,160.5314
406.6517,128.4664,58.5654,164.4944
410.2917,117.9950,57.4728,166.8045
404.7123,119.1438,62.4150,165.3518
404.7477,116.9072,63.8205,170.6700
405.9293,116.0782,61.2698,165.1839
403.4750,122.3776,60.7612,163.0924
405.0629,123.0665,61.1575,160.8456
405.4902,120.1367,62.4389,159.4374
405.2390,115.2331,64.6354,160.2192
405.6932,107.2021,62.5120,166.2952
405.6907,88.7673,67.9786,182.8326
404.9263,81.5834,73.0563,189.1055
404.4432,82.3067,75.3759,188.2220
405.1663,85.1663,73.5240,185.0571
403.4429,92.6904,75.1881,174.3695
402.6438,88.3885,73.0784,181.6627
400.4990,84.9582,76.0154,181.7851
399.7216,79.9006,76.2569,190.6876
398.1887,86.6849,78.2603,189.8377
396.4807,81.1641,80.1188,193.4873
396.5357,78.4289,79.6091,199.9773
396.2585,80.9636,77.5245,202.9589
393.4415,80.9388,81.5991,210.7757
391.9664,77.6218,87.6549,216.0985
392.0909,76.8945,84.9874,212.1646
390.7494,76.1046,83.2515,219.1044
391.4266,77.1230,83.5036,217.1831
392.7238,79.2083,79.5634,213.3747
393.0326,79.0256,76.2686,214.5264
393.7756,82.9947,74.5298,213.3132
395.7057,85.8132,70.4395,209.3765
396.7083,91.4091,67.4617,203.4788
397.1210,95.0160,67.3473,200.3063
397.8732,97.0011,66.9083,194.7117
397.7159,98.2817,67.5764,196.1394
397.8263,95.3269,69.4633,201.6378
396.3416,94.0589,65.5471,198.2919
397.2193,99.4457,65.0025,198.2637
392.4549,102.3922,66.9680,198.0182
391.8111,96.8982,65.0403,198.7893
388.9073,96.3565,66.7393,203.2231
386.1431,96.7760,64.4993,197.9913
388.6137,98.0697,62.6916,187.6564
388.0050,97.3798,61.1938,193.5354
386.6474,98.2267,63.0893,192.9191
389.0844,111.0119,60.6510,180.8991
384.3145,116.4774,64.0482,172.5113
384.5836,118.7097,63.0009,168.4287
378.4149,114.9814,66.7104,172.5573
384.9254,114.5060,67.2650,171.6745
382.7542,110.8148,63.9164,173.3048
378.4427,110.9545,69.4991,179.5933
377.9917,109.0338,64.9544,178.7141
383.4014,115.1524,62.6978,167.8298
381.7795,115.9858,62.0539,164.0492
380.4306,111.3536,61.6754,164.1147
379.8616,108.8506,63.3046,165.7512
382.0746,111.5307,62.1283,164.6857
382.7101,110.2332,60.1840,163.1400
378.1585,109.7837,63.8766,171.5191
375.8222,109.2265,66.6988,167.2971
376.2673,107.3491,65.7219,163.3617
372.4034,108.6197,66.3909,160.5900
367.1918,109.2862,67.3317,164.5750
366.6550,114.6657,68.9012,160.3031
363.2131,112.8569,71.2773,165.3609
364.0750,109.2377,73.0247,167.8819
362.7180,104.4774,74.0600,167.3338
356.8818,101.6584,74.7353,170.5759
353.3792,101.6240,74.8761,172.4211
354.0539,103.5277,71.6211,170.3049
356.7088,103.6718,68.7884,170.1470
356.7344,105.9329,67.9743,167.6045
354.5686,107.8930,70.1649,165.5886
354.9151,109.5195,67.9259,165.0555
350.1497,111.5056,68.6404,165.3610
347.8689,110.8055,67.5594,165.0134
345.8914,111.0414,68.0973,166.5396
346.2239,108.8501,64.0868,164.2089
343.8688,112.1776,64.7344,158.6896
344.2256,112.6505,61.6377,156.2549
342.9935,114.6098,62.7817,158.6806
342.6884,116.1086,63.1241,165.6105
345.4449,117.0756,60.4935,160.6772
349.1015,118.4250,58.4810,165.3688
353.1560,122.6705,56.6457,166.9871
351.8687,119.6945,61.0480,167.4126
361.0260,123.3699,56.7862,165.3701
361.2537,124.1248,56.7790,159.9835
356.6389,126.0013,63.3180,165.4431
356.9630,126.3083,63.4255,167.1133
359.1888,125.5584,62.2774,166.7834
359.0782,126.8573,64.2165,168.7711
359.0642,127.3467,63.4310,169.0484
356.1397,132.6385,63.5284,167.7212
356.9133,133.8442,64.7936,165.9343
357.5709,137.1155,63.9315,164.5077
354.7475,142.0534,64.9709,162.5470
360.6147,142.1691,62.7964,164.7523
364.3686,143.9320,59.7812,160.3594
362.6299,146.1128,61.9929,162.9315
365.5210,148.7589,59.5155,159.5033
367.0280,149.9242,60.2400,160.2236
369.5308,150.9960,59.7423,160.1108
371.0667,153.0496,60.4713,159.8957
373.7061,154.0999,59.5415,160.8085
376.2086,155.0876,58.7795,158.6998
380.0060,159.6979,58.2498,153.7267
382.8133,162.9789,58.4243,151.9825
385.6764,168.1000,58.1810,143.8059
388.7227,172.4764,54.6186,140.9373
389.9897,177.6331,54.4290,137.0521
392.2932,181.4043,53.8153,134.3756
391.7268,181.1866,55.2870,135.0047
392.4120,182.1062,52.0950,133.7763
390.6364,181.1885,55.2821,135.9188
388.9572,179.9389,57.5233,140.8612
386.6023,174.8793,62.7477,143.9654
384.7342,176.3153,62.8376,145.6924
386.6419,178.2391,60.9366,143.9568
386.0419,177.8871,62.1059,143.0390
382.6709,178.6362,66.2575,145.4620
383.3203,178.2897,65.3551,145.8888
380.4690,178.5633,67.1144,146.3448
381.6367,178.3786,63.5814,143.1593
379.8294,176.1973,65.1533,145.9692
376.8303,174.8464,67.5711,146.7901
374.6763,174.3199,67.7431,147.3315
374.8786,173.9911,71.4032,145.7736
370.5507,172.2341,74.4783,145.3533
368.1616,172.7598,77.6823,146.5370
369.4408,173.7162,74.7848,140.9661
368.7036,171.5616,73.9976,140.8015
368.9642,170.0084,73.5309,140.3742
368.9039,167.4944,71.1228,140.6632
368.0172,165.0509,68.8593,138.6958
364.8814,161.8166,70.7281,139.8737
364.1600,161.3761,68.9775,136.7000
363.6504,157.0540,64.6611,136.8379
364.5131,155.4857,61.8101,136.8375
365.4554,153.0264,57.1664,136.2025
366.1707,151.4322,55.3806,134.1436
368.3548,149.0994,55.5226,134.4276
367.3051,146.9604,53.4636,132.4902
367.2897,143.4321,54.0877,137.6931
367.7671,142.4455,53.3297,135.1519
367.7475,140.3895,52.8489,130.9065
366.5366,139.2018,54.4049,132.4508
367.3194,137.7548,52.8604,130.8372
368.0272,132.6773,52.4385,132.0753
367.0642,133.0312,53.6036,133.0526
373.2780,131.0913,47.8045,129.4312
375.7798,132.6336,45.6357,126.6473
377.8006,133.3690,42.1313,122.9041
376.1117,138.7584,43.6380,114.1231
372.8989,145.7144,50.0202,104.9886
362.0669,144.7748,51.2304,104.6565
364.3108,139.2476,47.6746,111.8675
367.0743,125.4164,46.8432,102.0516
370.0173,127.5518,47.0957,97.8297
367.7628,128.1850,45.9110,103.9223
366.7726,119.3370,48.0041,105.7913
366.2264,119.7632,48.5642,109.5574
367.3580,118.4977,50.2623,113.2190
367.8714,117.4554,52.1446,116.7894
361.4932,114.9113,57.6770,133.4628
360.8383,117.3045,58.0596,134.5986
363.3178,121.5952,57.9501,133.1363
361.3948,123.4685,59.7430,130.9293
364.0766,123.4512,61.6912,131.3430
361.4589,119.0471,59.1071,131.7757
355.6842,120.0098,64.8829,133.0663
351.1408,119.6897,64.8584,133.1538
352.9567,119.5073,59.7453,134.3834
352.1346,118.8395,59.8320,133.7031
348.4730,121.5405,61.1177,134.3590
350.6849,122.4495,56.4901,133.9865
349.3080,122.9654,57.5957,135.0329
349.8163,123.9301,56.4654,135.0835
349.8777,123.6663,57.1167,137.3367
350.2604,124.3371,56.5726,137.4896
348.5962,125.1677,56.3566,138.2006
349.1821,127.2900,54.5423,135.7653
348.9335,129.2399,53.8834,136.6895
347.8230,129.4739,54.8641,137.7453
347.9634,131.2291,54.9812,139.1906
346.7267,133.2693,56.2032,138.9808
345.7447,134.8125,56.4653,139.1460
344.8391,137.2900,56.5700,138.0470
343.0571,138.7765,57.4684,136.7995
343.0322,142.6386,56.5255,132.8102
342.5706,145.5955,57.0751,131.7781
342.3041,148.4290,56.7524,130.2065
343.1195,150.8156,55.5186,130.5860
342.7097,152.8615,55.4775,130.2181
343.8940,155.3475,53.8696,129.3414
343.6582,155.1368,54.5125,131.6888
344.2515,157.1091,53.7980,130.8942
342.4936,157.9074,55.4045,130.9492
343.2668,158.4572,54.6821,130.0360
342.6954,158.4969,54.7938,131.3489
342.8495,158.4019,54.3327,131.8494
341.5065,159.9512,54.4068,130.8768
342.0863,162.0932,53.1797,130.4133
342.5662,162.1301,52.1323,130.8196
341.8987,162.7043,51.7187,131.4204
340.6026,164.4440,51.8953,131.2266
339.2072,166.1950,51.3607,129.8201
337.7818,162.4651,52.0042,132.3342
337.2234,163.6133,50.8100,129.4615
336.0613,164.1955,50.6822,130.8809
335.5224,164.8150,50.6781,130.5350
334.8705,166.1954,50.8813,129.6632
333.6960,166.3483,50.9875,130.7722
332.2952,169.4825,50.4615,128.9337
329.8105,169.0529,51.1158,130.0470
328.3599,172.7320,51.3353,128.5802
325.7375,170.6808,52.6612,127.9886
324.4535,173.6073,51.5223,127.7869
322.8327,172.6071,53.2177,128.6039
321.6133,175.5266,53.7601,126.6458
319.8753,175.1931,53.5795,126.7987
318.5483,175.2614,52.0703,125.8419
317.4182,177.9275,52.2442,125.9481
315.8104,179.2862,51.3563,124.5888
314.1895,180.7148,51.5297,126.1980
312.8997,182.4722,51.2397,124.8697
310.7744,183.0372,50.6497,122.3890
307.7008,183.7674,52.2599,123.3924
306.1784,181.8071,52.4413,125.1629
304.3636,183.1584,52.2959,123.2093
302.3961,185.0929,51.4074,122.7894
299.8428,185.4063,52.3508,123.6282
297.6328,187.5118,52.9597,121.9544
295.5873,188.4892,52.9420,122.3199
293.7101,186.0878,52.2327,124.0410
291.0175,185.5554,52.5995,123.5572
289.1595,185.7799,51.9997,123.0332
286.1663,186.4056,51.9359,123.1149
284.8604,184.8424,51.5143,123.1531
282.4918,185.9014,50.9137,122.7647
280.3472,186.6458,51.2292,122.4385
277.2757,186.3690,51.4719,123.2295
273.9058,187.3810,51.3986,123.7681
272.2412,186.4531,50.8492,123.4044
270.2224,187.5950,49.8517,122.0429
267.6204,186.4320,51.4363,122.8645
267.0457,187.8595,48.9612,121.1606
262.5727,190.2066,50.2068,120.9126
262.9237,189.7830,47.6940,119.1928
259.9827,191.5393,48.1495,117.7693
257.9019,192.8145,48.0480,118.8086
254.3665,192.6921,48.3645,118.1161
252.2837,193.4993,47.7653,117.6394
250.1409,194.0002,46.5837,117.4320
247.1195,194.9006,47.7272,116.7074
244.4988,194.6221,48.9212,116.9460
241.4162,195.0057,48.8840,117.8025
240.1195,195.7710,48.2007,117.6965
236.7286,195.8916,49.8318,117.8394
234.4863,196.6742,47.8237,118.5105
232.7042,196.4978,48.0841,118.0483
228.7331,194.6298,49.5661,119.6806
224.5589,195.2835,51.2502,118.8662
222.2001,196.4651,51.1476,116.7147
221.9324,196.6313,48.9385,116.1352
